==============================
W1_Energy_1
W2->P1
[[0.7099078935396618, 0.3635952514737854, 0.688234848535529, -0.811016516637527, -1.1613988331819638, -0.7708788187977876, 1.2002864410654641, 0.4874171573509929, 1.1594163158743724, -0.43674961500218235, -0.7634519808422692, -0.41486600191219025, 0.6304851651153166, 0.15207413955889706, 0.6034150301189747, -0.16335201589701537, -0.20708607956293412, -0.16082575301859028, 0.32200426648951014, -0.15172967730693201, 0.3197032281272982]]
W2->P2
[[0.4082645115010866, -0.37343730467379976, 0.36865436053423145, -0.9930496618718667, 0.8997225300507251, -0.891893508831182, 0.6309222273065825, -0.5782038023343681, 0.5695809337540693, -0.6091412935243252, 0.5516018793438578, -0.5468546598119391, 0.271294502225938, -0.2501142123610185, 0.2452359694498994, -0.19087144128718042, 0.17262543529112848, -0.1712464331800553, 0.045015357910496226, -0.04236428705172466, 0.04094021342267536]]
==============================
W1_Frequencies_1
W2->P1
[[-1313.4600171059978, 1049.6448747741917, -1299.189273988328, 2391.1243177282654, -1900.2115192666226, 2364.2115288792834, -2067.0574469189596, 1643.3984326931961, -2042.6551763638606, 1450.9659893412174, -1158.998112275355, 1434.2047915641456, -989.0235171637166, 781.7405266800624, -976.7788507060401, 448.30772743537517, -362.44644610147867, 443.36263083389633, -217.4260655272183, 167.88900087498658, -214.23989270858098]]
W2->P2
[[-418.12279792732795, 523.5539510826542, -320.93097013291765, 804.339465355564, -1007.2671095462618, 617.5633478248019, -665.7941976123584, 833.7746409747298, -510.9456811254288, 485.488321786821, -607.9452873046899, 372.736556247634, -319.45489128302154, 400.0069837494997, -245.09542310914566, 146.5341779083199, -183.4527184378443, 112.51949944567912, -72.79726401245728, 91.11790577544146, -55.834089894620696]]
