==============================
P8_Energy_1
R->P8
[[0.0, 0.0, 0.0, 0.0, 0.0, 0.0, 0.0, 0.0, 0.0, 0.0, 0.0, 0.0, 0.0, 0.0, 0.0]]
==============================
P8_Frequencies_1
R->P8
[[0.0, 0.0, 0.0, 0.0, 0.0, 0.0, 0.0, 0.0, 0.0, 0.0, 0.0, 0.0, 0.0, 0.0, 0.0]]
==============================
R_Frequencies_1
R->P8
[[0.03203353597056325, 0.0606165810012337, 0.051306774893323095, 0.03875355081917301, 0.025991925700391078, 0.015325437600935, 0.007785531436617799, 0.003253655890914543, 0.000973860261681317, 6.550238692965235e-05, -0.0001688426177570204, -0.00015188629429962048, -8.518274308325693e-05, -3.4094540823012475e-05, -8.841370677707047e-06]]
==============================
B1_VariationalHinderRotor_1
R->P8
[[0.0, 0.0, 0.0, 0.0, 0.0, 0.0, 0.0, 0.0, 0.0, 0.0, 0.0, 0.0, 0.0, 0.0, 0.0]]
==============================
B1_VariationalFrequencies_1
R->P8
[[-1.1536118039300807, -1.2396453309993298, -0.5646157276977676, -0.2544821969941449, -0.11210787649440708, -0.047706204237791594, -0.018885945705191316, -0.006259559779381867, -0.0012411698264106585, 0.0003052987498366148, 0.0004941889169811295, 0.0003219809069017203, 0.00014391003150792078, 4.7739575737183485e-05, 5.9730591512771265e-06]]
==============================
P8_SymmetryFactor_1
R->P8
[[0.0, 0.0, 0.0, 0.0, 0.0, 0.0, 0.0, 0.0, 0.0, 0.0, 0.0, 0.0, 0.0, 0.0, 0.0]]
==============================
B1_VariationalEnergy_1
R->P8
[[-0.0016246045471046907, 0.0014996336366392942, 8.808578193572106e-09, -8.29866874611422e-09, 1.517665193671702e-08, -7.94526761387862e-09, 1.2036259700173684e-08, 2.6824205346447594e-09, -6.892506922716253e-09, 8.321534498418284e-09, -7.857689442954634e-09, 8.929033018815736e-09, -4.536294933902396e-09, 6.967112815489152e-09, -1.7967973746918633e-09]]
==============================
R_Energy_1
R->P8
[[0.001624611150267138, -0.0014996381718266468, -3.256764309770251e-10, 3.1445841673366055e-09, 1.2797171661626405e-09, -4.422498874472472e-09, 9.227374488289492e-09, 2.1785637816581665e-09, -3.3974748721294067e-09, 3.1927734250348944e-09, 6.580253235891168e-09, -1.3987025994455958e-09, -3.584281429665355e-09, 5.509948017567124e-09, -1.5510534066480444e-09]]
==============================
R_SymmetryFactor_1
R->P8
[[0.4342946365084258, -2.0715716730123483e-06, -6.537257955253569e-07, 5.166676483347626e-07, 1.557554605218724e-06, -1.42480978923378e-06, 4.299259053435916e-07, -4.3708687460758335e-07, -1.0546080289577217e-07, -1.1413531581751479e-06, 2.877308169633125e-07, 1.0761008085835315e-06, -1.05695866143282e-06, 5.709660775529325e-07, -1.578452949249822e-06]]
==============================
B1_ImaginaryFrequency_1
R->P8
[[1.010662841598148, -1.3381441612468084, 0.33056574335959815, 0.009407018478015429, -0.015586926212922765, 0.0046591174564653845, 0.0003208238733787696, -0.0004281946989480928, 8.529667698227143e-05, 2.6006816928826264e-05, -1.939782487742361e-05, 8.89211323249628e-06, -7.322073010228478e-06, 6.635963052723158e-06, -2.608978569239553e-06]]
==============================
B1_VariationalSymmetryFactor_1
R->P8
[[0.0, 0.0, 0.0, 0.0, 0.0, 0.0, 0.0, 0.0, 0.0, 0.0, 0.0, 0.0, 0.0, 0.0, 0.0]]
