==============================
W1_Energy_1
W1->P3
[[0.0009593458340489485, -0.0006066300091643897, -0.0009093897976545699, 0.0004572727224372693, -0.00020134911092188997, 7.523704920673939e-05]]
W1->P2
[[0.0012925208857280238, -0.0011632026055370364, -0.00031009610586902155, 0.00018015711685724276, -7.80851139867136e-05, 2.5496267624143263e-05]]
W1->P1
[[0.001442631668487032, -0.001169190844368942, -0.00029834736344516553, 0.00014403234067088334, -7.663845483905335e-05, 2.2469530354363797e-05]]
P1->P2
[[0.00010176141295053155, -0.00015052939378670924, 6.847847181452934e-05, -3.5273422195747166e-05, 2.1947007705682712e-05, -6.252405516670241e-06]]
P1->P3
[[-0.0005393463865846957, 0.001027973487821795, -0.0008437714337237392, 0.0005322222672672634, -0.0002221292561831394, 4.6396691740913845e-05]]
P2->P3
[[-2.6822837455844253e-05, 6.587085095097829e-05, -8.044104209680202e-05, 6.819459178541351e-05, -3.4991251355469754e-05, 8.796796931146503e-06]]
