==============================
colrel_FactorOne
W1->R
T_min:200 K    T_max:3000 K    P_min:0.0001 atm    P_max:10 atm
[[-26.853782716743737, 2.8300100346240953, 0.11424342713387624, -0.05290597644053887, 22.897305872574783, -1.5036656335390512, -0.8186698237295745, 0.13260898876433333, 17.440191804648936, 1.8876961902326608, 0.9178434862185354, -0.17485616631398368, -13.001872995287444, -1.270668277380233, -0.4795178083217628, 0.11449311711958259, 7.050856384424183, 0.7971810123827571, 0.2727183008050568, -0.048398954218767935, -3.6412720721357563, -0.35288934470274436, -0.13694330101337215, 0.028658903116488874, 1.1936005828306695, 0.12056562485873912, 0.04780465469983102, -0.010388406050589848, -0.3315746274366396, -0.034451362260695145, -0.007631586811785746, 0.0013400719114601365]]
W1->P3
T_min:200 K    T_max:3000 K    P_min:0.0001 atm    P_max:10 atm
[[-24.599649539657893, 0.666620910227044, -0.34545726656120573, 0.21596385187987865, 19.09211884471077, -0.2920896195698778, 0.8399299603890258, -0.4591620840383431, 18.666885717569663, 0.8903161349714797, -0.5341843610691283, 0.3436909378269741, -13.716214673456145, -0.3802571267635248, 0.5067601657388261, -0.262120032059668, 7.443385003647871, 0.3688819164499884, -0.2823905111557578, 0.1676333746996424, -3.8266572692716565, -0.1568403328236482, 0.14518702507779765, -0.07877636550842584, 1.226040919274821, 0.09519162034389403, -0.07452043104139762, 0.03671292308710238, -0.34455578801557, -0.025063718809173175, 0.01797686896049904, -0.010896328620406398]]
W1->P2
T_min:200 K    T_max:3000 K    P_min:0.0001 atm    P_max:10 atm
[[-25.421669009867266, -2.3025783621498714, 1.9796171435431194, -0.4519995301122192, 18.0768778822181, 6.0201927933535595, -3.606420045237436, 0.7877519625041681, 20.330019256577017, -3.9554582342746825, 3.054825971315564, -0.6720623005370451, -14.996459245442411, 3.0019927685144827, -1.9837503814087432, 0.45283444141903617, 8.178346681163909, -1.600895403032588, 1.1426579022244487, -0.2438622100539476, -4.183078465074573, 0.7977679346004513, -0.5493293705908013, 0.12208273473879312, 1.3628686719149934, -0.25192860438312403, 0.17541374745681623, -0.03903996332035641, -0.36899679773500643, 0.04813287485865336, -0.03432784490855822, 0.006001199545226367]]
W1->P1
T_min:200 K    T_max:3000 K    P_min:0.0001 atm    P_max:10 atm
[[-26.751256729542124, 3.091426291244118, -0.7788564847087988, 0.2691455769486372, 21.863867385005868, -2.332824355254265, 0.670210829986369, -0.38790730595447537, 18.07071090117107, 2.3534674078872615, -0.32976050090198744, 0.2646821030874027, -13.55241575043909, -1.5912737117668665, 0.3742283112544527, -0.19205674491750405, 7.349361944736704, 0.992469976064188, -0.20927044514299287, 0.12728342356870892, -3.8004151821885794, -0.42119304455514045, 0.08976949183302131, -0.05240276485752508, 1.2391005755574749, 0.1596977986153307, -0.03600930390899323, 0.020583606479584262, -0.3473371653129996, -0.03747639355324913, 0.010162594119767698, -0.005541977656095272]]
W1->P7
T_min:200 K    T_max:3000 K    P_min:0.0001 atm    P_max:10 atm
[[-74.68989267080426, -2.4521595990863823, 1.1863024135725029, 0.14688429698729186, 68.57278773232088, 7.290630628637416, -2.4456264841387965, -0.29665681404742167, 3.291476480921898, -4.41546858737184, 1.9044672037165051, 0.23417315181556392, -1.0226302651433863, 3.0724800284875813, -1.1445093042111016, -0.17424761173854808, 0.3941819819590606, -1.7466921497112884, 0.6758962445134451, 0.11760222252504718, 0.08844908923485335, 0.7221812737533368, -0.28460452507678047, -0.05588933634600224, -0.13547076544084038, -0.1301406734135838, 0.05736985700936886, 0.024716344614974097, 0.12557930466081482, -0.014371855673716846, 0.00032975307230485894, -0.007010560714415824]]
W1->P6
T_min:200 K    T_max:3000 K    P_min:0.0001 atm    P_max:10 atm
[[-12.887803800254531, -80.27453865865321, 62.75537602074059, -13.810426876398441, -18.44624800367018, 152.5995558006925, -112.92957371099939, 24.44995137720295, 56.96498592301723, -121.76168609851386, 88.25246181712988, -18.531954414946725, -40.12091459957029, 84.32669273420812, -61.33339804068077, 12.902194482644896, 22.775372641871336, -48.53794132555672, 35.30138671491059, -7.433828765343999, -10.748851586354203, 22.568201822396087, -16.557335462267424, 3.5018519281747778, 3.675863437185317, -7.811124914779478, 5.7241689278960575, -1.2119956448609515, -0.8743973188603941, 1.7919755631976657, -1.3409595151213587, 0.29090271380739113]]
W1->P5
T_min:200 K    T_max:3000 K    P_min:0.0001 atm    P_max:10 atm
[[-45.76574212268334, 19.22767845841553, -2.8061501322112994, -0.22426937247212086, 50.39665295804098, -27.724493256679995, 3.6992586895857635, 0.5025182275450428, -1.0310482007093484, 19.548532125095846, -1.233485782459819, -0.7114650334164869, -0.044294364749601564, -13.694148623519018, 0.9736359204933701, 0.5289391499049675, -0.3216720445630017, 7.866035288351004, -0.5644703452422887, -0.285746745943266, -0.16142113119963672, -3.6541121993638335, 0.23115708157818884, 0.14594663379821154, 0.010405419973155408, 1.2441705454323058, -0.0764412015109418, -0.05039063953998597, -0.0680769292554567, -0.2701055008172512, 0.007154884804720851, 0.014373018184014463]]
W1->P4
T_min:200 K    T_max:3000 K    P_min:0.0001 atm    P_max:10 atm
[[-21.43369245023208, 1.6407561088037674, 0.5673568409260672, -0.4901841298712638, 10.776194369138587, -1.9592724105413695, -0.8110123431358253, 0.8410274573585537, 24.559989694477878, 2.3868232007579526, 0.773103131203068, -0.6982137662849713, -17.4341991046886, -1.3116808719449753, -0.3774565183393265, 0.44823881591927617, 9.634520901501833, 0.9354784685621803, 0.18491853880887898, -0.2292015961583103, -4.845134268755019, -0.4267048375900907, -0.058296190964906194, 0.1012131993008603, 1.5013577834781884, 0.18239495206017767, -0.019193667638355078, -0.0211968140543507, -0.3648630264743572, -0.0336659415946448, 0.00970989973699487, -0.0010115745079121107]]
P5->P6
T_min:200 K    T_max:3000 K    P_min:0.0001 atm    P_max:10 atm
[[-15.882877926752187, -0.3649809509727254, 0.16751285810422703, -0.07856667004215037, 3.7773835428738582, 0.4842950166282012, -0.21970199533873375, 0.10498424447637038, 0.9881888629433201, -0.16473079764865065, 0.06987615124201056, -0.037152172184603004, -0.4721537428201662, 0.10528256210698757, -0.04349085581849887, 0.02414819339141175, 0.3761646105612378, -0.08640861238653434, 0.03723677351874983, -0.019352149091538394, -0.14260894900179735, 0.03508263261751496, -0.014976691650859929, 0.007889218418696367, 0.05876597832888094, -0.013571615516690286, 0.005772344289667052, -0.003062229185073313, -0.012747764357199255, 0.004889128761354023, -0.0021698824167356075, 0.0010771398915512171]]
P5->P7
T_min:200 K    T_max:3000 K    P_min:0.0001 atm    P_max:10 atm
[[-36.00190351027099, -0.02905349739697094, 0.015352316107157177, -0.004961075365258216, 22.142973545258435, 0.053579142004941446, -0.02833845535113823, 0.009132000914594365, -0.2832875346678291, -0.04251519407572561, 0.02250246562350789, -0.007235734133436007, 0.08204594150809409, 0.028867386258270768, -0.015273775473021799, 0.0049161442942106445, -0.06591197928367154, -0.016193446101589605, 0.008570482751303178, -0.0027555042098133535, 0.04052567246881017, 0.007218992749069791, -0.0038211520077409064, 0.001227399287342798, -0.010574003047776871, -0.0023398691978847755, 0.001238440596368045, -0.0003973811113203337, 0.005692444513190136, 0.0004256516008878407, -0.00022566889588146135, 7.168171628960674e-05]]
P6->P7
T_min:200 K    T_max:3000 K    P_min:0.0001 atm    P_max:10 atm
[[-32.408853901530165, 0.03307532271833313, -0.017444157353908904, 0.00528645266455316, 19.276365353052896, -0.06225241112886318, 0.032768216541065084, -0.01000482509731546, -1.348815239382707, 0.05007539697089812, -0.026320214642864773, 0.008086992896549601, 0.9676509195326489, -0.03354957586188537, 0.01765124969664712, -0.005416032732554111, -0.5299989715194229, 0.018762441710865534, -0.009870132170283838, 0.003040197837217499, 0.28042124025970944, -0.008327508938720658, 0.004381475867726381, -0.0013563801092561275, -0.08854777188077843, 0.0026745419645193874, -0.0014087763593891294, 0.00043822921031431533, 0.027025140739861262, -0.0005298813698455486, 0.0002783969852623151, -8.880737096968651e-05]]
P3->P4
T_min:200 K    T_max:3000 K    P_min:0.0001 atm    P_max:10 atm
[[-21.732233920582097, -10.691386572906, 0.5790767822289687, 0.23616586202818773, 5.711235873023775, 18.24954986891137, -1.0793140087504105, -0.48691139769583924, 1.6118861283067423, -13.250583193977683, 0.9365877935905912, 0.3860492176172349, -0.8376017541691994, 9.451499619950736, -0.657950203089525, -0.23308356352125362, 0.5211090536353451, -5.478789840564523, 0.3246431263269722, 0.16292699861585816, -0.06221751447792801, 2.468655360117071, -0.17377380223134742, -0.07628117941221928, 0.09671155184983316, -0.9387078049104194, 0.08221717972799737, 0.017013211725732395, 0.040017286030132694, 0.17771223920319007, -0.009623698131542917, -0.0070097746586509435]]
P3->P5
T_min:200 K    T_max:3000 K    P_min:0.0001 atm    P_max:10 atm
[[-23.387097850553914, -5.308611353677467, 2.374204985353418, -1.3412488689360276, 9.580062986930699, 9.83145970572546, -4.609425730189467, 2.4093444307789538, 1.9487310698398608, -8.28066918195879, 4.164369518293412, -1.9277208008960256, -1.3704348796789871, 6.1412233404399155, -3.1144152658512176, 1.42150743295845, 0.8116098011548294, -3.4614636893482933, 1.7192110235618612, -0.8182497436220045, -0.26704829584088835, 1.5410249919528196, -0.7669406537962475, 0.3640935319646725, 0.13324364298297012, -0.5773555174863977, 0.28661931165906, -0.1362749607079511, -0.001002280693272627, 0.10829427439937585, -0.050308347688514346, 0.027405031046897635]]
P3->P6
T_min:200 K    T_max:3000 K    P_min:0.0001 atm    P_max:10 atm
[[-32.2614381985993, -0.1907791600671347, 0.0996968398615138, -0.03752764353406042, 19.9988260302351, 0.2810024525860004, -0.14659965472266662, 0.05599274273292972, -3.1741542372557037, -0.1496043511368648, 0.07742389249594288, -0.03096889222151154, 2.4351884332993854, 0.1108688725843932, -0.057260046704248134, 0.022968072227592923, -1.286704829887488, -0.07440935477724123, 0.038673628815294445, -0.015122503701887956, 0.67975762676641, 0.03215083981320308, -0.016721565210252445, 0.006548000076796741, -0.21667863614187255, -0.013248832900799097, 0.006896595402513991, -0.0026771957764345883, 0.0623167011111982, 0.003874637292376909, -0.002044465697050052, 0.0007559277009608844]]
P3->P7
T_min:200 K    T_max:3000 K    P_min:0.0001 atm    P_max:10 atm
[[-52.330331483432815, 0.0037386260791265613, -0.002029702589592329, 0.0007930631671820338, 37.836002222896774, -0.007221649766264673, 0.003898365319803766, -0.0015311238372068296, -3.752838297066735, 0.005933657561617607, -0.003190083479891177, 0.0012555892440559867, 2.6333927338473826, -0.00405520048040833, 0.002181597429247765, -0.00085258065785542, -1.4819258274416545, 0.002377804259563477, -0.0012749651905774645, 0.0004954146089936151, 0.7445114100895941, -0.0011153953367427781, 0.0005963925952071346, -0.0002290954080089854, -0.2463965024227508, 0.00038002206204297003, -0.000202579361659004, 7.692911682169833e-05, 0.06772953874551788, -7.734906764984462e-05, 4.110122249150372e-05, -1.5451747695385083e-05]]
P1->P2
T_min:200 K    T_max:3000 K    P_min:0.0001 atm    P_max:10 atm
[[-19.69901076036009, -0.20564640254970712, -3.1441603966602134, 0.9563534021075895, 12.552138214344065, -0.24981725490769296, 5.470162574846984, -1.76618071388415, -10.27719515225905, 0.6982850326781788, -3.981649083262166, 1.3563841216526236, 7.266840317984943, -0.39790689851418487, 2.7998639554957596, -0.9093873512889052, -4.186253459619733, 0.3049907109374852, -1.6932677672007084, 0.5542231753585207, 2.095144971901776, -0.1649983472314097, 0.7542677511999695, -0.25751912258359194, -0.6926136707660451, 0.030868133332944126, -0.2647664197312191, 0.08674249877163297, 0.20128814543211393, -0.019910672964683174, 0.0579030674715608, -0.020950281904497402]]
P1->P3
T_min:200 K    T_max:3000 K    P_min:0.0001 atm    P_max:10 atm
[[-22.62572050561818, 1.6950567328211443, -2.0790407770502064, 0.6336196615467301, 19.065559920803153, -3.9081551388691738, 3.445591859921688, -1.1489460405694023, -15.969710154746489, 3.711710693249942, -2.354430356349141, 0.8514762825633855, 11.047540149962275, -2.466422427650127, 1.7056475522346766, -0.5683461032501647, -6.451434427017795, 1.5319542246954043, -1.0316075449198416, 0.34946933309481165, 3.134506388089809, -0.7334633385672711, 0.43534816508265656, -0.1563394498838491, -1.0681615219019194, 0.23612813782807524, -0.15299149701571113, 0.05064526177562005, 0.2901023296249639, -0.07297448164587897, 0.029080447986566407, -0.011459244026449433]]
P1->P6
T_min:200 K    T_max:3000 K    P_min:0.0001 atm    P_max:10 atm
[[-22.462642208848294, -0.17662956143198016, 0.10190485572535199, -0.03003542018735589, 11.653697143071787, 0.28669626840228873, -0.16491503376154082, 0.04927104881245909, -4.027882252663752, -0.18786928371420342, 0.10736592579402486, -0.033084814065810576, 3.0696104386569156, 0.1355376549111467, -0.07733969607097582, 0.023989039725658856, -1.6303259179734753, -0.0843796810511311, 0.04818959780146285, -0.01481821959151019, 0.8519628605706585, 0.03699506299523193, -0.021127524848205875, 0.00650661547495255, -0.2748383998665964, -0.014140526563590378, 0.00807400621461744, -0.002492656318433763, 0.0768384284124789, 0.003783114933216892, -0.002146720303028878, 0.0006608712390171029]]
P1->P7
T_min:200 K    T_max:3000 K    P_min:0.0001 atm    P_max:10 atm
[[-42.19967330797324, 0.02019826833134708, -0.010696342930245331, 0.0034828675033128213, 28.661310310292706, -0.03774026709830938, 0.01997697214240079, -0.006514295413623314, -3.876887798895373, 0.030383495224828378, -0.016078157501629033, 0.00524838560249123, 2.7996193250268946, -0.020840514497001698, 0.011029808906524068, -0.003600687353375188, -1.5366822781491172, 0.011976325846849501, -0.006337297400275233, 0.0020715748491190867, 0.7853368726350821, -0.005522301918424551, 0.00292206685011156, -0.0009563193453297907, -0.25691286014665315, 0.001869272636023777, -0.0009889027899649989, 0.0003244548292978945, 0.07101770548593038, -0.000394596741380845, 0.00020849651244220346, -6.857792239875872e-05]]
P1->P4
T_min:200 K    T_max:3000 K    P_min:0.0001 atm    P_max:10 atm
[[-21.01593440632075, -0.2662559847936379, -2.981737844691076, 0.8973881511627354, 13.555770632210129, -0.19975522036936397, 5.157007702190622, -1.648991950654105, -11.251519991818702, 0.7075340463474541, -3.735221986180902, 1.2590650599475672, 7.9231791356600185, -0.4007245165256028, 2.6421063113564456, -0.8456196076273075, -4.5805855596827305, 0.32169528770986383, -1.5931269415430076, 0.5141807078616865, 2.292652587849204, -0.17806966753506825, 0.7033197456894377, -0.23644892043689975, -0.7622013410783104, 0.03670556088418052, -0.24727546386182453, 0.07892781967765407, 0.22398478163717522, -0.026757568251461365, 0.05292339102151247, -0.018590525623578484]]
P1->P5
T_min:200 K    T_max:3000 K    P_min:0.0001 atm    P_max:10 atm
[[-14.398543919411646, -4.17726812735203, 1.6913103977683728, -1.178759591862852, 2.9115538147082716, 7.693767534034075, -3.328661044075056, 2.101262777366285, -0.3409832957405065, -6.5272613755657884, 3.122844020822731, -1.6772719568521894, 0.24622171279716287, 4.906776577776432, -2.3816576003850236, 1.2467699707635889, -0.1180227016104396, -2.724925557895476, 1.2835266377022805, -0.7113825843621334, 0.17611846325962127, 1.1963073165638742, -0.5635995280786615, 0.31341941078277324, -0.02383826058359326, -0.4502457669038678, 0.21157051987444966, -0.11752821358623161, 0.03747550812199461, 0.07575980603040035, -0.031532915036633136, 0.022088519827659785]]
P4->P7
T_min:200 K    T_max:3000 K    P_min:0.0001 atm    P_max:10 atm
[[-83.61309377875611, -0.00605225292489564, 0.003878511167751803, -0.001672475791147033, 64.91688805247605, 0.010922324799329062, -0.007062582296203491, 0.0030344192275542255, -4.047016462340976, -0.008611364115227473, 0.0055945679289668955, -0.0023937251494912065, 2.8902990184796695, 0.0060481868497036404, -0.0038969786191184992, 0.0016631923323472135, -1.6119956542496612, -0.00347258132177167, 0.0022314780246092897, -0.0009469762001517229, 0.8121839773627373, 0.0015956019748868185, -0.0010215091015220734, 0.0004324994132175033, -0.26887784101068574, -0.000544715924180836, 0.0003464893071459922, -0.0001461668440864458, 0.0735965780642037, 0.00010036501695775736, -6.504601278696608e-05, 2.7923827484083628e-05]]
P4->P6
T_min:200 K    T_max:3000 K    P_min:0.0001 atm    P_max:10 atm
[[-63.64047533186205, -0.32330125212676464, 0.1596116263907679, -0.0656958959845141, 47.01533315672697, 0.4932119506523817, -0.24276563388387049, 0.1006974431361552, -3.3503767115913172, -0.2806495188269146, 0.13669247400595916, -0.05818971890552371, 2.650733986052925, 0.19876040451530105, -0.09651088002762653, 0.04139814472545855, -1.3766864788514297, -0.1280001080985939, 0.06252661885447688, -0.026464652692517077, 0.7338433348160531, 0.05530163021902203, -0.026988092213134567, 0.011452132052648575, -0.2334425210819758, -0.021107322293541373, 0.010287053648699076, -0.004382663053442018, 0.06693473359564214, 0.005632473593329575, -0.0027909140352028413, 0.0011486987356614698]]
R->P2
T_min:200 K    T_max:3000 K    P_min:0.0001 atm    P_max:10 atm
[[-17.336158989260888, 3.0444752802304578, -3.5442350922833112, 0.7055823780162838, 8.999952415476335, -6.1660877970912935, 6.291659672673762, -1.3332898374958295, -6.778233850444948, 5.378755031876823, -4.673929331967108, 1.029749876962705, 4.803100734810819, -3.705751963095468, 3.2497458276460165, -0.6729231182470624, -2.8202255974116035, 2.2279462857972625, -1.9906506759456744, 0.42482335373724106, 1.3615070323148093, -1.0582389887674046, 0.9158487847861655, -0.2059962832422332, -0.46439652359398653, 0.3638545776713744, -0.3256664704756672, 0.07028559860002273, 0.12047767984395821, -0.08896969639979338, 0.07837314156531874, -0.019521705312118415]]
R->P3
T_min:200 K    T_max:3000 K    P_min:0.0001 atm    P_max:10 atm
[[-16.63453096543732, 2.3581744334841193, -3.3267291891510307, 0.963541610246636, 8.667740246633201, -4.961960448960884, 5.849464792425419, -1.8025884924639861, -6.930450140874186, 4.478364558625929, -4.314934867221017, 1.3983857744545003, 4.792984561031189, -3.0682414736320784, 3.023953714155557, -0.93226650115549, -2.8315359990880817, 1.8236042016295657, -1.8269456885411541, 0.5705981478973543, 1.3419223835322145, -0.851301576658301, 0.8211836032571215, -0.2675268236999649, -0.456449476068837, 0.2818203477110657, -0.2891975210449551, 0.09120090025488263, 0.11367865438193954, -0.06337437459905677, 0.06263296533559241, -0.022251039134414258]]
R->P1
T_min:200 K    T_max:3000 K    P_min:0.0001 atm    P_max:10 atm
[[-16.16508091065358, 2.2815305072059404, -2.759320659901933, 0.9121356161848895, 9.044929045479204, -4.6316230617070016, 4.707899488293559, -1.6957443396993739, -7.1370435694422705, 3.959274871639216, -3.298319754563658, 1.2943470249850468, 4.79294212859029, -2.679180871854171, 2.3108297171612717, -0.8564285554699655, -2.885871618165338, 1.6274684790446967, -1.4120968557132796, 0.5260771316758629, 1.3432532534829351, -0.7538533373824736, 0.6250766602917319, -0.24480217399384688, -0.4640123277344339, 0.24999364957245968, -0.22062651802009936, 0.08344410882130741, 0.11291355994217425, -0.05800601082868513, 0.04626875688514532, -0.020125423402105047]]
R->P6
T_min:200 K    T_max:3000 K    P_min:0.0001 atm    P_max:10 atm
[[-18.9415892968177, -0.27449360921411925, 0.14005809426673457, -0.055145782478559814, 6.533190985030879, 0.4117406228567942, -0.20938335363108185, 0.08355284290127216, 0.11833097850865339, -0.2207487691712309, 0.11122175112393824, -0.04604939030116777, 0.04588725943499677, 0.154418222333717, -0.07770882527112606, 0.032300691539105135, 0.054397220790032993, -0.10304557381959041, 0.05203226180591386, -0.02130852249227158, 0.007070818405439623, 0.04445008983835525, -0.022414713100965527, 0.00921718845207453, 0.006668308889823529, -0.017220369429673275, 0.008684290368759133, -0.003559544417389659, 0.0003627620683839954, 0.004949416228260478, -0.0025100410704637717, 0.0010041735371022]]
P4->P5
T_min:200 K    T_max:3000 K    P_min:0.0001 atm    P_max:10 atm
[[-54.37293834642822, -5.855852796546387, 2.741019099255736, -1.3606566690132127, 35.70438697092875, 10.806893873516081, -5.2684878062156395, 2.44683817614089, 2.5491712478443485, -8.989880223960691, 4.657856575465503, -1.9522937275916583, -1.673474307495808, 6.6329342959453905, -3.460691154666547, 1.4373015242347427, 1.0531836944850728, -3.7893002521036223, 1.941884372008587, -0.8353848612828633, -0.37155816810235187, 1.6992422963698137, -0.8730665941328571, 0.3738183427349816, 0.1761577455375339, -0.6382412960206587, 0.32743041828985, -0.14037266369830528, -0.014981510516685406, 0.1297409766255321, -0.06344236660277931, 0.029965167970856972]]
R->P4
T_min:200 K    T_max:3000 K    P_min:0.0001 atm    P_max:10 atm
[[-18.18734325761092, 2.8920330483071464, -3.746192678798028, 0.8353384819654902, 9.09315168960589, -5.922230189680114, 6.657230699797348, -1.5696934786412793, -7.002896183364836, 5.230660098718577, -4.973297214528115, 1.2174744015134982, 4.949762356012061, -3.5977085747282618, 3.4665415413593754, -0.8053527352081704, -2.8908746845325908, 2.1446111047729177, -2.103462347107999, 0.4998337636132064, 1.396283476272239, -1.0129973134505161, 0.9612893404011666, -0.2388768020472415, -0.47227525895087996, 0.3430731395552941, -0.3404181545245628, 0.0815142766355095, 0.12178791848239855, -0.08056295084794272, 0.0786497320225236, -0.02133866795342471]]
R->P5
T_min:200 K    T_max:3000 K    P_min:0.0001 atm    P_max:10 atm
[[-11.156877201092747, -3.6421395135604326, 1.5317409976204361, -0.8804406471867644, -1.8002794810645193, 6.544075489759332, -2.9514107489386245, 1.5387210944577048, 3.635919378488844, -5.387348066116836, 2.7122786074643686, -1.2058326399072474, -2.6264698644315763, 4.113586874866109, -2.104951643416053, 0.9171439642482944, 1.522350825334516, -2.3441359937871376, 1.1678531393004075, -0.533267387858971, -0.6639747161624305, 1.0289827610428264, -0.5145028223638081, 0.23369726520288459, 0.255791706763948, -0.39531728969777935, 0.19809141028704452, -0.08944089468172885, -0.049616043549579755, 0.07775745259162878, -0.036721365116231905, 0.01852682688680794]]
P2->P3
T_min:200 K    T_max:3000 K    P_min:0.0001 atm    P_max:10 atm
[[-20.543502293530697, -7.266460243598834, -0.6818492716933391, 0.3967125155212193, 7.299127015516003, 12.148509541704614, 1.1967363286700752, -0.7786714267079031, -1.139738278152145, -8.528317516352077, -0.8386617074090824, 0.6156032857320954, 1.0060292021937551, 6.105537222354332, 0.5822368778539683, -0.392073913522801, -0.5075196949299927, -3.575379198073824, -0.38943286040414576, 0.2542998371597599, 0.3882251978102987, 1.609651412599386, 0.15893043536446047, -0.12143694520060357, -0.06896905347043276, -0.6297431702514094, -0.03851252682099495, 0.03479775466602073, 0.05925463345897379, 0.13044171406288077, 0.010600338432895927, -0.010115405250615564]]
P2->P5
T_min:200 K    T_max:3000 K    P_min:0.0001 atm    P_max:10 atm
[[-20.81602031662161, -5.536955628364632, 2.5884387314483264, -1.2639432525714016, 6.717012995076985, 10.173157244312428, -4.96385670866845, 2.2648152133139487, 2.5156880780018365, -8.421799632788392, 4.384714590429727, -1.8008743519134434, -1.6809170263626718, 6.2357415642245355, -3.272599747283423, 1.331356767297755, 1.0549146009395505, -3.578180486387343, 1.8436419944263482, -0.7767288415885757, -0.37818034664554834, 1.6035728280921981, -0.8286497598620357, 0.34718697078961847, 0.1779486072377243, -0.6050028552937864, 0.3125356286223824, -0.13087779366008226, -0.017646686454016042, 0.12563360243396582, -0.06207785135029649, 0.0283882270962182]]
P2->P4
T_min:200 K    T_max:3000 K    P_min:0.0001 atm    P_max:10 atm
[[-22.51443584772712, -5.053526701283765, -1.655663193977003, 0.3187976956758774, 8.423472824683817, 8.161994842665024, 3.0019317087571262, -0.6345707204028234, -1.6708600574447574, -5.383199826302204, -2.28453089890492, 0.5031595641229535, 1.499478031343637, 3.8963040500526205, 1.5770921605322625, -0.3136095142186703, -0.7120583324102325, -2.346986366092071, -0.9655974181762926, 0.2086519910175798, 0.4865513056178508, 1.0528244561358626, 0.43232978502272734, -0.10406493850509829, -0.09670994093812771, -0.43309040384650843, -0.1350503171888038, 0.029307665295911018, 0.05356796732254054, 0.10354131344272358, 0.029491452137668822, -0.008735921085206136]]
P2->P7
T_min:200 K    T_max:3000 K    P_min:0.0001 atm    P_max:10 atm
[[-49.97529205341543, -0.004760342476517465, 0.0025644951513626893, -0.0008715343271897137, 35.80242175522556, 0.008396784618869866, -0.0045565220139039365, 0.0015255181979887305, -4.007734140487504, -0.006382930993476866, 0.0034864462736862857, -0.001154031302509051, 2.820815089963766, 0.00425140773472864, -0.002321338494881624, 0.0007735753611493543, -1.584471113963894, -0.0022098573538984908, 0.0012154453554440129, -0.0004030021026691664, 0.7970176038579653, 0.0008835819271392914, -0.0004906543998375145, 0.0001624288120953498, -0.2636327771423048, -0.00023125073098395786, 0.0001309105391774105, -4.330936494421188e-05, 0.07246079923253546, 1.6561694130135707e-05, -1.1045180264143751e-05, 3.205677613642199e-06]]
P2->P6
T_min:200 K    T_max:3000 K    P_min:0.0001 atm    P_max:10 atm
[[-29.792607253451767, -0.3137927767973743, 0.15268779368124558, -0.0650693506262319, 17.515039789726703, 0.4655553488629085, -0.22528121505667276, 0.09734561278862082, -2.992801323242793, -0.24634943782426186, 0.11699124936811847, -0.05286741954430907, 2.3664164142806774, 0.17438134868313315, -0.08251688121259317, 0.037583974413988315, -1.22222419344223, -0.11588532085206382, 0.05538612400023356, -0.024671230013665387, 0.6587279641165621, 0.049868991530749245, -0.02379577024018673, 0.01064058388896359, -0.20721605498340329, -0.019400573818240327, 0.009260219574862222, -0.0041365753121708005, 0.060686506848707494, 0.005459067413990216, -0.0026630414866733723, 0.001135487570495862]]
