==============================
W1_Energy_1
R->P2
[[-0.0006919922485853458, 0.0013429179099590691, -0.00122689285905956, 0.001053714332618235, -0.0008494038622797334, 0.0006403947558540768, -0.0004499339368085167, 0.00029262850835508504, -0.00017496175440034458, 9.493084712685658e-05, -4.611428503170603e-05, 1.9471971807093877e-05, -6.937113030828522e-06, 1.8831125913166756e-06, -3.547148240279991e-07]]
R->P3
[[-0.00029336493053314913, 0.0005693160532728998, -0.0005201564368706058, 0.00044675375311013045, -0.0003601577482039175, 0.00027154909652364563, -0.00019078773945472015, 0.00012407917835360522, -7.416068682716336e-05, 4.022119293132881e-05, -1.9505346790814127e-05, 8.223543625183075e-06, -2.906728257050388e-06, 7.841569147895262e-07, -1.393171794326564e-07]]
R->P1
[[-0.0024605452296415143, 0.0047758793930213735, -0.004365083406876431, 0.0037518939715112834, -0.0030275601985188133, 0.0022859484667986318, -0.0016088429203917, 0.0010487750379222136, -0.0006286048349931874, 0.0003422214148729398, -0.00016674244970285134, 7.075268962546699e-05, -2.5240165343201132e-05, 6.888137801101162e-06, -1.2663392506003796e-06]]
W2->P1
[[4.244840769931154, -8.204319855562616, 7.401106693426399, -6.223608293560792, 4.8664783403360925, -3.5254907056715763, 2.3539986074526533, -1.4383580292418519, 0.7963605307144594, -0.39401003553347724, 0.17073218986775307, -0.06282483128783381, 0.01864696732492581, -0.004042967737548063, 0.0004946022344634438]]
P1->P2
[[-0.011507480192653657, 0.022334997205915856, -0.020410540672289784, 0.01753910418827457, -0.014147543147600864, 0.010676941957557966, -0.007509319601007325, 0.0048912947690082816, -0.0029284816935760787, 0.0015922849150544732, -0.0007743961982202191, 0.0003279042771009796, -0.00011655311720409133, 3.17005569457873e-05, -5.748272279129802e-06]]
P1->P3
[[5.184969089912149e-05, -0.00010057188320097154, 9.169568677837145e-05, -7.850739938236095e-05, 6.297113310440378e-05, -4.7176301694910445e-05, 3.284722225027349e-05, -2.1130017088653927e-05, 1.2435890177884549e-05, -6.621813797338838e-06, 3.122316638642853e-06, -1.2741077975000629e-06, 4.2215330755544115e-07, -1.067277629433306e-07, 1.3500284490696842e-08]]
P2->P3
[[-0.0021820763089485276, 0.00423564650483574, -0.0038723700766130848, 0.003329738480447329, -0.0026886507214662616, 0.002031690360259389, -0.0014315279710373963, 0.0009344344069776517, -0.0005611274652234145, 0.00030614009650551413, -0.00014964708634231078, 6.371707542069955e-05, -2.288251569112511e-05, 6.282193640057618e-06, -1.1806925346537695e-06]]
