==============================
W1_Energy_1
P7->P1
T_min:200 K    T_max:3000 K    P_min:0.0001 atm    P_max:10 atm
[[-10.553651943551568, 0.008066808168442074, -0.004351584044009651, 0.0013674356947393751, 1.324983085878727, -0.01503848493796896, 0.008103208685811566, -0.0025516085981804404, -0.9324808074837061, 0.011938750601859364, -0.0064273641164000654, 0.0020220177399521743, 0.7167034042155503, -0.007966043994515453, 0.004288195693549157, -0.001340261741166297, -0.39769437313789135, 0.004378975669790008, -0.002354652749544369, 0.0007301750366966238, 0.20943888763252913, -0.001875946368631179, 0.0010075118577312296, -0.0003079227388339733, -0.0710440285671047, 0.0005683449177197755, -0.0003047479181047294, 9.104812132740416e-05, 0.02095448204447316, -8.416286898937228e-05, 4.475725129032956e-05, -1.2287368049654872e-05]]
P7->P2
T_min:200 K    T_max:3000 K    P_min:0.0001 atm    P_max:10 atm
[[-11.594166818676248, 0.0021236958825376906, -0.0011560071658515928, 0.00048002727860617297, 2.020314105399191, -0.004290255381096607, 0.0023052348485844186, -0.0009651910199989187, -1.4186000854484628, 0.003700147444535855, -0.001969731531460289, 0.0008251369596011798, 1.1050701774468332, -0.002564882990064339, 0.0013666637924822445, -0.0005650608776748397, -0.6058082706256737, 0.001593366822365155, -0.0008429634438914317, 0.0003439826797048612, 0.3229750265859419, -0.0007991229075477387, 0.00042009150442770483, -0.00016801261982545904, -0.1085877482628502, 0.0003034976481800993, -0.00015847179829449876, 6.190516131329093e-05, 0.03240898014178964, -8.118228289768e-05, 4.163298127322368e-05, -1.58803730790252e-05]]
P7->P3
T_min:200 K    T_max:3000 K    P_min:0.0001 atm    P_max:10 atm
[[-11.314785473467927, -0.0032704531017938576, 0.001898123069657905, -0.0006124913485046952, 1.7530920756137347, 0.005844623164328827, -0.003420119811647181, 0.0010893020375056866, -1.2444224267536488, -0.004495835704039149, 0.0026504416713385467, -0.0008364058575946536, 0.9579100298187098, 0.0030259694078070046, -0.0017841396686162627, 0.0005663771790519345, -0.5302201552293972, -0.0016127075885062898, 0.0009594383370168812, -0.0003036129113171272, 0.2801844560563283, 0.0006690875336632254, -0.00040278352612680275, 0.00012750106684740204, -0.09487532488408394, -0.00019009648293906393, 0.00011690377553514094, -3.696214758357314e-05, 0.02804653888959325, 1.5916414799802557e-05, -1.1860111612670854e-05, 3.586776964947889e-06]]
P7->P4
T_min:200 K    T_max:3000 K    P_min:0.0001 atm    P_max:10 atm
[[-12.509154752103056, -0.0021225493373766557, 0.0011992922882251747, -0.0004319206412273473, 2.0940652934761284, 0.003610094731535899, -0.0020769805956891607, 0.0007310404807948629, -1.4707715713600609, -0.002692374827675412, 0.0015737754832562498, -0.0005447475601853302, 1.14786979682676, 0.0018848663739077693, -0.00109671104056233, 0.0003852778553222774, -0.6280230959659591, -0.0010138396870621436, 0.0005975718072172849, -0.00020983923816864542, 0.3362167738688972, 0.0004301119552000761, -0.0002573553118902043, 9.149223331364902e-05, -0.11266146638287673, -0.00012606401748292202, 7.762798660451355e-05, -2.845782723465321e-05, 0.0339608669916772, 1.0232225076358872e-05, -8.285134764117428e-06, 3.208026731662881e-06]]
P7->P5
T_min:200 K    T_max:3000 K    P_min:0.0001 atm    P_max:10 atm
[[-9.414223345932353, -0.00011317040444125404, 8.304115943492993e-05, 1.8039072873362158e-05, 0.25425436214621516, -0.00010451734494209776, -1.1233731019307452e-05, -0.00010166991029843436, -0.01625823202433711, 0.00027778173172816515, -7.906954154796231e-05, 0.00012303612383568778, 0.09299874909229162, -0.00013806764890140176, 3.0308754851061017e-05, -7.198609827353655e-05, -0.020949675595147373, 0.00012015230997001531, -3.617836015188321e-05, 4.9171774099465166e-05, 0.02647955212201864, -6.856670571683185e-05, 2.278203360254268e-05, -2.501877227914685e-05, -0.004850217349816033, 3.205669209346816e-05, -1.2142242890093956e-05, 9.857699662396888e-06, 0.003459295718254836, -2.2640570238861942e-05, 1.038377073575462e-05, -4.764009956006518e-06]]
P7->P6
T_min:200 K    T_max:3000 K    P_min:0.0001 atm    P_max:10 atm
[[-11.201780077000118, -0.0032340066042075843, 0.0017303982597850357, -0.00046593844935315803, 1.3623765351231014, 0.005288031210293403, -0.002893336880423653, 0.0007065313250996382, -0.717403202481042, -0.003883231331377396, 0.002172003278421181, -0.0004832377266949413, 0.7020658127687676, 0.0030151659312519447, -0.0016678562775175097, 0.0004005642134448277, -0.32703046300992245, -0.0018423163355318524, 0.0010240502547378702, -0.00024768493075248254, 0.20466665386097255, 0.0009570843296074658, -0.0005328086932423607, 0.0001320927171713003, -0.060651935484002, -0.00039914881256769016, 0.0002207591501514831, -5.7794516286029434e-05, 0.022075729579357172, 8.411446609651288e-05, -4.775254316182713e-05, 1.1768528006258875e-05]]
W1->R
T_min:200 K    T_max:3000 K    P_min:0.0001 atm    P_max:10 atm
[[-31.217727417909867, 3.597474402950338, -0.6074091861596487, 0.10203421543850863, 30.91042932514528, -2.9076194056482905, 0.5313277523319228, -0.15870103076864675, 11.051477507003058, 3.023390438212791, -0.16372325381761646, 0.06083616383043001, -8.71050652184089, -2.079144337911301, 0.2598590978758067, -0.04593900358942568, 4.650578984784304, 1.2903426417857555, -0.15879074279296626, 0.044839431732947035, -2.574769274204649, -0.6054708661940033, 0.0681718252491108, -0.016238402954783144, 0.8497822688201483, 0.21450534755221978, -0.02309279387955379, 0.005114338155683994, -0.2657447679619577, -0.059256536931319985, 0.008661106604189523, -0.002192879035697708]]
W1->P3
T_min:200 K    T_max:3000 K    P_min:0.0001 atm    P_max:10 atm
[[-29.497144706911033, 2.2365242137448593, -1.0253167496165307, 0.32850404139556233, 28.156746591528112, -3.2416676429217377, 2.1167589079955995, -0.6695275813669691, 11.444558745468385, 3.2606713964094287, -1.5628966979652223, 0.5141566571565548, -8.857544502029935, -2.0352911138275, 1.2221193145898184, -0.38022372927634074, 4.725474594829552, 1.3337120145193628, -0.7023770009433511, 0.23705377358846205, -2.6210090046644394, -0.6178107274521445, 0.3452406008480101, -0.11217171379089547, 0.8370257918244102, 0.2569410104008271, -0.14483653139819394, 0.04812850783104839, -0.2689682148307447, -0.06473983819840846, 0.03562783640745357, -0.013878234553749187]]
W1->P2
T_min:200 K    T_max:3000 K    P_min:0.0001 atm    P_max:10 atm
[[-30.576444721479273, 0.140229343646455, 0.5893906491397307, -0.1379555874019551, 27.60717226273766, 1.449736141656196, -1.0065033347953267, 0.20190748258782823, 12.737013939873297, -0.30685575433192525, 0.980821916769447, -0.20338198657673193, -9.89473788375883, 0.4956430227038896, -0.5707838677144096, 0.13424180583660328, 5.327232078446522, -0.16520652008688655, 0.3363761525657098, -0.0624770256200985, -2.920706698877919, 0.1326415035004825, -0.18028843633907138, 0.0387142694787024, 0.9577014006993153, -0.028007390931384837, 0.053044352874452624, -0.011659147435003242, -0.2918772289540756, -0.0009240194408725708, -0.00821039124304289, 0.0002671805638671299]]
W1->P1
T_min:200 K    T_max:3000 K    P_min:0.0001 atm    P_max:10 atm
[[-27.540547959385513, -1.8415488147418015, 1.107617606071832, -0.15884790791940076, 23.184725605076515, 6.953280740294177, -2.8735811275507857, 0.41347326700612824, 17.133991170674708, -5.193817720825542, 2.5545057728846, -0.3847294931667523, -13.080324653618488, 3.6669112444059815, -1.6468319937418252, 0.26226924050641426, 7.207295203307064, -2.087086198847492, 0.975865097790852, -0.13813400330522135, -3.8310780743050894, 1.0510172239284186, -0.48038233327256535, 0.07395522468603158, 1.292085505942815, -0.36613222166899173, 0.16906299204241207, -0.02464866714454286, -0.3793996901201403, 0.08835075418401159, -0.039465113920785465, 0.0052320946355148105]]
W1->P6
T_min:200 K    T_max:3000 K    P_min:0.0001 atm    P_max:10 atm
[[-9.161803342767223, -81.85998406334038, 57.27844408293179, -11.929174070877595, -25.4223075929397, 154.988635805508, -102.22501559466845, 20.79018065709748, 62.047782171666334, -122.79681374977372, 79.09998878777121, -15.360892083152603, -42.96462670597931, 84.26255613960419, -54.868060093312984, 10.612175278709326, 23.984822286260407, -47.99522510380359, 31.456112359312257, -6.027257097547448, -11.273327047755318, 22.414867324606522, -14.936294908099903, 2.8557760549848963, 3.8767803705811836, -7.848897701284324, 5.250063305513966, -0.9944217087469508, -0.990001418392993, 1.950209435445993, -1.3358417456029377, 0.26170118838141176]]
W1->P5
T_min:200 K    T_max:3000 K    P_min:0.0001 atm    P_max:10 atm
[[-42.495126128798454, 10.777868986449231, -0.7800888598196715, -0.3969892707491758, 43.992873503812916, -11.73058889857026, -0.13740696144969422, 0.8307291052051026, 4.197336614444593, 6.594086585308107, 1.9153822818764132, -0.9880895879339953, -3.6025641672924595, -4.955773069974248, -1.1758100177692437, 0.7232417925975904, 1.7021746379508031, 2.9480202483460523, 0.6655435338750706, -0.40305433972898247, -1.0676699065522863, -1.477600233671942, -0.3225576872791643, 0.2011853211310854, 0.30752836302759573, 0.5412323446603935, 0.10734978760270451, -0.06994495318275683, -0.11659965818464542, -0.1510342121363283, -0.024599866583364733, 0.01811191703900584]]
W1->P4
T_min:200 K    T_max:3000 K    P_min:0.0001 atm    P_max:10 atm
[[-26.577147990990326, 2.892055691048175, -0.5761420923069357, -0.09022086857387066, 20.28021019859272, -4.324519608975552, 1.3267202942601628, 0.09813808579196244, 17.027928216862232, 4.283915247975172, -0.9307969207196497, -0.10739983275827378, -12.417286037679956, -2.643547084975616, 0.7850707947887942, 0.04989496342164649, 6.868797813548222, 1.7151260919986968, -0.47705839720518517, -0.006353467891347083, -3.6424387390516118, -0.8025245310889936, 0.2440736042845327, 0.001698420773532717, 1.1229457399396132, 0.31545261309703676, -0.12010244436827332, 0.010563012558082157, -0.293306793651233, -0.06774421194317615, 0.03257895221948544, -0.00750800982421765]]
P5->P6
T_min:200 K    T_max:3000 K    P_min:0.0001 atm    P_max:10 atm
[[-16.119918063308695, -0.2658865119748077, 0.12207257185186748, -0.057234670916773464, 4.200800849776067, 0.33131334169061244, -0.15008668449296192, 0.07192083795565482, 0.6712788768232304, -0.07926093573999242, 0.031861334268654236, -0.01845730964004814, -0.26088801130841444, 0.049659633350406504, -0.01895084331730516, 0.011928211583518537, 0.2568470221044139, -0.05083377155792368, 0.02137374841552715, -0.011585938519965436, -0.09042939919870796, 0.019537584537630683, -0.008029160527145382, 0.004507977354323667, 0.04207159468012769, -0.008248535962944703, 0.0033956216363483704, -0.0019053334582844008, -0.009551314849526519, 0.003545462041690066, -0.0015604357011864212, 0.0007872900286146517]]
P3->P4
T_min:200 K    T_max:3000 K    P_min:0.0001 atm    P_max:10 atm
[[-22.24933790332019, -7.635408915049673, 0.44248005815305486, 0.14362507131018, 6.712986566892513, 12.581080687609111, -0.8149568451155135, -0.3168140877256699, 0.7875473244514328, -8.76258810524541, 0.7231732384222954, 0.2526050844477004, -0.30925269636580194, 6.4641405299463885, -0.5247938753496162, -0.14185198669739513, 0.23664152455513315, -3.83260497765102, 0.2490320416788072, 0.11168939888958147, 0.06396695213675567, 1.7483152082679003, -0.1365380632464312, -0.055072481052457496, 0.061448916715225954, -0.7152679423085267, 0.07146786978486662, 0.010324799427057272, 0.045961139627449535, 0.1382177634198553, -0.007461645369496392, -0.0057057903810169485]]
P3->P5
T_min:200 K    T_max:3000 K    P_min:0.0001 atm    P_max:10 atm
[[-23.834988108544582, -3.3351020662031687, 1.3329602321862144, -0.8437745580967217, 10.45494823795714, 6.127133213315032, -2.63413251884295, 1.4765194140234532, 1.2029503336341656, -5.281650882847349, 2.542718616542478, -1.1702855420572926, -0.8831111992832636, 4.142477906135334, -2.0339780832238517, 0.910619705289713, 0.5667892310409743, -2.389237989726093, 1.1414697256874053, -0.5406425115003122, -0.16342417646231594, 1.0766077396467977, -0.5155707605255597, 0.24285792172040158, 0.10383469191417986, -0.43410978002315637, 0.20944159967393938, -0.09784690936853849, 0.0008578802582028316, 0.08779111993373495, -0.039569272237835636, 0.02140870093260714]]
P3->P6
T_min:200 K    T_max:3000 K    P_min:0.0001 atm    P_max:10 atm
[[-31.64690910235289, -0.10508653206532959, 0.0562115846222029, -0.019926378721985057, 18.844209003473633, 0.1508187901683129, -0.08086993549544529, 0.02886392314206271, -2.242182582073293, -0.07812174248345367, 0.041858354426840445, -0.015480978076727507, 1.812810112338232, 0.061824058002646606, -0.032907077836281766, 0.01229943647236937, -0.9466339397910161, -0.042081198684250476, 0.02249993965777434, -0.00822506331886409, 0.5319692110562634, 0.018080380453909053, -0.009687320458460375, 0.003547283958685954, -0.17092546853908297, -0.007996302329719698, 0.00426559912247971, -0.0015654999079374977, 0.05451971803581873, 0.0023997926511542043, -0.0012950683766722731, 0.00045372843947992996]]
P7->W1
T_min:200 K    T_max:3000 K    P_min:0.0001 atm    P_max:10 atm
[[-27.226649408439332, -0.7093259708639996, -0.005221319647510306, 0.2973074876778011, 16.10678447749568, 4.056628210094765, -0.21452041882367706, -0.5804875465225523, -11.314189019361756, -1.847299892801926, 0.12419273297121707, 0.46214153666875435, 8.944455000280929, 1.3670929462579375, 0.05296064698509134, -0.3265914171322215, -5.200742525302284, -0.807638377599061, -0.0014183419646727861, 0.20446701495122127, 2.6172469921187957, 0.30995704363616455, 0.022791884229660324, -0.09635656182898267, -0.9440156885169741, -0.0032580591923218453, -0.04163782489292025, 0.037449174839094566, 0.26706791865758944, -0.031419316337608263, 0.01759564641970982, -0.008798535780728256]]
P1->P2
T_min:200 K    T_max:3000 K    P_min:0.0001 atm    P_max:10 atm
[[-17.754750131327135, -0.13330641145292477, -2.217246895652472, 0.6407793615557169, 8.966032203487506, -0.3540870934918111, 3.754240630611436, -1.181861826957486, -7.450630906455635, 0.7564908712284234, -2.621126428144582, 0.8946736178026, 5.368971653451158, -0.4395750322466437, 1.8845137046793972, -0.5987314775031352, -3.1382300845407602, 0.32994509423430735, -1.1895501843495413, 0.3808458116545149, 1.6432450741841758, -0.18138300574935595, 0.5392288463473018, -0.18261022991955078, -0.5511158367312263, 0.03906831657568599, -0.1983084931895591, 0.06326429446218687, 0.17615426364599918, -0.02108983390001152, 0.046267329617365884, -0.016582346549823688]]
P1->P3
T_min:200 K    T_max:3000 K    P_min:0.0001 atm    P_max:10 atm
[[-19.535807311123516, 1.1295185095175038, -1.4306266765889308, 0.39907243501061396, 13.357722771387634, -2.8230280145388345, 2.241478857570112, -0.7142146876767164, -11.463208323316117, 2.822201424401741, -1.3951701913625811, 0.5076885554827255, 8.026850277947473, -1.8731363709318158, 1.0584670805124203, -0.33673460677149103, -4.785936423755871, 1.2031019642354464, -0.6749699446530849, 0.22017377427261026, 2.414193660885427, -0.5936018283471939, 0.28319521470955744, -0.10081055715571426, -0.8422843309629165, 0.19333094891083616, -0.10538087078870902, 0.03317937532932939, 0.24982741453091792, -0.06372582423081823, 0.020161312509598746, -0.008099323332419485]]
P1->P6
T_min:200 K    T_max:3000 K    P_min:0.0001 atm    P_max:10 atm
[[-21.680772683616656, -0.04238567769756729, 0.028982303909249, -0.005339923944720277, 10.189101015799748, 0.06576470978330176, -0.0445763512800446, 0.00868576012344541, -2.8508609499716737, -0.04317904641361632, 0.028171050413972297, -0.006515962707977039, 2.283937452540686, 0.03662882569998851, -0.023257844907912956, 0.005749442184469025, -1.2004398947936223, -0.024187089425872603, 0.015366669777163134, -0.003701702511029471, 0.6651765837366784, 0.010638946801522121, -0.00675619102349213, 0.0016379501242691382, -0.2169630663218097, -0.0048773528244863435, 0.0030396483013766253, -0.0007677325420869632, 0.06690744417620151, 0.0015632677911090426, -0.0009485928027512752, 0.0002451147985178424]]
P1->P4
T_min:200 K    T_max:3000 K    P_min:0.0001 atm    P_max:10 atm
[[-18.992346001093903, -0.06654879500877087, -2.112491775418579, 0.5967282179771053, 9.822936015495205, -0.5372473830472233, 3.545958981238403, -1.0920102658809696, -8.309332286534486, 0.9494918084987719, -2.4565925197965557, 0.8188501097528887, 5.949088980506659, -0.5676639719358854, 1.7827852401978703, -0.5497310348746313, -3.4917462604152174, 0.41656959903948126, -1.1208494684569015, 0.3493527324455317, 1.8235526603946521, -0.2253145523022192, 0.5020936714099392, -0.1654739044786534, -0.615400376630532, 0.05465099309313774, -0.185151336508651, 0.05675010752024717, 0.1978688577956374, -0.029308723407876918, 0.0418592603205925, -0.014437294634879258]]
P1->P5
T_min:200 K    T_max:3000 K    P_min:0.0001 atm    P_max:10 atm
[[-14.24896281006396, -2.7199664195152424, 0.9449701151618952, -0.7537079401191484, 2.6789442395802894, 4.947898057891411, -1.9006062862133462, 1.3032320778517739, -0.20537111401767685, -4.295120537402225, 1.9389946034642425, -1.0282654783173317, 0.13705174361233913, 3.4321769483820868, -1.6003430704696286, 0.8106187032192379, -0.0295308017657179, -1.9491747172798937, 0.8743755383401972, -0.47650225139969427, 0.13198274699359727, 0.8654264624546995, -0.3878742787702397, 0.2116351255802241, -0.004860923455971942, -0.3522613327225772, 0.15994196579574835, -0.0858846204146622, 0.030404565717161526, 0.06396295992271314, -0.025640648550604276, 0.017474789251055185]]
P4->P6
T_min:200 K    T_max:3000 K    P_min:0.0001 atm    P_max:10 atm
[[-62.98783191819463, -0.1738527360823099, 0.08529172530412164, -0.035669885649179556, 45.79013520228947, 0.24562998654922394, -0.11992307961953785, 0.050856263500976384, -2.3622535257683297, -0.11742033816962882, 0.05617499420681046, -0.02513772161297385, 1.9904306527334972, 0.0888305336986086, -0.042396211970026236, 0.019072811203798286, -1.0156980590393359, -0.06188709967389676, 0.02989587066092806, -0.013074531763290688, 0.5769898927292479, 0.026411809017065233, -0.012732883920849968, 0.005606130518020607, -0.1847637751285939, -0.011295813189322313, 0.005454445134605331, -0.002391511883086872, 0.058591785340551227, 0.0033816581977044358, -0.0016747883236387286, 0.0006942359784565335]]
R->P2
T_min:200 K    T_max:3000 K    P_min:0.0001 atm    P_max:10 atm
[[-15.773233102192522, 1.7835837835332216, -2.4307550992878975, 0.467936032889853, 6.123294319179236, -3.813304285436645, 4.2369068888804104, -0.8941090622632398, -4.515162500270098, 3.4968553329852865, -3.04813752824251, 0.6832751277261097, 3.275392054107142, -2.4331108315272814, 2.1469325784290874, -0.4371032963188081, -1.9680120374831347, 1.514906501684598, -1.3746838123155563, 0.2900339714095026, 0.9903293462474689, -0.7462895806207404, 0.6474876280557821, -0.14635306457524097, -0.3460515391652403, 0.26450124668594954, -0.2396604686788236, 0.050762559363789844, 0.09910890362194698, -0.07084021681397142, 0.06286373278730677, -0.01566855662950334]]
R->P3
T_min:200 K    T_max:3000 K    P_min:0.0001 atm    P_max:10 atm
[[-15.057203161707879, 1.2805613341237905, -2.2633073008518134, 0.6327746619730972, 5.767980641423147, -2.9485596329106714, 3.888046865023846, -1.1914077470741748, -4.653803452523293, 2.8697086295735192, -2.765427068085156, 0.9165895662667202, 3.2612703784245656, -1.9880951503282964, 1.9784372014723237, -0.6073588986987495, -1.9835581099762165, 1.2256881114286429, -1.2495692446816369, 0.3887081360704853, 0.9763666440359435, -0.5950531184609951, 0.5734012861400123, -0.1886389789930376, -0.3419018898556069, 0.20319370297336165, -0.21192073423063051, 0.0662745618444873, 0.09373053742474494, -0.049845735596868536, 0.049468099165813476, -0.017724310508389938]]
R->P1
T_min:200 K    T_max:3000 K    P_min:0.0001 atm    P_max:10 atm
[[-14.618690469634405, 1.4120275517376513, -1.9541104979968653, 0.6094943510080892, 6.199112290725571, -2.999799427346467, 3.225945206859412, -1.1375114960818729, -4.897602105626919, 2.6469589355996295, -2.1283355953320324, 0.855261911157986, 3.286306099094455, -1.7967649253456253, 1.5192880364005572, -0.5603119908686929, -2.0553251903474883, 1.1418965540865984, -0.9770527151262367, 0.36079572224702144, 0.9865303877585346, -0.5478997401960832, 0.44021744603895696, -0.17355260317554044, -0.3528611315590744, 0.18756520683097874, -0.16351004518456425, 0.06104856651746007, 0.09393346771249748, -0.047652836400908914, 0.036933561745722404, -0.016153745800070386]]
R->P6
T_min:200 K    T_max:3000 K    P_min:0.0001 atm    P_max:10 atm
[[-19.028581284492734, -0.14593518873551314, 0.07482493829227224, -0.028966810257439662, 6.677034655021385, 0.2046177973370362, -0.10446988854577156, 0.041120657472851166, 0.023779402634636654, -0.09164968617797477, 0.04613223055809424, -0.019221996649482164, 0.10968580942450527, 0.06761213253779234, -0.034023829075764, 0.014202550853492294, 0.015832163926951706, -0.049724779406105514, 0.02516210351374895, -0.010254165915145039, 0.024139968729133973, 0.021220597009531113, -0.010715561187302394, 0.004402174916506188, 0.0007300299799300339, -0.00913897019777869, 0.004621389500909387, -0.0018842969716928077, 0.0017130056814446426, 0.0030266962468216475, -0.0015407676271445762, 0.000609060490618806]]
P4->P5
T_min:200 K    T_max:3000 K    P_min:0.0001 atm    P_max:10 atm
[[-54.97450455549833, -3.6695857918774877, 1.569819281789485, -0.8553574590536625, 36.86132077666799, 6.712240977029355, -3.055959245814211, 1.5005826693446866, 1.5782050151922276, -5.679432865708986, 2.8483619708725922, -1.184483429740623, -1.0266753686240302, 4.412648505401978, -2.247395485192983, 0.917253907739176, 0.7151723687344401, -2.5864854681341427, 1.2866205629522405, -0.5510606248035775, -0.22509694345331652, 1.174528903647911, -0.5863262165849957, 0.24906995764755568, 0.13086770925046173, -0.4722616805612087, 0.2370779909047487, -0.10014104625230219, -0.009636357069649746, 0.10401807807918315, -0.04974581115537053, 0.023374453891184657]]
R->P4
T_min:200 K    T_max:3000 K    P_min:0.0001 atm    P_max:10 atm
[[-16.580083657122035, 1.6557733721778645, -2.554241265570726, 0.552719929056262, 6.135666670686303, -3.6150181868504867, 4.456896611287497, -1.0472865586915199, -4.677860549881593, 3.386913347523476, -3.2328930324554, 0.8052717880251453, 3.382779453450084, -2.3553061553492185, 2.2897304011470525, -0.526108015069143, -2.01932541917695, 1.4522738619540654, -1.4493911462270272, 0.3418462821881757, 1.0181761788410721, -0.7125478323494683, 0.6778451618385434, -0.16959019660176658, -0.3525948071849063, 0.24893871123783992, -0.25063039953245475, 0.05922065326826947, 0.10044810301884252, -0.06378958191746942, 0.06278394943469924, -0.017097662760885687]]
R->P5
T_min:200 K    T_max:3000 K    P_min:0.0001 atm    P_max:10 atm
[[-11.909166720495644, -2.3699688338218845, 0.8766488820516457, -0.5723509912301185, -0.37055726932758476, 4.154930073147125, -1.7027922697048548, 0.9611128034038048, 2.4540069800586077, -3.4377923202432754, 1.6737072468196783, -0.7335765855814688, -1.8359293147530282, 2.8017292972837833, -1.4066866991631668, 0.595511784252421, 1.103640967530302, -1.6426819089562759, 0.7964568930845131, -0.35900445311724277, -0.48297060499949707, 0.7246812124243436, -0.35261513732793287, 0.15765278803559732, 0.19953959963528278, -0.29902796558296824, 0.14713181168321063, -0.06486000933743054, -0.041745989945212884, 0.0637542287227563, -0.029532494113768844, 0.01465814117162903]]
P2->P3
T_min:200 K    T_max:3000 K    P_min:0.0001 atm    P_max:10 atm
[[-20.2434068389272, -5.592220448011167, -0.3143699595245821, 0.2331438396577722, 6.780124948174147, 9.046773477340786, 0.5256880358025445, -0.4767132538993388, -0.7559927188620628, -6.077731876462921, -0.30985471213833365, 0.3773127434834256, 0.7266982875621033, 4.483699135753737, 0.2157283923884017, -0.22950299036237554, -0.3419038035716626, -2.690123461124863, -0.18448736954681613, 0.16203151161462093, 0.31665349618845295, 1.223466053975999, 0.07220873905533641, -0.08157464888386318, -0.04224165692184307, -0.5114987786878659, -0.00989937829313703, 0.021965298562114054, 0.0533494198538737, 0.11083519385549206, 0.00519680213864685, -0.007546403097718567]]
P2->P5
T_min:200 K    T_max:3000 K    P_min:0.0001 atm    P_max:10 atm
[[-21.41769566343427, -3.4964540120276397, 1.4971141161326154, -0.7995900278434133, 7.872085692270888, 6.35195797099535, -2.901914868109812, 1.3953772552121915, 1.5462686952395313, -5.3286298508366, 2.6956958639909017, -1.0946170622365996, -1.0310088447360968, 4.154965599849552, -2.136758336593471, 0.8517089917491274, 0.7126217630383173, -2.448649780908817, 1.2291379050977624, -0.5140948562662075, -0.2289190038160902, 1.1095440221206845, -0.5590968101658732, 0.23176225380547355, 0.13074269341716466, -0.4471672914978792, 0.22674856947788108, -0.09335854312054644, -0.011510836049618943, 0.10064770909759187, -0.04878462090259029, 0.022143930254427187]]
P2->P4
T_min:200 K    T_max:3000 K    P_min:0.0001 atm    P_max:10 atm
[[-21.85293280716774, -4.356359564724718, -0.8944023328919057, 0.1760782144196359, 7.230984607723967, 6.872261457121969, 1.6002564104765367, -0.37087224410458247, -0.7513203438732977, -4.369580924656255, -1.1754109564558832, 0.2945311995632089, 0.8602520937601917, 3.2392019920525272, 0.8187321614307931, -0.16990288306696502, -0.34275983662600173, -1.9999849246138566, -0.5396200459776738, 0.12541037327281468, 0.3241013646764294, 0.9036315710341382, 0.24721937510541472, -0.06736273285791641, -0.040891227270558175, -0.3899618041310192, -0.0746218536086764, 0.017186167432743947, 0.04163852960607829, 0.09816465068283349, 0.017824446499573657, -0.006121632184328913]]
P2->P6
T_min:200 K    T_max:3000 K    P_min:0.0001 atm    P_max:10 atm
[[-29.21878004134872, -0.18614951887764164, 0.0902494505762389, -0.038240264415274075, 16.435613238709244, 0.2589924600011013, -0.12467836338831959, 0.05358741266969043, -2.119615816437043, -0.1166467661478365, 0.054519485081796416, -0.024872046385264805, 1.7826098116516478, 0.08750245726197847, -0.04079800056673608, 0.01874148444442803, -0.9032697005014036, -0.06272732727372787, 0.029730699575427486, -0.013220717982931509, 0.5200757073192814, 0.0267726551446291, -0.01265333484173933, 0.005656613803110346, -0.1641957640893802, -0.011483891368963998, 0.005445647864282884, -0.0024250763078671215, 0.05333446384782322, 0.003565459662792387, -0.001739962677779968, 0.0007322928499987658]]
