==============================
B1_Frequencies_1
P1->P2
[[-9.494695737409283e-05, -0.00017421663913585902, -0.00015695097992296736, -0.00012373952670800695, -9.633073162760853e-05, -6.854389788844752e-05, -3.850248679265385e-05, -3.510456514783217e-05]]
==============================
B1_Energy_1
P1->P2
[[-1.4962013984505495e-07, 2.2392268568758385e-07, -1.613003673791015e-07, 4.950094827354614e-08, -2.7367888103183346e-09, -2.4664434510205066e-08, 2.1547762259297235e-08, -1.5894450946965862e-08]]
==============================
W1_Frequencies_1
P1->P2
[[0.0, 0.0, 0.0, 0.0, 0.0, 0.0, 0.0, 0.0]]
==============================
P2_Frequencies_1
P1->P2
[[0.0, 0.0, 0.0, 0.0, 0.0, 0.0, 0.0, 0.0]]
==============================
colrel_Epsilons
P1->P2
[[0.0, 0.0, 0.0, 0.0, 0.0, 0.0, 0.0, 0.0]]
==============================
B2_Energy_1
P1->P2
[[-0.0016662580596197034, 0.0014579946160731038, 8.640693340400242e-09, 3.9042717914238695e-09, 8.484757191348314e-09, 1.1611007622311867e-09, 2.6076060632452108e-09, 3.0366196166659846e-09]]
==============================
B2_SymmetryFactor_1
P1->P2
[[-0.43427488317516416, 3.544654161250325e-05, 2.8626316977718687e-05, 2.1410828462835463e-05, 1.6536359090810037e-05, 9.28381618012158e-06, 6.4421525479763866e-06, 6.687328769134509e-06]]
==============================
colrel_PowerOne
P1->P2
[[0.0, 0.0, 0.0, 0.0, 0.0, 0.0, 0.0, 0.0]]
==============================
colrel_FactorOne
P1->P2
[[0.0, 0.0, 0.0, 0.0, 0.0, 0.0, 0.0, 0.0]]
==============================
B2_ImaginaryFrequency_1
P1->P2
[[1.1541926964870575, -1.2899409370477777, 0.06618662416756665, 0.0902926756406919, 0.003622628205163391, -0.005791748563820508, -4.0254452598440874e-05, 0.0006296865940106745]]
==============================
W1_Energy_1
P1->P2
[[0.0, 0.0, 0.0, 0.0, 0.0, 0.0, 0.0, 0.0]]
==============================
P2_Energy_1
P1->P2
[[0.0, 0.0, 0.0, 0.0, 0.0, 0.0, 0.0, 0.0]]
==============================
B2_Frequencies_1
P1->P2
[[-0.832533450306732, -0.9670341129482489, -0.4380721188413231, -0.17613570288905447, -0.058945990297954096, -0.01580040699156467, -0.0033579981886561797, -0.00041928923241200494]]
==============================
P1_SymmetryFactor_1
P1->P2
[[0.4342963960178672, 5.757925589064436e-07, -1.8115759374566904e-07, -1.4303255612869912e-06, -3.822916809306405e-08, 4.5653902665130956e-08, 1.2904061554358217e-06, 3.2028406538945726e-07]]
==============================
P1_Frequencies_1
P1->P2
[[0.33635299325108686, 0.572281984941264, 0.3630221917304863, 0.17978551830761377, 0.07310066138407352, 0.025437249957785787, 0.007669348501347955, 0.0019846624208942664]]
==============================
W1_SymmetryFactor_1
P1->P2
[[0.0, 0.0, 0.0, 0.0, 0.0, 0.0, 0.0, 0.0]]
==============================
P1_Energy_1
P1->P2
[[0.0016662641835239105, -0.0014579785019889519, 3.1173455788858464e-09, -3.20802269104856e-09, -1.425446015576415e-09, -7.419879171693185e-10, 4.320074312875941e-09, -3.7134436391577883e-09]]
==============================
P2_SymmetryFactor_1
P1->P2
[[0.0, 0.0, 0.0, 0.0, 0.0, 0.0, 0.0, 0.0]]
==============================
B1_SymmetryFactor_1
P1->P2
[[-2.0903806816631533e-05, -3.788485608206838e-05, -3.168890521903612e-05, -2.479901561026123e-05, -1.8464725377594448e-05, -1.2374618064696696e-05, -6.835440018193177e-06, -4.172086047937667e-06]]
==============================
colrel_Sigmas
P1->P2
[[0.0, 0.0, 0.0, 0.0, 0.0, 0.0, 0.0, 0.0]]
