==============================
P1_SymmetryFactor_1
P1->P2
[[0.4342959165773209, -1.6180592968422874e-06, 1.646128809731588e-06, -1.9697813133960223e-06, 1.727760676803861e-06, -2.2707056871010835e-07, -7.632341655591976e-07, -2.1646257225775185e-09]]
==============================
B2_Frequencies_1
P1->P2
[[0.0, 0.0, 0.0, 0.0, 0.0, 0.0, 0.0, 0.0]]
==============================
B2_Energy_1
P1->P2
[[-0.00042171637392610626, 0.0005270155968754542, -4.18896190797022e-05, -7.778867022345935e-05, 3.844453259277934e-07, 1.20603936811762e-05, 4.206795423356859e-06, -7.068532093800335e-07]]
==============================
P1_Frequencies_1
P1->P2
[[0.954616923904736, 1.4438617541801104, 0.7886560011456066, 0.3544125486212015, 0.14327304419639222, 0.05519843307433269, 0.019974557616187612, 0.007425004875999977]]
==============================
B2_SymmetryFactor_1
P1->P2
[[-9.78902144290632e-05, 0.0001515953595620857, -6.62127676278783e-05, 1.174805545909845e-05, 1.914344002779632e-07, 1.4982701997284093e-06, -9.656548355481564e-07, -3.5292309300408684e-07]]
==============================
P1_Energy_1
P1->P2
[[0.0016662614325142703, -0.0014579782496753158, 7.966346670488777e-10, -3.360518661532727e-09, 2.446037914529774e-09, -1.3788440450107359e-09, -2.736688244079615e-10, -4.879915288588582e-09]]
