==============================
colrel_FactorOne
W1->R
[[1.0607319801835124, -1.8100624645901577, 0.764808716044542, -0.17685980695226544, -1.100382856189349, 2.9794358456064476, -1.4679792234429108, 0.3530170173664504, 1.0813591573362977, -2.2183354528940535, 1.1170341141996907, -0.292279134405733, -0.586443458317526, 1.479275277684097, -0.6802383482285683, 0.172135413865657, 0.3885045774863516, -0.8761914980291379, 0.4257027825614228, -0.10034098262730984, -0.18731387386268844, 0.4511983554187507, -0.21771380100970886, 0.055447789016541724, 0.06023229530454881, -0.14608115992032678, 0.06916573726395937, -0.017045562724796143, -0.009043231934527246, 0.030293135374794892, -0.014421097290298003, 0.0029782375567293452]]
R->P4
[[-1.1735745025233555, 0.8765243332618106, -0.8746449824780465, 0.5493458767448259, 1.9634191316645002, -1.8001966079783722, 1.5379029659474917, -1.0054424587929025, -1.378408490162673, 1.6007128313549417, -1.1978510882373283, 0.7809102896659129, 1.043189893542145, -1.165173918258849, 0.9327342770835421, -0.5590141141398187, -0.6464533882599856, 0.7132861487457329, -0.5634995785651309, 0.3491472491167538, 0.26643311041567547, -0.2997946696446792, 0.2310995576614362, -0.15721016981666555, -0.09399918296801209, 0.09231828809292321, -0.08117178919933868, 0.05507653271128588, 0.017487296359217756, -0.017055228787091828, 0.013538146148368287, -0.012732446873236823]]
W1->P3
[[-1.0458626651298502, 0.9905726688523611, -0.675187584744738, 0.40333165962539336, 2.1876792440426565, -1.6603969966493564, 1.1858865528175568, -0.7536535058537812, -1.6083739984455616, 1.4922555048802815, -0.9987024924024228, 0.6108119123679486, 1.2334372356550904, -0.9755002634016732, 0.7018562414091427, -0.4373120927158672, -0.6728524810922962, 0.5934405738270738, -0.39209121111900636, 0.25705824438100117, 0.34161572960730824, -0.27427025287961077, 0.1917318020452372, -0.12374585014830053, -0.1260987196003331, 0.11252259836372791, -0.07414247048334228, 0.049830942180603924, 0.022346026452261976, -0.011552361501399142, 0.007224429734918358, -0.009614158996080077]]
W1->P2
[[-0.32394524138971886, -0.47142504213088565, 0.3063319397292368, -0.12605014676436715, 0.9536066212021033, 1.1041611066644823, -0.7135980892025438, 0.2512819324201992, -0.589973991436686, -0.674613196816014, 0.49485622568823534, -0.19723736001359152, 0.5749174428675123, 0.47872923904360815, -0.2995216459633374, 0.11762519966275564, -0.2958064808354954, -0.2560730660270892, 0.19015628344493643, -0.06627835470327423, 0.17330316468132304, 0.1133080514982026, -0.08161421707623938, 0.03213734380952305, -0.08251950403616118, -0.0015334467577002666, 0.006773115761318507, -0.003141289273198537, 0.02485741804287648, -0.003100885622082707, -0.0013232807881909722, -0.0006385251225129804]]
W1->P1
[[-1.258541743781783, 1.4389081318552979, -0.6693560881088061, 0.2331704980412042, 3.2933709424365913, -3.4459750120584642, 1.4429224257660171, -0.45910196438270023, -2.6512269877615653, 3.1420283082967617, -1.300871290764321, 0.38661343098220297, 1.9645776698116955, -2.197989712222183, 0.9764585051872489, -0.2963464607299133, -1.1151460865748923, 1.2966128835246589, -0.5457764903266271, 0.17232771730493698, 0.5520712126554291, -0.6131618036769567, 0.2652380080667799, -0.08032207703002889, -0.20786034128696163, 0.24385395680413943, -0.10589811804752966, 0.03330449709515043, 0.05393413271164905, -0.0601556696476023, 0.02627706601840951, -0.008571503475706602]]
W1->P7
[[2.5865124955355587, -4.837616493506157, 3.021287179191543, -0.6665216318726336, -4.314837304712123, 9.10685804311058, -5.819267806664244, 1.2844452377228481, 3.890335772784455, -7.454821493846625, 4.721484467670695, -1.04708325796365, -2.51282737697155, 5.086635339708764, -3.1727631548345836, 0.6904470159676671, 1.5055309750683927, -2.9696142013031728, 1.8868833838652013, -0.4049911888664917, -0.7387969730937627, 1.4685829602612606, -0.9149914820539267, 0.19816950968230104, 0.25803884573217856, -0.4959385535354881, 0.30004801210889714, -0.06057568442878794, -0.028727355991835863, 0.06323556862772621, -0.03966734681232706, 0.004271519772328637]]
W1->P6
[[-164.99434478033476, 294.35148134937987, -143.06825394428967, 19.76443835723817, 306.92977153025896, -540.374145432201, 259.57151053310446, -34.86908293505029, -239.6110472259648, 420.78435754086047, -199.30331192484968, 24.946185329952392, 155.8120319456053, -275.6923622264789, 130.70882963830147, -15.14802642851419, -83.35355203188196, 148.62524583233804, -70.04485849788738, 7.050230431323779, 36.96793431538165, -66.68410255255347, 31.556800813420182, -2.8305956395537537, -12.30115628427727, 22.331102253682246, -10.493435408206167, 0.7829102490935193, 3.106323860416304, -5.698078011137634, 2.7607784239746556, -0.2503938627226707]]
W1->P5
[[11.961273326797052, -15.456654206417229, 3.9115422480775197, -0.03617851384983827, -18.94977869830059, 25.639205661891957, -6.590517277778855, 0.014797512464449129, 14.336959743172505, -18.663356532229585, 4.5942520400074125, 0.07921164450228135, -10.11939101140906, 13.381293070072331, -3.2642912120724503, -0.04697628042512048, 5.943963305891196, -7.78914108157854, 1.8845307654840113, 0.0457795717574164, -2.9559195426613076, 3.9210181023072836, -0.9776384201312935, -0.008111039715229102, 1.0703600629640069, -1.4155128358635738, 0.35303914734389724, 0.0022933367261232843, -0.2847535345613716, 0.38556575267345217, -0.10151516725135803, 0.0016068335561211138]]
W1->P4
[[-2.0750394233849025, 2.6167336522749105, -1.8884449153729812, 0.6317263407047681, 4.111700504775713, -4.602579419080338, 3.409860722463095, -1.1759049717810703, -3.155780194439257, 3.9153497825710706, -2.821105859818896, 0.9580352999927984, 2.329764228334, -2.642698962561164, 1.9591135746216441, -0.6781873123010981, -1.3168407356181406, 1.5657912806258112, -1.1281739700621345, 0.40153260870066615, 0.6488173026025741, -0.7309977367539171, 0.5387092926272676, -0.192996662471434, -0.23859462590525013, 0.2703840681647551, -0.19638939244815543, 0.07537892708741868, 0.04795984918385296, -0.04206579905575175, 0.03010066341944724, -0.015015114341113939]]
P5->P6
[[0.2629560288011648, -0.5169454973136904, 0.24239107407324798, -0.10828257292800599, -0.32049352555281435, 0.6353960063007269, -0.295541966236644, 0.1326618528891285, 0.05599420351550761, -0.12395885295227603, 0.051979465691147676, -0.025592172706769264, -0.022707853670727772, 0.058574118281379615, -0.02137455155915874, 0.01259082656229206, 0.0349367537242067, -0.07630602337970864, 0.03250233493416769, -0.016314711222232083, -0.013028757424568084, 0.029007004345959472, -0.012162683612383218, 0.0061949969466604535, 0.004957759405135619, -0.011324878831465468, 0.004649823225650155, -0.00248382570088473, -0.002488464786907525, 0.005282567100935639, -0.002324255442797549, 0.0011613032781118977]]
P5->P7
[[-0.04688560370538242, 0.07792632606215957, -0.03979992178258661, 0.012102457272964984, 0.08762653244551322, -0.1457467512628863, 0.0744082254350069, -0.022675316403580816, -0.07043969991824221, 0.11723299349436263, -0.0598243079833664, 0.01826918515998743, 0.048161890957889676, -0.08016137125921456, 0.040901743668611476, -0.012502740240507055, -0.027677918194998652, 0.04610180149972936, -0.023516611895706772, 0.007211202919424944, 0.012623299655351526, -0.021047699223799496, 0.010732267716677036, -0.0033077585822351148, -0.00418822608003858, 0.006997494891501624, -0.0035684634981998737, 0.0011126186724826083, 0.0008610068877152896, -0.001446983734275615, 0.0007398012586036254, -0.00023622698532139988]]
P6->P7
[[0.1195117948049255, -0.20334778049471686, 0.10908432010249465, -0.03646042566433591, -0.222703466294665, 0.37868303876616405, -0.2032358736585662, 0.06781848799306325, 0.18019221992397658, -0.3062071284462699, 0.16438135693724742, -0.05475620362057244, -0.12575166025938134, 0.21367144455419773, -0.11465329418593796, 0.03815904257616123, 0.07386905558484771, -0.1254272797876782, 0.06728284057391254, -0.02233181078858833, -0.03513932756299046, 0.0596183491094752, -0.031966013356431504, 0.010575882050911489, 0.012470951218480908, -0.021137905714999492, 0.011323086423537014, -0.003728299158451402, -0.002667312626855484, 0.004510092320440126, -0.002411983000085577, 0.0007857213247557053]]
P3->P4
[[-2.8085126598609937, 2.2933417563224907, -0.7114506331738829, 0.31092758898953715, 4.7449368792221325, -4.175490882678285, 1.1998568064426285, -0.5619395058527816, -3.4285336430463, 3.3077360066021915, -0.9065169466671376, 0.4318315001858559, 2.530224242283263, -2.363434097020093, 0.7057272558875022, -0.3092577846222884, -1.4672514151976082, 1.325828599198071, -0.3665909743864932, 0.17990218789330675, 0.6128632522127262, -0.5388044732095856, 0.11417770016489236, -0.0667585384980069, -0.2369691560930544, 0.19595788851374238, -0.04545950171708616, 0.021257288614141452, 0.04569069365235808, -0.03757569187081434, 0.005620723610371524, -0.005007875723439853]]
P3->P5
[[-1.9294989662097406, 2.117618919089718, -1.744436566409293, 0.21238616276180125, 3.1041185373285005, -3.4352469336433717, 2.7654231265161506, -0.2832559471919662, -1.9045967378086694, 2.0681442261615786, -1.6291346339211294, 0.04428414755891334, 1.3943222757490168, -1.5013386007515357, 1.1822384100076195, -0.004708704653297748, -1.0209876732015732, 1.1840726880758088, -0.8852907672050266, 0.06380147399198859, 0.4762548986107823, -0.5641281597625148, 0.4132604277705332, -0.03436835965518433, -0.18258718146579794, 0.2129396994660759, -0.1581225994712616, 0.010989992939193435, 0.06802140857415878, -0.09145086239250827, 0.060805214731997216, -0.011252562376588731]]
P3->P6
[[0.27604795127807985, -0.49327692678641405, 0.2536966299777316, -0.0989256212972919, -0.3398241832330185, 0.6126399411764397, -0.3136472893394736, 0.12555044894450254, 0.07601844082102867, -0.14822923580645825, 0.07268939262548493, -0.03559825768994535, -0.05213057482907663, 0.10353854296214336, -0.05012619192431475, 0.02553644037832857, 0.056107655295265915, -0.10518539256257252, 0.05264122538308255, -0.023423868470857843, -0.021269238718911263, 0.04039690151637597, -0.020064839057537684, 0.009234967921530775, 0.009897268291980071, -0.018664149080521844, 0.009288221544525506, -0.004193402677004419, -0.004462589235360673, 0.008088308110480502, -0.004132779332528208, 0.0016913074789275731]]
P3->P7
[[-0.00011625286699156547, 0.0001058707677987588, -0.00012812962802536237, -0.0002280346808738116, 0.0008985392260196454, -0.0014297652924759648, 0.0008672526082375401, 0.00017580016874170804, -0.002216076514415874, 0.0037513904128199825, -0.0020700232174967544, 0.00036296385197466047, 0.0032178285525808845, -0.005489097608616585, 0.002979438501851761, -0.0008061878403317289, -0.0033946645359875798, 0.005823630791906722, -0.003130722894894635, 0.0009747757406572106, 0.0025128961891403324, -0.0043203030590698785, 0.00231427097462441, -0.00076315424682609, -0.0013143495190533257, 0.00226355003730549, -0.0012091425834850165, 0.0004121161867494632, 0.00029519251920791505, -0.0005131860929025294, 0.000272866787377732, -9.693109471285296e-05]]
P1->P2
[[-0.17896968932481375, -1.0242583119755373, 0.4084873049459135, 0.17682239341833675, 0.1701476094379741, 1.5812822575827181, -0.7680791913986261, -0.32464202784069457, -0.009434247678118093, -0.98375074689131, 0.5838467176075561, 0.24788254621330114, 0.09281144430696327, 0.6699928462199594, -0.329131282459265, -0.1858103025427096, -0.06870939282387095, -0.37715548481907685, 0.19106928525602698, 0.123781788605685, -0.010187831590315725, 0.21347833237604993, -0.12480630495785015, -0.048350972509466135, 0.004165500910976185, -0.0957728649342201, 0.048711024453802404, 0.015039489804118854, -0.0010455578302493752, 0.014193334070274462, -0.010559650682232198, -0.004682684919776427]]
P1->P3
[[0.17497576910893572, -0.6243037558319822, 0.31662165842863854, 0.0800954768823718, -0.4926562444164918, 0.7602615225499744, -0.5547041614691728, -0.15090720830183524, 0.5147613778092358, -0.27066636598446114, 0.37297203147222985, 0.11586911129574644, -0.26591340502269173, 0.18169213973292483, -0.18559492763932806, -0.09582066299927948, 0.1507170517410616, -0.07225582853637716, 0.10292830062273861, 0.06922326957290008, -0.1104939741070685, 0.05873182080370774, -0.07493527007792052, -0.022547142394608224, 0.03439283373380399, -0.027413238623436902, 0.024171420093743196, 0.007603502765192054, -0.005905751316539794, -0.010749844227154096, -0.00018407804763790665, -0.0038750371417421276]]
P1->P6
[[0.399990557435309, -0.6887449238325826, 0.36806165656429674, -0.13309573094856408, -0.570498432662875, 0.9844802930692507, -0.5269749457327921, 0.19239969794494588, 0.2643157578474733, -0.4600421589158564, 0.2473388986419114, -0.09363455636619548, -0.18663248230233212, 0.32574930864117, -0.17484465161636695, 0.0668642104499601, 0.13549496448258744, -0.2356372966931857, 0.12618196915237545, -0.047474185088778105, -0.05865355065325534, 0.10209772051943256, -0.05470786196528555, 0.020653936191389367, 0.02387400752759023, -0.041612165028450346, 0.022230567929639494, -0.008421913440734811, -0.007799325070115442, 0.013557680920814677, -0.0072134643382802234, 0.0026842610319899826]]
P1->P7
[[0.05538777384067185, -0.09257143117234802, 0.04983383456131139, -0.01621387127014065, -0.10300893639815899, 0.17212881997764187, -0.09267840223894427, 0.030139304640937996, 0.08251900562108194, -0.13786871909789988, 0.07424501932610088, -0.024135026381825193, -0.056468219476840574, 0.09434450911695769, -0.050809029834007674, 0.016514296391685827, 0.032258750791998435, -0.05388758553341055, 0.029029135935168354, -0.00942967325483072, -0.01467260889176003, 0.02450482244675141, -0.013205008856552028, 0.004285893252710132, 0.0048030437257412665, -0.00801608639928329, 0.004324721252104595, -0.0014014084539570948, -0.0008848783856422369, 0.0014765380301069693, -0.0007987991345523611, 0.00025933842321959323]]
P1->P4
[[0.12633803967129367, -1.475442413418239, 0.6617892948608366, 0.06278195729968417, -0.39760792049517274, 2.3883400092446174, -1.2168658615735146, -0.11638867654015474, 0.44486958057666187, -1.6122146254814158, 0.9270032636631379, 0.08452160050559741, -0.22159126092615233, 1.1139718892237789, -0.5715403765688666, -0.07241123398393559, 0.11709963224792223, -0.630082896734325, 0.33035469019846697, 0.056925590443198094, -0.09658028125493323, 0.32762448812435074, -0.18672806405791983, -0.016985994505301426, 0.03204297103565399, -0.13203928599512263, 0.06808316404843291, 0.004510610351698836, -0.005870496597688451, 0.01731678605430009, -0.012120679162759688, -0.002939016664421178]]
P1->P5
[[-2.8031275797738133, 3.603141384590302, -2.562589397211246, 0.5328926753877236, 4.724346433547389, -6.202708816844541, 4.287689244751129, -0.882945644700804, -3.22273138789269, 4.325894362345872, -2.8745332398425703, 0.5354049196230339, 2.334930809273692, -3.108666017478356, 2.0727366023114646, -0.3545596150297562, -1.5724236300703782, 2.1305099658787623, -1.4069206621297699, 0.27096690343026536, 0.7371923420680054, -1.0130695869902875, 0.659911722259308, -0.13263115813891832, -0.2830460570750799, 0.3853418239800961, -0.2530876012005163, 0.04866518694836493, 0.08896275512457913, -0.1285007582145898, 0.08067884722682922, -0.019743146730707428]]
R->P6
[[0.4535428105874929, -0.8045946478207201, 0.4123084385684262, -0.15432196627336559, -0.6579915188184436, 1.166232949671995, -0.5973678596664056, 0.22247324849904002, 0.31492757214922873, -0.5581230785816568, 0.28490917871048277, -0.10520569580913584, -0.2118688488167734, 0.3773306581680649, -0.19187036716309133, 0.0717297582139645, 0.14822836302244377, -0.2641055710658339, 0.13447816519454925, -0.05051545350360166, -0.06409047051580101, 0.1141497394290494, -0.05810786546243777, 0.021771633890390572, 0.024165800233881818, -0.0433294727947051, 0.021955395560068106, -0.008376280910393176, -0.0071077617308271035, 0.01277091066272015, -0.006481195084317893, 0.0025015594358259907]]
R->P2
[[-1.6374535280053604, 1.7311359766927168, -1.391814943715309, 0.6784944064061873, 2.836040980847995, -3.3820247445703373, 2.4934271405448194, -1.2454840259067177, -2.09011265893837, 2.8737288574902076, -1.9606851532623177, 0.9725394794066634, 1.54139589058918, -2.064743387794698, 1.4701123946943853, -0.6925788728668651, -0.9452249591146651, 1.2504903748127432, -0.8878384263854439, 0.43057781769917264, 0.41175588442794825, -0.5589644906445151, 0.38764749879833343, -0.1972794443647952, -0.14840189487210503, 0.19044237957419521, -0.14019874074958058, 0.0702864187457004, 0.029888530412991207, -0.0388633390917465, 0.0272715275067923, -0.016499030096235934]]
R->P3
[[-0.3653308077303009, -0.24209811803184733, -0.012509463894213924, 0.30488344565117714, 0.4410193439873907, 0.2733395514967618, -0.06880128561416052, -0.5477285941220097, -0.1420081165303056, -0.07165023465705794, 0.09487411732407386, 0.4103798032899051, 0.1824660335869171, 0.011455911944444959, 0.02743555730489716, -0.30093239140162087, -0.12585184941625693, 0.008334607837961529, -0.017200680416097007, 0.19244334072695857, 0.01405810997747472, 0.0424596409474519, -0.0320377436772588, -0.08004530309624738, -0.0016532670339147594, -0.03333663359980314, 0.015791107904357282, 0.026684942320767045, -0.004023086362538453, 0.0105513324974238, -0.008780724642510876, -0.0057318885517514935]]
R->P1
[[0.21700220316645483, -0.8346903391609777, 0.4010274506845259, 0.166674144488524, -0.6001435910972378, 1.3262113654846805, -0.8448898501889466, -0.2832455340824984, 0.6185682300596593, -0.8356250473078305, 0.7041746022871965, 0.19368543224243093, -0.32115883557794456, 0.5069048223847912, -0.37675508040580863, -0.15474457886264437, 0.18405673814100384, -0.2907497759322284, 0.22518258174983222, 0.10506608951980445, -0.13028345243323897, 0.1818055879746696, -0.14521836149765707, -0.03828263158910511, 0.04878284790464075, -0.07933986714642921, 0.054745803855969104, 0.01238347645514739, -0.016864416328007337, 0.02182166369188409, -0.01824265819079902, -0.0021004564017550985]]
P4->P7
[[0.054210720766119075, -0.09240123497742911, 0.049041025687211005, -0.01568263824725384, -0.10004438104695398, 0.17044141036866706, -0.09050589510804309, 0.028898290946304216, 0.07888874868542205, -0.13436100151825447, 0.07138400460819072, -0.022756442620241197, -0.05258141787445789, 0.08959030681578142, -0.04760909642662961, 0.015171364802224491, 0.028625810655773177, -0.048779782702420296, 0.025943289384783765, -0.008250934194446858, -0.012154086055170337, 0.020720025982072014, -0.011030513115454428, 0.0034981274284599764, 0.0036039869809601963, -0.006148905027059457, 0.003278942414513051, -0.0010343229536248471, -0.00045003507665393146, 0.0007710115589178203, -0.00041361165213956737, 0.0001278315519235323]]
P4->P6
[[0.2937825031799311, -0.5415288890025468, 0.2690749384154145, -0.10952114876037915, -0.37308798486364514, 0.6945256518300958, -0.3420175597706728, 0.14196273853472116, 0.09963129212536964, -0.19986686511560972, 0.09207780882118258, -0.04406225120448421, -0.06432129912439988, 0.13263977771805208, -0.05974717858564391, 0.030111289870896864, 0.06331224195566489, -0.12333071022965547, 0.05842566325176801, -0.026552228198712925, -0.02545789811612964, 0.05002474215800827, -0.023512610658633398, 0.010852353752941754, 0.010960348947981197, -0.021519241172183262, 0.010139588939027718, -0.004682961880069667, -0.004782389138385577, 0.008930535626570531, -0.004399183233002664, 0.001853109987962432]]
P4->P5
[[-0.47647824080626605, -0.2685911988817497, -0.40299478068390565, -0.23976141613376065, 0.437686510177737, 0.9520175532759036, 0.3117774227452262, 0.5452168080372083, 0.231217458345294, -1.4458472469504928, 0.32624258415827956, -0.6137183593342508, -0.13242645567767541, 1.0048971340750608, -0.21553599968073284, 0.4640988133097672, -0.11981940864986666, -0.3002961325933532, -0.058068332718645796, -0.21677488135093187, 0.057277581291092304, 0.12737267585006332, 0.028495670210273737, 0.09684967749223954, -0.024362774363980013, -0.04776559645537717, -0.012515517823813832, -0.03871249401181018, 0.03249856381928952, -0.03176141065953896, 0.027802430800446594, 0.0006873685213553487]]
R->P5
[[-0.8077633429897051, 0.5305614333182236, -0.7121101816627272, -0.012827226302018171, 1.1181138780428963, -0.6497809837997829, 0.9606994858693543, 0.09227824530661415, -0.35879189039867637, -0.0795460213251234, -0.255890575396887, -0.22160612195921545, 0.2329685532300115, 0.12373659440199371, 0.15298466634211505, 0.19990129279215885, -0.3055424955488375, 0.17578671619411282, -0.24609344693094168, -0.06967719905914467, 0.1435418021165603, -0.09526327608746007, 0.11609881311002289, 0.027541086449319158, -0.04988894403982047, 0.025018299698098958, -0.03939002167816515, -0.014249195086773716, 0.031225383850035864, -0.03781282225836326, 0.027293895380190045, -0.0029737711003420607]]
P2->P3
[[-2.8707370100576837, 2.5877824391832482, -1.1140643543680666, 0.48526793250074246, 4.932319686111744, -4.794246656717412, 1.9623824014475473, -0.8879190599648301, -3.6207373075243003, 3.853128880390601, -1.5277442498087999, 0.6948832032153803, 2.657766362726489, -2.7597452400976232, 1.1560401912140144, -0.498271161672203, -1.586152087246557, 1.62468825315953, -0.6667143779901028, 0.3019381882172037, 0.6851335218368216, -0.7007048370705783, 0.26462859777286335, -0.1284389372219522, -0.2597999435198884, 0.25133243022885954, -0.0980290625342855, 0.04381882767294153, 0.05857297591829475, -0.06004903966573659, 0.021027445149249997, -0.010877860590723308]]
P2->P5
[[-0.2541400572654079, -0.5758488209283443, -0.18904314620656043, -0.29103892403037207, 0.04837277796590239, 1.485505336774812, -0.058334489321706845, 0.6306678728943137, 0.5360701631905082, -1.8599327482751238, 0.6087787199108114, -0.6749941997631619, -0.3767421938821743, 1.3426183940947995, -0.4403226600616801, 0.514678271749815, 0.03983217747097723, -0.5259271414392164, 0.08963440082641709, -0.2523676772322241, -0.020756164296350434, 0.23877368746634958, -0.04352213886138258, 0.11447089722357144, 0.010515316313457434, -0.09847275654115505, 0.01952038956649054, -0.04682219598453713, 0.021720984717697022, -0.015421260025289218, 0.017823613851300855, 0.003556876433282601]]
P2->P4
[[-3.2761746678092356, 3.097003053683924, -1.7824576079504415, 0.6770345346177022, 5.722832599320458, -5.75440961711166, 3.2107586351255306, -1.246602989832527, -4.269023298521356, 4.630120333840267, -2.5316997261911536, 0.9845518490661348, 3.102278011818513, -3.3088758900568416, 1.8620537715200094, -0.7010974484464466, -1.8806949218530713, 1.9832664490111436, -1.1033025561582626, 0.42737154633467583, 0.8335730429479741, -0.8799993220147262, 0.4749294425061684, -0.19044614820110317, -0.31090542974480156, 0.3130213390706594, -0.1726120265513763, 0.06584495441112137, 0.07608698892381835, -0.07939065210300474, 0.04022940514039149, -0.01646997128304068]]
P2->P7
[[0.0557335022605946, -0.09516182717620696, 0.05110272824503813, -0.016595899657628928, -0.10296005588408508, 0.17571196620172788, -0.09441448728176806, 0.030616542393977396, 0.08154171870633305, -0.13911374498630674, 0.07480184430280566, -0.024223341714062152, -0.05471178476471913, 0.09335665007198538, -0.05022647808978059, 0.016254968834607687, 0.030039385784177003, -0.05124801948922854, 0.027609100965222233, -0.008913491116454213, -0.012929166555286871, 0.022054821150986583, -0.011905464117603626, 0.003830205364465747, 0.003918110834471962, -0.006681984643818011, 0.003618553162170537, -0.0011567504363174325, -0.0006180273080903614, 0.0010474737371629279, -0.0005702439136765247, 0.00017478450522590266]]
P2->P6
[[0.3303256500909252, -0.6118052838245593, 0.30565573797176493, -0.12592145127556192, -0.438687038565583, 0.818913793648013, -0.4077606720634207, 0.17077090221387248, 0.14782249075382115, -0.28948347819961917, 0.1406336462581677, -0.06467875660901103, -0.09416562672597147, 0.18862046970138038, -0.0901434185066002, 0.04324062328210307, 0.07904848164058333, -0.15347645917625732, 0.07464770594766651, -0.0338532762126985, -0.031915790468233764, 0.0625391381372608, -0.030278463036410557, 0.013983293433244188, 0.0125117207085503, -0.024710618919035702, 0.011850912897295127, -0.005557978567986592, -0.004695997276777998, 0.00893458709838879, -0.0043892409876014225, 0.0019285112818309075]]
