==============================
W0_Energy_1
W4->P2
T_min:200.0 K    T_max:3000.0 K    P_min:0.0001 atm    P_max:10.0 atm
[[-34.90787132447478, 0.5806860654226078, -0.1374373677902992, -0.01086561010943156, 0.014075475347627691, 41.06769228429009, 1.46127068598372, 0.11368093092387856, 0.007029366698806114, -0.0426918497051321, -2.6454371451911403, -0.3717833209842889, 0.10225942502975294, -0.07083005265604626, 0.03284359863920363, 0.9266258516131707, 1.2374447223504619, -0.34685315909981057, 0.15093821155953402, -0.04378276390735012, -0.762987060314231, -1.0703055738448999, 0.3332472111942852, -0.12228601727851389, 0.03455301462690699, 0.2899132184586398, 0.5892041300020737, -0.18266030388339258, 0.061778302729586246, -0.016823198514846732, -0.210598363347556, -0.39992132374083067, 0.13682668389110192, -0.04845737064412564, 0.011992495404497346, 0.05466640561524224, 0.15450995535319914, -0.03992352341712979, 0.01269551125517602, -0.004008277134751761, -0.04161767472392808, -0.028018505668409407, 0.0019051802060831113, -0.00019490007227905998, 0.0008001669920224179]]
P1->P2
T_min:200.0 K    T_max:3000.0 K    P_min:0.0001 atm    P_max:10.0 atm
[[-9.768038124847749, 0.0944624154708915, -0.041456438222590694, 0.023035893879945417, -0.001601295059675617, -0.2617991609938178, 0.2334504336140128, -0.1808250029259303, 0.06594999891435292, -0.025367409584897884, 0.48716729288727145, -0.6038867661849984, 0.4121485035268004, -0.16602506667791583, 0.0517421821210778, -0.26620035595336267, 0.3250390290354698, -0.23271196960037702, 0.0937516049301251, -0.03308381966286127, 0.11544132368084607, -0.07226748588925365, 0.063250495649041, -0.024582634895040437, 0.012255279678706031, -0.0621645150461729, 0.04822074702318507, -0.03864755700973063, 0.015106764554281088, -0.006579416141606325, 0.04302874698261864, -0.03186359152129729, 0.023533753054530714, -0.009285454708958309, 0.003463271240007957, -0.013472473765139178, 0.010001446238739256, -0.007454659402455004, 0.0029222753763973124, -0.001105368793981566, 0.005790472166236548, -0.002881477640862844, 0.0020276264344496423, -0.0008038234080518695, 0.0002686158866799092]]
W4->P1
T_min:200.0 K    T_max:3000.0 K    P_min:0.0001 atm    P_max:10.0 atm
[[-47.720792390344954, 14.483089666303911, -6.925495731711327, 2.8083912158305213, -0.5995302923461858, 49.45285072000028, -6.6585227725303415, 3.7514211037696223, -1.3801222319575497, 0.3097929640955392, -0.06100202517413316, -3.34466637200237, 2.1436266742709953, -1.052289307935174, 0.25199389520870696, 1.2002106816469162, -0.3801377435202144, 0.1297052716088534, 0.06520627257337973, -0.053277207006613196, -1.0452514632524321, 0.147988229023342, -0.06363896712319506, -0.043491185270635856, 0.027248171427404606, 0.37074409312006823, 0.0867675024811964, -0.06053496350287478, 0.059912381856157486, -0.024004621910678887, -0.2619363442001028, -0.05418388439920692, 0.031215392738461648, -0.030462536414348897, 0.011744543765845576, 0.08259165094399866, 0.010758686207639421, -0.005556091930556989, 0.008872506686318418, -0.004099800499843473, -0.04297581691057602, 0.0011775106527311624, -0.0019139149298294193, -0.0010562235700509095, 0.0007403547452926687]]
