==============================
B7_Energy_1
P3->P4
[[5.397882828030293e-05, -2.0950212447347266e-08, 3.110447580927065e-08, 8.612578568302409e-05, 4.455177048498507e-08, -4.706888974856326e-10, 5.656253941456334e-05, -6.44183397707287e-08, 2.397442365536991e-08, 8.214238246423376e-06, 3.9521103075063726e-08, -4.266565771214039e-08, -1.7915255999685928e-05, 7.553221316507333e-09, -1.4891047530247165e-08, -3.323687067326644e-05, 5.663531484546283e-08, -2.7708572293400023e-08, -2.5512534884652936e-05, -1.7755655937329528e-08, 1.2836217329213835e-08, -1.1689128103451943e-05, -5.348220106205363e-08, 3.067300134522265e-08, 1.8195380745495225e-07, -2.2894212168712702e-08, 1.8188625565482777e-08, 9.809097672546148e-06, -1.730577394310033e-08, 1.6676102073346753e-08, 6.028385319733634e-06, 5.32256444015255e-08, -2.571521156033138e-08, 7.217400396067727e-06, -3.4933464234371166e-08, 1.3979880446960132e-08, -1.8841042307540459e-06, 1.225682699913392e-08, -1.0514952350391682e-08, 7.700870397001513e-07, -4.1806596412243334e-08, 2.1335578662119816e-08, -4.263154607160487e-06, 4.653774740945602e-08, -2.336643831648886e-08]]
P3->P5
[[-2.909433650823444e-06, -1.9382768601121843e-08, 9.267123813778264e-09, -4.872839557113049e-06, -5.780634774503603e-08, 2.694776968360897e-08, -2.7968025803572985e-06, -1.3024367935541798e-08, 9.163394561470138e-09, -4.498950119736035e-07, -2.2829341976939725e-08, 1.4884435858393359e-08, 9.732451867649924e-07, -6.198215503960446e-11, -4.894343368236968e-10, 1.3662101706690887e-06, 9.979169010996543e-09, -2.194142636369643e-09, 9.712535362871782e-07, 7.234723677727523e-09, 2.4114740818572113e-09, 3.936918322031233e-07, -1.638771643745076e-08, 1.0509221115812124e-08, -1.9580458772103858e-08, -2.520090421852033e-08, 1.4204033109575198e-08, -1.9992724933072096e-07, -3.275854115676884e-08, 1.7173235382124114e-08, -1.520803149382156e-07, -3.3334992598851186e-08, 1.7327052434358224e-08, -1.2221302075076946e-07, 9.177296058552746e-09, -1.538245733610235e-09, 1.9713463388788627e-08, -4.070790965390241e-08, 1.7583145083401603e-08, 1.047973756371908e-08, -2.2819625163926473e-08, 8.503275732841132e-09, 3.9518130415530546e-08, -9.13669186483264e-09, 4.898976899773122e-09]]
P3->W3
[[1.2284113873211065e-06, -1.0274622241749662e-06, 1.0093993160693122e-06, 4.327550735543415e-06, -3.351883201990226e-06, 3.5678982866632807e-06, 2.4285524822075922e-06, -2.011579539652325e-06, 2.0004047115150305e-06, 3.887561743404321e-06, -3.007764714005019e-06, 3.209564533707458e-06, 2.4046717777322994e-06, -1.9477885316652824e-06, 1.984464111718699e-06, 3.116022039662249e-06, -2.4079736664710817e-06, 2.575913074888679e-06, 2.320352510213524e-06, -1.8159424427290106e-06, 1.921775018433945e-06, 2.123217109230668e-06, -1.6524823183964539e-06, 1.7599617766128761e-06, 2.190989167232851e-06, -1.6829876080961992e-06, 1.8138290993617353e-06, 1.2181346037098018e-06, -9.827966736341846e-07, 1.0076135453747056e-06, 2.0244977433143346e-06, -1.5084920625364188e-06, 1.6774848177685324e-06, 5.970379041100326e-07, -4.859776436502942e-07, 4.980569737638003e-07, 1.7453020326232185e-06, -1.2752234270905487e-06, 1.4439716544694824e-06, 2.207599053727967e-07, -2.1064820020873452e-07, 1.758483755298767e-07, 1.1570851377179566e-06, -8.365088566545254e-07, 9.515053696365902e-07]]
P4->P5
[[-3.039460947158492e-06, 7.878167875175931e-09, -2.1476060068246306e-09, -4.943433146238513e-06, -7.861543302456982e-08, 4.0759033127278183e-08, -2.6751180369890154e-06, -1.4590220999424146e-09, -3.175066007829097e-10, -1.0977319402569484e-07, -5.977758774667711e-08, 2.7138259311016758e-08, 1.2301994830571184e-06, 2.9186532097874602e-08, -1.487984278493036e-08, 1.48440543238836e-06, 9.818855688650621e-09, -1.5206581811516618e-09, 8.792683395228982e-07, 4.0181251985418905e-08, -1.3604705758634844e-08, 2.1259393890037725e-07, 1.9509028454536526e-08, -3.4487586955976265e-09, -1.5596269188727958e-07, -2.95737860875929e-08, 1.777745955683267e-08, -2.8376016323343455e-07, -2.2516374966821867e-08, 1.0477443023762289e-08, -1.1797453704963327e-07, -7.593957502975726e-08, 3.4023643979362565e-08, -8.695725393284613e-08, -1.0713818860436093e-08, 2.111235225053381e-09, 7.983070570898154e-08, -6.455077224232212e-08, 3.108773003604657e-08, 2.7457310566656403e-09, 1.1120872099082106e-08, -2.624434605225511e-09, 7.580929640056665e-08, -3.756888717234315e-08, 2.1247201988036497e-08]]
P1->P3
[[3.0747916927532716e-07, -2.8582574694644313e-09, 1.6464739734186017e-09, 5.012872341398349e-07, -4.8983884641751725e-09, -3.3669032339161598e-09, 2.9145345959247285e-07, 1.406918589552087e-09, 1.6753115783571792e-10, 2.584816428132744e-08, -8.126077359541446e-09, 3.3581993765831385e-10, -1.2882372239331402e-07, -1.6543631552893554e-08, 1.0032167587040297e-08, -1.9388955263329553e-07, -1.3301751324895163e-08, 6.559732766474702e-09, -1.5595608777634788e-07, 1.1368955645747215e-08, -2.6305597642995407e-09, -8.447908142395529e-08, 3.495607705046318e-08, -1.4069851804671796e-08, -1.726159302140772e-08, 3.7774419685364456e-08, -1.750048311228768e-08, 3.2915918434717964e-08, 2.3942997935764615e-08, -9.935920543095837e-09, 2.7108091136021275e-08, 9.67000021623526e-09, -7.674461812195812e-09, 2.097361256703342e-08, 1.0175185244504178e-08, -2.869452813699677e-09, -1.3802977795494277e-08, 1.1239923719501106e-08, -6.126778503980127e-09, -3.907089141180464e-09, 5.834265780674931e-09, 2.1710242563721246e-09, -1.1620579048453186e-08, -3.3688831135634002e-09, 8.03789675153261e-10]]
W3->P5
[[-0.0003270022844355823, 0.0004707139547411338, -0.00017563952469717352, 0.00042650050786206025, -0.0006147605384372442, 0.0002293455891761195, -0.00019106601407262064, 0.0002749677103161336, -0.00010329565489966792, 0.00038630425015032094, -0.0005567687522455621, 0.00020753393717300414, -0.00046988838230473774, 0.0006763339987085539, -0.00025234437756931224, 8.868569956358926e-05, -0.00012807935415420888, 4.78360447720695e-05, 0.00011865793698135448, -0.00017100218107337622, 6.337943071685939e-05, 8.796490569421267e-05, -0.00012683551656244308, 4.698185305644656e-05, -2.4776755991075948e-05, 3.537854832155494e-05, -1.3096398115806248e-05, -0.0003340522297762599, 0.0004809247599760864, -0.00017941514975007176, 0.00040138346969714826, -0.0005782091529010229, 0.00021567352971305605, -0.00016689353623491245, 0.00024034231480904702, -9.005202096279848e-05, 0.00018570897960801293, -0.00026768602315347826, 9.993419126555562e-05, -0.00044124203000342477, 0.0006354572086282429, -0.00023719707140268015, 0.0003500773439509101, -0.000504228266106728, 0.00018823788807278397]]
W3->P4
[[2.440360999647803e-06, -2.019077926345026e-06, 2.0127398469532616e-06, 8.559645263141327e-06, -6.3853079329310815e-06, 7.0942780955398444e-06, 4.86943714863605e-06, -4.007474360933739e-06, 4.015777319087148e-06, 7.735806172735733e-06, -5.7956847556483174e-06, 6.409832055356405e-06, 4.83261166233663e-06, -3.875418253457734e-06, 3.9921767879730344e-06, 6.240318389783673e-06, -4.700004447272157e-06, 5.170621745464295e-06, 4.697289697637668e-06, -3.6315317131059935e-06, 3.8871989583806215e-06, 4.284425607952708e-06, -3.2751451359180593e-06, 3.5484475927807954e-06, 4.3553269850220555e-06, -3.22137244307754e-06, 3.614900137983908e-06, 2.4074413339370564e-06, -1.8829015101610188e-06, 1.996295864247079e-06, 3.991458119753509e-06, -2.8107247084244595e-06, 3.3220423164308237e-06, 1.1861245636981597e-06, -9.393558507311963e-07, 9.852820153675115e-07, 3.3819639672901175e-06, -2.2677185802746428e-06, 2.8209494225380365e-06, 3.3918496760672506e-07, -2.670777318833016e-07, 2.84985697723437e-07, 2.2037020836350915e-06, -1.4243160567985309e-06, 1.8399709996324235e-06]]
W3->P1
[[4.569835793140905e-07, -4.7532078425363945e-07, 3.8037327255032765e-07, 2.6319443203995814e-06, -2.6774740134388463e-06, 2.196597038520457e-06, 9.508186853852079e-07, -9.82477407145548e-07, 7.934014916605937e-07, 2.363141687027473e-06, -2.406068124201126e-06, 1.9709562941890886e-06, 1.121551686862455e-06, -1.1579830050602046e-06, 9.321629422853055e-07, 1.889457533525927e-06, -1.925874779024329e-06, 1.575247559358591e-06, 1.2890135056889006e-06, -1.3135065467045337e-06, 1.077052041706611e-06, 1.2305181493286746e-06, -1.2519092569859812e-06, 1.028576400941596e-06, 1.4046343700398453e-06, -1.428129869799238e-06, 1.1723550068416588e-06, 6.220490446880275e-07, -6.372379858110564e-07, 5.194933038263667e-07, 1.4666322656593922e-06, -1.4806401842517519e-06, 1.22778311174546e-06, 2.6890090217529275e-07, -2.721677516351395e-07, 2.285098820231371e-07, 1.4033604938433978e-06, -1.4167052494092944e-06, 1.1737224472517222e-06, 7.155600310436492e-08, -7.638490143991867e-08, 5.986481352096934e-08, 9.937927424744804e-07, -1.0016593775242607e-06, 8.300811930497482e-07]]
W3->P3
[[1.2110678690741708e-06, -1.0005422472934906e-06, 9.942695310828304e-07, 4.321871318825936e-06, -3.348659817131387e-06, 3.565005686522224e-06, 2.3634770366482174e-06, -1.9123803105163094e-06, 1.953617087709272e-06, 3.869258929154655e-06, -2.9840106412414354e-06, 3.2005792362450784e-06, 2.3904069555519766e-06, -1.9243980589142676e-06, 1.9733527653888132e-06, 3.1408359425146934e-06, -2.446169885100163e-06, 2.594441254435076e-06, 2.320888053098704e-06, -1.8156949285586837e-06, 1.922394763964499e-06, 2.1072552088102114e-06, -1.6280256705460807e-06, 1.7482540021281153e-06, 2.179463828145484e-06, -1.6670769243481179e-06, 1.8035092740147739e-06, 1.1926519617768674e-06, -9.44539663184281e-07, 9.842651170142427e-07, 2.0133947286258286e-06, -1.4971917927519905e-06, 1.6693043295727552e-06, 5.515979921568089e-07, -4.1943324085489727e-07, 4.6443587274325664e-07, 1.743270502320039e-06, -1.2784237320063307e-06, 1.4440819304488796e-06, 2.1663863386829284e-07, -2.0489465371755646e-07, 1.6880173492447573e-07, 1.1878438988465462e-06, -8.867067170442738e-07, 9.73366712993157e-07]]
P5->W3
[[-0.0003270566044515092, 0.00047079945190988754, -0.0001756789448860151, 0.0004266343561538292, -0.0006149644082781718, 0.00022944824846606013, -0.0001911535713463648, 0.0002751003894964945, -0.00010335777744329654, 0.0003864189875692778, -0.0005569398240067104, 0.00020762319377738608, -0.00046994108367339463, 0.000676417152571446, -0.0002523820589143114, 8.87071299010999e-05, -0.00012811188351893893, 4.78498758035555e-05, 0.00011868858650734684, -0.00017104123247394673, 6.34065615413695e-05, 8.794384212516594e-05, -0.0001267952903301325, 4.6962030447698645e-05, -2.477306042414838e-05, 3.5373167973245835e-05, -1.309559885113198e-05, -0.00033409633244195665, 0.0004809951828487353, -0.00017944598749531498, 0.0004014406741127449, -0.0005782936858718771, 0.00021571610876861347, -0.0001669015466830602, 0.0002403545213563651, -9.006433653089356e-05, 0.0001857426630671608, -0.0002677392836357628, 9.996142070141628e-05, -0.0004413193723994759, 0.0006355774878427481, -0.00023725219040609673, 0.00035011626139484217, -0.0005042886099524476, 0.0001882604440342978]]
P1->W3
[[4.4103346698876295e-07, -4.5402388508727626e-07, 3.6794495212501615e-07, 2.587849219921034e-06, -2.6191645232407255e-06, 2.1640192562183498e-06, 9.362917254420798e-07, -9.658577818703128e-07, 7.811355103866943e-07, 2.326709635522875e-06, -2.3586929768439865e-06, 1.945361000949951e-06, 1.087897339266139e-06, -1.1125929374995526e-06, 9.091353893225217e-07, 1.8492684763921271e-06, -1.8712623658523404e-06, 1.5482442362497515e-06, 1.271267108028349e-06, -1.2909961676949522e-06, 1.0652332672082872e-06, 1.2227358789297316e-06, -1.24382663759475e-06, 1.0239741792104634e-06, 1.3918603423520784e-06, -1.4124201153383107e-06, 1.1647242038658484e-06, 6.159864965822508e-07, -6.298141610802812e-07, 5.158098508894646e-07, 1.4540879936854918e-06, -1.464359853038411e-06, 1.2195303763151261e-06, 2.7334945117028906e-07, -2.7962744326267806e-07, 2.3195299098249337e-07, 1.3913960309754013e-06, -1.4016229857092803e-06, 1.167109629708688e-06, 7.550263610396752e-08, -8.30254541080564e-08, 6.3362928677781e-08, 9.86578972944456e-07, -9.925488919130499e-07, 8.254669623763286e-07]]
P4->W3
[[2.4292195190899707e-06, -1.9972182457415364e-06, 2.0038328795277842e-06, 8.603201045849758e-06, -6.4532966745970355e-06, 7.128044599328866e-06, 4.842987033214446e-06, -3.959143137307417e-06, 3.996432406114829e-06, 7.770778298434229e-06, -5.851632130053007e-06, 6.4384080525861485e-06, 4.828754714448781e-06, -3.865600977751339e-06, 3.9903196111960126e-06, 6.274053051014975e-06, -4.752954201013201e-06, 5.197772177530603e-06, 4.7073649661232545e-06, -3.6445711518756443e-06, 3.89644603453071e-06, 4.293437828324228e-06, -3.286114260260981e-06, 3.5567453862945158e-06, 4.378568893001553e-06, -3.255213432795642e-06, 3.6330685649097188e-06, 2.407872781559336e-06, -1.8773499223136813e-06, 1.995650843154827e-06, 4.02848486875106e-06, -2.8677253297428284e-06, 3.3499912577301475e-06, 1.1781909420372222e-06, -9.225153007712005e-07, 9.788055381165763e-07, 3.428001620083729e-06, -2.3430551582565775e-06, 2.8557008214233987e-06, 3.4443747168706984e-07, -2.733930114626788e-07, 2.86551930063415e-07, 2.2481072679598945e-06, -1.4974300787983187e-06, 1.8724622344343717e-06]]
P1->P4
[[4.273071474971805e-05, -4.05935943976318e-08, 5.682032106833981e-08, 7.896884654517373e-05, -2.5420350833363644e-07, 2.3753420920090333e-07, 5.6203786989216135e-05, -2.2580847527446013e-08, 5.124802769919673e-08, 2.987351728981213e-05, -9.271339111159223e-08, 9.314894046255613e-08, 3.1556479231103174e-06, 1.3618172818574227e-07, -8.4233498413723e-08, -1.3615440919750495e-05, 1.1944741654463424e-07, -7.54911151878923e-08, -2.1107226734034274e-05, 2.1022976469433066e-07, -1.4742713663203127e-07, -1.918732516057591e-05, 2.0886088378874385e-07, -1.492394023425188e-07, -1.1991457904233266e-05, 1.5339956747125607e-07, -1.1000380653579565e-07, -4.627138453194084e-06, 1.6786559152611133e-07, -1.263390081696072e-07, 2.1486402686048883e-06, -2.1901931959381542e-08, 6.3573620725144566e-09, 4.093036205623978e-06, 2.2425901192289198e-08, -3.43006939525861e-08, 5.2464780606437824e-06, -1.4491151790947377e-07, 9.220374190231514e-08, 2.885012247426248e-06, -1.921969670071095e-09, -6.5506978387417615e-09, 2.0047394115332458e-06, -1.011809416381966e-07, 7.461719861582905e-08]]
P1->P5
[[-2.5355522068905586e-06, 5.125682493204731e-08, -2.4187697247201795e-08, -4.563344044546342e-06, 1.04324304758577e-07, -5.5801405254840375e-08, -3.0776746429765857e-06, 9.33441167479519e-08, -5.192721878961286e-08, -1.405431445704264e-06, 4.3362237775713336e-08, -3.0298168935350364e-08, -2.0616069510864833e-08, 3.629020053123808e-08, -2.5191334256932172e-08, 6.816524104470249e-07, 6.937972565848576e-09, -1.3583600562691924e-08, 8.476817313259626e-07, -3.065858188392259e-08, 7.510251261741834e-09, 6.238433176232926e-07, -1.3427206227239565e-08, 2.8599206022309603e-09, 3.0880883372546416e-07, 2.7521787944455297e-09, -3.61155917556927e-09, 1.1839107006932268e-07, -2.657320794037827e-08, 9.901766666835353e-09, -2.393080970176907e-08, -4.1253906421868045e-08, 1.2324866399283066e-08, -4.594117727447865e-08, -1.42067205714586e-08, 1.0057463670274346e-09, -7.770936898367909e-08, -1.0451788905428578e-08, 7.28923232031759e-12, -3.935864599393475e-08, 1.9960301101722448e-08, -1.2684597064384461e-08, -5.1340520943474486e-08, 1.89617942667679e-08, -1.344075971136271e-08]]
