==============================
W1_Energy_1
W1->R
T_min:200 K    T_max:3000 K    P_min:0.0001 atm    P_max:10 atm
[[-25.153504764436587, 2.5004736718957137, 0.07335051965164625, -0.056903629378644835, 19.397423362301314, -0.7761572956334182, -0.7225251491397506, 0.13456679153546627, 20.091646486876467, 1.318180973623032, 0.8461776157361977, -0.1735547640099071, -14.926557800233962, -0.8570997975689171, -0.4528458518796038, 0.12219620047188026, 8.136860133804975, 0.5596956385885585, 0.24652365179255845, -0.05196431452446667, -4.169459491267175, -0.24062234706539795, -0.12473142977332415, 0.029083035240913904, 1.3788154793763783, 0.0743421507896284, 0.04754061014046923, -0.01209035889479658, -0.37918878726784583, -0.02147072856013989, -0.007848911234451458, 0.00200551360765076]]
W1->P3
T_min:200 K    T_max:3000 K    P_min:0.0001 atm    P_max:10 atm
[[-23.485958851731045, 0.9137709289945253, -0.0565396680528766, -0.07398578286814589, 16.894835863989595, -0.8098745411989847, 0.3206717110032045, 0.0843297534129231, 20.348514701684728, 1.2624972661203553, -0.10981293425860186, -0.09141440974629952, -14.9414254078132, -0.6601760810883759, 0.21453638103771094, 0.04193772876868056, 8.123260095809346, 0.5211701832900841, -0.12204690770772117, -0.007396328132499203, -4.16255319101181, -0.23370463186948692, 0.0707938775591361, 0.003152124670899051, 1.3409927510066955, 0.11795109225668854, -0.04853134545363556, 0.006838603690652009, -0.37102451522950886, -0.035132685500166086, 0.015905748602566806, -0.005007299737645962]]
W1->P2
T_min:200 K    T_max:3000 K    P_min:0.0001 atm    P_max:10 atm
[[-24.416180697978827, -0.8433148195146729, 1.3122777428602417, -0.3935809906176317, 16.046806950215277, 3.2119151992158925, -2.312877134056339, 0.6757176970832819, 21.869104316496035, -1.775287766401522, 2.0442410840738137, -0.5840568007147324, -16.141482553707167, 1.4837086304786968, -1.2932504660292652, 0.3979949854443562, 8.818700444855432, -0.743995265797646, 0.742784193371623, -0.21390713309704731, -4.506738923190203, 0.3989553800892877, -0.3646106674642561, 0.10845776411063605, 1.4795813282216213, -0.12634448188163536, 0.11799421488533576, -0.037179605734546234, -0.399433792840215, 0.019275145453623833, -0.019958455019651242, 0.005723666618645324]]
W1->P1
T_min:200 K    T_max:3000 K    P_min:0.0001 atm    P_max:10 atm
[[-24.961230101963455, 2.036824325145555, -0.0733677335531366, 0.014945645813795613, 18.237136603605634, -0.21380631692493207, -0.6666066646371136, 0.08689094008853207, 20.87759495443528, 0.6391477497199536, 0.7535072185484655, -0.11705546513975416, -15.540354458843032, -0.4359992594966876, -0.3775712597289843, 0.07605466489477794, 8.479224406516796, 0.31778730605798355, 0.21529435434918143, -0.02632878544820747, -4.344504982738677, -0.11141987831471456, -0.10928814391148711, 0.018823085252804538, 1.4293507577152973, 0.044760424762613694, 0.03595520192905628, -0.005709449307986798, -0.393339622942095, -0.01311596379824787, -0.005038044980532829, 0.00028731121521639993]]
W1->P6
T_min:200 K    T_max:3000 K    P_min:0.0001 atm    P_max:10 atm
[[-54.062440145352625, 21.618199004906796, -3.1245564091340743, 0.09961276750365682, 54.150287287286865, -34.644994843183376, 10.935355239757746, -2.1236464960609047, 0.7407660974490793, 25.61134650811348, -10.746774134829302, 3.028977523159152, -2.2229231850731725, -15.981421678026638, 6.230607537430092, -1.822108270010709, 0.9167863438692019, 9.31907151960507, -3.6924427941336786, 1.0520293538122636, -0.7929422074510298, -4.233395662654001, 1.6703976844910224, -0.48932778843618907, 0.2220023911750106, 1.4703844669160557, -0.5873277759478092, 0.17053739877144655, -0.08441170885551978, -0.3713161297564568, 0.15271176985412005, -0.045608117263384484]]
W1->P5
T_min:200 K    T_max:3000 K    P_min:0.0001 atm    P_max:10 atm
[[-31.316833109900703, 4.410014057964144, 0.6209033466825958, -0.4343343816007387, 21.679955782134172, 1.873999648604222, -3.3347170265111035, 1.0061716884373162, 22.01452343898627, -4.584784273538034, 4.631814622710626, -1.1695795343680182, -15.758239959629236, 2.5128596963734684, -2.891252815785343, 0.8074070696739988, 8.68687273092979, -1.4499716313336528, 1.6519646041565903, -0.44854177441517823, -4.333892977750027, 0.6011524498414753, -0.7531614845329614, 0.2095637546962173, 1.4273875068435216, -0.19587719216974833, 0.2535061416169637, -0.07101765515598463, -0.38298637937629837, 0.03771516275739551, -0.057524184273003744, 0.01700293643175269]]
W1->P4
T_min:200 K    T_max:3000 K    P_min:0.0001 atm    P_max:10 atm
[[-19.043258160294098, 3.572111556931426, 0.8452280305443869, -0.9119097706978244, 8.155601243077028, -5.677590922298361, -1.283968040618342, 1.627255334227387, 22.916851776499907, 5.358833373645689, 1.152942553776252, -1.3286785918663744, -14.233706633972002, -3.445449465155105, -0.6116169444327899, 0.8834247335184537, 7.872791363790478, 2.199555649654229, 0.2953513944767149, -0.47896311983426615, -4.997256161126457, -1.0611593174172615, -0.09262050416570795, 0.21592276290648363, 2.133406265942614, 0.4161678065025415, -0.014456645786981059, -0.06171678482705854, -0.6222788174083577, -0.09268955771072289, 0.015788076704514844, 0.006538651549445939]]
P5->P6
T_min:200 K    T_max:3000 K    P_min:0.0001 atm    P_max:10 atm
[[-15.956279075390762, -0.23384323857575384, 0.1083446508335442, -0.0501193081559561, 3.8826695438793473, 0.3004424020606922, -0.13811505014413755, 0.06478806620597076, 0.9333262585818747, -0.07246400319922293, 0.03083866307971394, -0.01653518964034367, -0.4274003447449763, 0.025473716675100743, -0.009074557793490584, 0.006474673719128574, 0.3455463020195464, -0.02926816542907519, 0.012017097548516811, -0.00685482361311712, -0.13087920918997872, 0.012230917178679048, -0.004991732658708302, 0.002878292726294459, 0.05453701641093902, -0.004712010794372738, 0.0019124392442393342, -0.0011147019455035728, -0.011433808217748205, 0.0020901883695229806, -0.0009112488400540138, 0.00047122289445972225]]
P3->P4
T_min:200 K    T_max:3000 K    P_min:0.0001 atm    P_max:10 atm
[[-20.13620826525814, -12.188807846351004, 1.1091038263057997, 0.017982750422073184, 2.8536171392670107, 21.009360637340706, -2.03148551764472, -0.08423070779990417, 3.8386691592282953, -15.442520876401439, 1.6835458190995523, 0.06840913454727773, -2.416740193393779, 10.959979473388092, -1.184434430825202, -0.013959713986065691, 1.4053208048993946, -6.318803382166994, 0.6064103195844974, 0.03829324912206048, -0.4438525503231567, 2.8313110409624747, -0.28794076591365925, -0.02370137441834395, 0.23463642845807148, -1.0650492531041302, 0.12365200829544473, -0.0010806660428690467, 0.016383652235824442, 0.19966212602879474, -0.015273056739584154, -0.0031565124764483146]]
P3->P5
T_min:200 K    T_max:3000 K    P_min:0.0001 atm    P_max:10 atm
[[-22.65521662193765, -5.835426937761264, 2.7896843404574687, -1.233789828253126, 8.287202042926916, 10.761292922683635, -5.314632374357483, 2.1988782541320613, 2.932623528367661, -8.98161677770729, 4.676820865242236, -1.7421622621224855, -2.122760362727227, 6.72110649497415, -3.5415434818217535, 1.3074553178797383, 1.305716543608571, -3.8946626779778004, 2.027829211228108, -0.7755495647173555, -0.49178133282971426, 1.7431988429786434, -0.9089236794670121, 0.3460924766839053, 0.22200239463960936, -0.6628074980994855, 0.347131748979668, -0.1319993641237048, -0.031661174633823196, 0.14635434703803907, -0.07481718007218655, 0.030698438192963903]]
P3->P6
T_min:200 K    T_max:3000 K    P_min:0.0001 atm    P_max:10 atm
[[-32.364050820016445, -0.027673963252919265, 0.01580541957053422, -0.004721118787758924, 20.1567130351724, 0.03454681161987333, -0.020142188973534664, 0.005865952828185258, -3.2685809712157714, -0.005847172226474402, 0.004122224110368625, -0.0009869765754865634, 2.5061978982355337, -0.0016564705786376896, 0.00022551689682934775, -0.0003164317842925614, -1.3322710954493533, 0.0009324906931023406, 7.125781678204415e-06, 0.0002447647320859128, 0.6984602805525415, -5.424953406303828e-05, -0.0002064191064691358, -4.706068970266025e-05, -0.2237203563997494, -0.000415618275007264, 0.0003054612748815741, -6.202206532102125e-05, 0.06431882186217681, 0.00011786638603570714, -9.572749036379429e-05, 1.067133870691538e-05]]
P1->P2
T_min:200 K    T_max:3000 K    P_min:0.0001 atm    P_max:10 atm
[[-19.481318011560223, -0.07387632330980587, -3.1752532645225315, 0.796415804784294, 12.189578137638161, -0.4338025526903474, 5.539785527119396, -1.4697057796372006, -10.014045539269055, 0.8227222355383992, -4.043147186554841, 1.1231182899919985, 7.060519484568445, -0.5046051364715737, 2.829775142187869, -0.7461927313922716, -4.07009061087883, 0.3579074005277907, -1.7146651394417645, 0.4570320044261342, 2.0541868966047483, -0.19676891728583457, 0.7734454968739067, -0.2158542522906997, -0.675906773451118, 0.04363873850332465, -0.270187175535194, 0.07203566680908642, 0.19807287577593452, -0.01885449571090246, 0.05894878220109865, -0.017235131011583117]]
P1->P3
T_min:200 K    T_max:3000 K    P_min:0.0001 atm    P_max:10 atm
[[-22.61945463400588, 1.505081259655948, -2.048280579279561, 0.5299697085077577, 19.10221207182386, -3.4766788305577765, 3.391733815286718, -0.9563470229033859, -16.02685791169591, 3.332500244056626, -2.30915549652514, 0.7003225155624856, 11.057799142377648, -2.2244276748064533, 1.6611825865318532, -0.4609360604662948, -6.461807374188942, 1.3731058095257644, -1.0062158205924052, 0.2845480252999702, 3.1498290610667703, -0.6618850996090255, 0.42886035610265744, -0.12915533926437894, -1.0693448834402484, 0.20813019119201184, -0.14719333976752852, 0.04034702391137159, 0.2905066893505222, -0.060388126455461946, 0.02633073862794342, -0.008520540434702361]]
P1->P6
T_min:200 K    T_max:3000 K    P_min:0.0001 atm    P_max:10 atm
[[-22.61398628454303, 0.06217304483633157, -0.02574065437573179, 0.014414704413560419, 11.902091925060837, -0.10213036676250327, 0.04293372061418342, -0.023183640635897357, -4.194149748510436, 0.07019181792934003, -0.030690320842869365, 0.015131763206275748, 3.189017361987404, -0.0534098204064391, 0.02382653866595944, -0.0113155588133628, -1.7031091945341894, 0.03391091796555721, -0.015106380561201926, 0.007247387916701978, 0.8828950539115965, -0.014688131943425204, 0.006511938472722409, -0.0031483860350027494, -0.2859587184170994, 0.005158137125163639, -0.002250332245444257, 0.0011242793609392043, 0.07961375903357948, -0.001207934877936747, 0.0005181866956551311, -0.00027093441666708947]]
P1->P4
T_min:200 K    T_max:3000 K    P_min:0.0001 atm    P_max:10 atm
[[-20.83939600303095, -0.13665179594474264, -3.030405042123417, 0.7647750997849115, 13.271593170888071, -0.3724366252685228, 5.254305037383378, -1.4026253330105782, -11.051483998389836, 0.8180527399140374, -3.8149357787620732, 1.065138175280455, 7.758871803534214, -0.49722804193355186, 2.684540894512784, -0.7093200867826697, -4.488331496845348, 0.3632906594622703, -1.619091951156689, 0.432293860993464, 2.2617329276979636, -0.20147945563798933, 0.722483878545563, -0.20152537747650054, -0.7480872997822582, 0.04472282373981347, -0.2516553230211434, 0.06631437734647391, 0.22103535858776382, -0.023020772347698115, 0.05285066950898439, -0.015153337957546507]]
P1->P5
T_min:200 K    T_max:3000 K    P_min:0.0001 atm    P_max:10 atm
[[-13.027496835267769, -5.772380140963676, 2.6873184701246813, -1.2807696893860274, 0.4329962458764577, 10.609105334870625, -5.11236176796287, 2.2812526889852944, 1.5927579425994838, -8.820692759554223, 4.501451821290546, -1.8061951079581475, -1.1594648150147164, 6.58148411624197, -3.4052152785176495, 1.3497565925472672, 0.7485509156228115, -3.7841655712687943, 1.9321866670055248, -0.7936105064992102, -0.21938558146389164, 1.6861808435007815, -0.861691664272284, 0.3531122540728954, 0.12508883270153506, -0.6372480588703591, 0.32728691800426535, -0.13386810842473246, -0.004726891049592299, 0.13378349388117716, -0.06668512243137921, 0.029646912452059065]]
P4->P6
T_min:200 K    T_max:3000 K    P_min:0.0001 atm    P_max:10 atm
[[-63.74573757005264, -0.14833394805646805, 0.07302980068417485, -0.029929835683255097, 47.178114006047814, 0.22656160623306265, -0.11147622334877763, 0.04579515353122511, -3.448807232157699, -0.12207198619922685, 0.05962750445826763, -0.02495835391375758, 2.7246983030149385, 0.07525029382239765, -0.036345882053121024, 0.0156108677024824, -1.424036007196166, -0.046163536578822245, 0.02232850915239711, -0.009569203542505665, 0.7532879817629734, 0.02046660424576636, -0.009911888986028976, 0.004246941297700165, -0.24060279115349492, -0.007580658092951594, 0.00365492918176718, -0.0015843036514070078, 0.06893928182398612, 0.0017720593765844065, -0.0008628945189015833, 0.0003674241342727426]]
R->P2
T_min:200 K    T_max:3000 K    P_min:0.0001 atm    P_max:10 atm
[[-16.32849512939593, 1.7391217376602945, -2.6150291060959634, 0.288535389738044, 7.172184467083872, -3.707876197657523, 4.5896364943734635, -0.5591852272448612, -5.347049779014033, 3.401955361457883, -3.324252298028831, 0.41460932898230196, 3.7919959162004155, -2.353793194604139, 2.3012206406221094, -0.2459678100598289, -2.2361828736545113, 1.4459888809459016, -1.4475916818501613, 0.17371545498340674, 1.1056068266685466, -0.710155768065082, 0.6770709257610478, -0.09291049825150131, -0.37390968534375874, 0.2450367675802223, -0.24135034606860659, 0.030603417381686142, 0.102545492868479, -0.0645013084934629, 0.062094851376225925, -0.010653690292210931]]
R->P3
T_min:200 K    T_max:3000 K    P_min:0.0001 atm    P_max:10 atm
[[-16.374060303564047, 2.176128074601351, -3.1908601734174, 0.7496979377685754, 8.239585682020877, -4.590488342064127, 5.6244188399863155, -1.407837591720181, -6.6282547796047995, 4.178737036903378, -4.150925440464855, 1.088794805274056, 4.5576514950630935, -2.8745945711193155, 2.8941966812339293, -0.716141210415683, -2.700044812338108, 1.7121291254857638, -1.7614001151354317, 0.443615826675717, 1.2967039455518772, -0.81462937842732, 0.8040084548205934, -0.21298023766086244, -0.43968546488887367, 0.27209094304522813, -0.2830321159657239, 0.0722256325256415, 0.11182925223611409, -0.06164118244595167, 0.06335406518100686, -0.01819981041540022]]
R->P1
T_min:200 K    T_max:3000 K    P_min:0.0001 atm    P_max:10 atm
[[-16.220303726518527, 2.3989298347026855, -2.861069097082068, 0.7762571737334835, 9.197375867963613, -4.811353178307053, 4.930167036949289, -1.4484935906953433, -7.28772391581443, 4.091819974435328, -3.4922967806275502, 1.104376465537009, 4.868220846223572, -2.7805823960844407, 2.423345169960898, -0.7212351020771867, -2.9400261762386033, 1.6918579306661847, -1.4895950277653531, 0.4466850299965351, 1.3831938068216423, -0.7982252703762438, 0.6739124377630287, -0.21257598122921068, -0.47700707339300225, 0.2676764995779485, -0.23713669911544938, 0.0720827260856756, 0.11831818820801282, -0.06307181322695808, 0.052375656250314595, -0.01795400404537993]]
R->P6
T_min:200 K    T_max:3000 K    P_min:0.0001 atm    P_max:10 atm
[[-19.05690189886564, -0.08163452306941466, 0.04221352001232712, -0.015582128287664084, 6.7120065868608245, 0.11555819337805055, -0.059502775264221305, 0.02218628210635421, 0.009962585434780739, -0.04305852007452044, 0.02181797082727057, -0.008471774491145091, 0.12666522523101972, 0.017965687440052846, -0.008981387857043464, 0.0036302689835645938, 0.003182002078072309, -0.013592977485672219, 0.006857131387892409, -0.0027080877763854144, 0.02790282947025864, 0.006607489722292787, -0.003335823724373885, 0.0013140522095787905, -0.0009107782133459335, -0.0027332162838386454, 0.0013881177323554574, -0.0005405868101792265, 0.00238806728002487, 0.000960368304924568, -0.0004904265441242054, 0.00018745957987100802]]
P4->P5
T_min:200 K    T_max:3000 K    P_min:0.0001 atm    P_max:10 atm
[[-54.40379601885198, -5.170113870289916, 2.489936916180059, -1.0383754343965592, 35.82331287306582, 9.489346031996178, -4.741833595608488, 1.8388180419471905, 2.3967653566378697, -7.880292791879096, 4.179917108853827, -1.44746863943012, -1.6289611516019489, 5.942342450261543, -3.191168941167971, 1.0985440709538388, 1.0858820316486475, -3.483891896849751, 1.8456541505535633, -0.6607228162656842, -0.383530028803594, 1.559900690022313, -0.8279931305833138, 0.29453630042454676, 0.18691172018018679, -0.5980176205307102, 0.3188459807033133, -0.11332458508268965, -0.028667819590768095, 0.13984655266260262, -0.07270563101304821, 0.02794187914994304]]
R->P4
T_min:200 K    T_max:3000 K    P_min:0.0001 atm    P_max:10 atm
[[-17.436772282572296, 2.053040266111225, -3.1003629193051734, 0.4850062203531323, 7.747372802941968, -4.330747425136258, 5.481946176534902, -0.9200965316933155, -5.961782541172662, 3.95109204914051, -4.046482702577204, 0.7025047536256155, 4.207707335722064, -2.7292128160801377, 2.8114832116561077, -0.4478657554940611, -2.463757713866695, 1.6430832561492772, -1.732011758541975, 0.28988911460070466, 1.2138059593510486, -0.7954570184627673, 0.802478586039507, -0.14528089273716197, -0.4077199029695275, 0.2706934130609114, -0.2846431675499297, 0.04884909954608769, 0.10944875216293226, -0.06578440329463836, 0.06862153678398986, -0.014113304381954]]
R->P5
T_min:200 K    T_max:3000 K    P_min:0.0001 atm    P_max:10 atm
[[-10.985290231797048, -3.49046985177075, 1.541991768190689, -0.7274643302361248, -2.0686419888962058, 6.238979959425934, -2.9235003006083735, 1.2515030245034109, 3.7905458192355157, -5.083366084520168, 2.633909405492443, -0.960194976388026, -2.771187313860702, 3.940423928144579, -2.088627666186826, 0.7503493689227442, 1.6552555937683777, -2.3233484843357184, 1.207391035390567, -0.4546936991087535, -0.7208591216283213, 1.0185442688739859, -0.5302825970397707, 0.1983142131865482, 0.278445171274268, -0.39417417763913626, 0.2069074111649996, -0.07681055784667316, -0.06301066333951466, 0.09180922603527204, -0.04686016413853773, 0.018728455018106417]]
P2->P3
T_min:200 K    T_max:3000 K    P_min:0.0001 atm    P_max:10 atm
[[-18.882599359282715, -8.984978469811882, 0.08403928185012743, 0.0847791838903189, 4.297826875573485, 15.342185113057585, -0.1997899692807135, -0.20057776888384246, 1.2168428495299288, -11.083806782342824, 0.2689727678466069, 0.15629373172071728, -0.6661010712587471, 7.872545339099088, -0.19848218918123078, -0.07359203203305631, 0.4499462837144, -4.5884400364887625, 0.04947896458115906, 0.06945282251287499, -0.03447964327248466, 2.060335646526369, -0.030412856036556062, -0.040114356000771845, 0.08490082858173079, -0.7892772852922386, 0.030032443889555636, 0.006383986705794048, 0.02815840561494445, 0.16460588166185985, -0.0027402758625169857, -0.0036666553115290244]]
P2->P5
T_min:200 K    T_max:3000 K    P_min:0.0001 atm    P_max:10 atm
[[-21.084057959534956, -4.515819659564011, 2.1476087329899305, -0.8994330495341984, 7.2728683170851784, 8.237643699681112, -4.08921721721237, 1.5799759146676104, 2.010420080721972, -6.8120589541326355, 3.626466047425257, -1.2345987514225873, -1.3831745781953904, 5.183954359246511, -2.7998980921331063, 0.9471250719527863, 0.9382699290426314, -3.058266329046372, 1.6263355660846857, -0.5741656058531286, -0.3206848498013771, 1.3640248903413232, -0.7269644234562568, 0.25473574246492925, 0.16215410528174623, -0.5260319867222839, 0.2818877476834847, -0.098515155202578, -0.024816721040088724, 0.12594101396731422, -0.06573283833997419, 0.024856513543741545]]
P2->P4
T_min:200 K    T_max:3000 K    P_min:0.0001 atm    P_max:10 atm
[[-20.594614080905387, -7.061240857722939, -0.5194204464910583, -0.08390999713756966, 4.928120636967852, 11.899566974595745, 0.9136043658167574, 0.1132594425255572, 1.0882345135446234, -8.380977693604779, -0.6196940683859974, -0.09335305118935451, -0.45153755167642246, 5.974847210496945, 0.40914055965142293, 0.10024958044709745, 0.42008246609244887, -3.55359488412203, -0.29609340382503274, -0.03332425431479436, -0.021459051112371414, 1.598169452949812, 0.1345621937646616, 0.0046224540376375205, 0.08814014239944679, -0.6271524595029928, -0.027978696325836258, -0.00877456928954145, 0.012721627159914109, 0.14819378026116253, 0.006531744354573671, 0.0001638766191559423]]
P2->P6
T_min:200 K    T_max:3000 K    P_min:0.0001 atm    P_max:10 atm
[[-29.895975662679373, -0.13998599002459144, 0.0671666822888152, -0.028927310806115113, 17.673899443116895, 0.20222721385216114, -0.09636170058511426, 0.042069534752484046, -3.0877009419742136, -0.09154944075614076, 0.0422208397509393, -0.01964907942955298, 2.4379555895997873, 0.05335367373758571, -0.023936765288538907, 0.011754272017876575, -1.2681584872156368, -0.03544908025205543, 0.01612485561809631, -0.007718956520667155, 0.6774109278743896, 0.015909942291619517, -0.007260324068937182, 0.003455954117836032, -0.21403333943704805, -0.006305693676177319, 0.0028916535340557186, -0.0013659938321483188, 0.06260942150777829, 0.0016985167772441846, -0.0008002088767969368, 0.0003591366926544949]]
