==============================
P8_Energy_1
R->P8
[[0.0, 0.0, 0.0, 0.0, 0.0, 0.0, 0.0, 0.0, 0.0, 0.0, 0.0, 0.0, 0.0, 0.0, 0.0, 0.0, 0.0, 0.0, 0.0, 0.0, 0.0, 0.0, 0.0, 0.0, 0.0]]
==============================
P8_Frequencies_1
R->P8
[[0.0, 0.0, 0.0, 0.0, 0.0, 0.0, 0.0, 0.0, 0.0, 0.0, 0.0, 0.0, 0.0, 0.0, 0.0, 0.0, 0.0, 0.0, 0.0, 0.0, 0.0, 0.0, 0.0, 0.0, 0.0]]
==============================
R_Frequencies_1
R->P8
[[0.024807433353087105, 0.05487147222480891, 0.03942849309950049, 0.03586854021830187, 0.019495991511258717, 0.014900548004028354, 0.005806830946948932, 0.003092917314797434, 0.0015471024897137531, -0.00108863799386319, 0.0016334291381348285, -0.0021639182443734797, 0.002142941317229429, -0.002221532999766781, 0.0020317058380669635, -0.001780574511421724, 0.0014660998778569794, -0.0011265696383261337, 0.0008130286870548105, -0.0005416124456683163, 0.00032897023658505373, -0.0001810527067514509, 8.538186544263225e-05, -3.258539296540423e-05, 9.585470219006074e-06]]
==============================
B1_VariationalHinderRotor_1
R->P8
[[0.0, 0.0, 0.0, 0.0, 0.0, 0.0, 0.0, 0.0, 0.0, 0.0, 0.0, 0.0, 0.0, 0.0, 0.0, 0.0, 0.0, 0.0, 0.0, 0.0, 0.0, 0.0, 0.0, 0.0, 0.0]]
==============================
B1_VariationalFrequencies_1
R->P8
[[-1.1143637999464384, -1.1710394962547885, -0.5225897069606139, -0.22910473132071615, -0.10070856125744335, -0.04162502947628361, -0.0172281350001789, -0.005759920425182981, -0.0011850356242567464, -0.0003043635090488285, 0.0009029129486522169, -0.0004305558165693513, 0.0008444733066598974, -0.0006918545484500623, 0.0006915511474465271, -0.0006081974753449317, 0.0005056038678173105, -0.00040143987687455394, 0.00029547460745076183, -0.00020425058046442848, 0.00012806827739922895, -7.654382599368843e-05, 4.0168510400095e-05, -1.5627191322681644e-05, 4.8216049212432265e-06]]
==============================
P8_SymmetryFactor_1
R->P8
[[0.0, 0.0, 0.0, 0.0, 0.0, 0.0, 0.0, 0.0, 0.0, 0.0, 0.0, 0.0, 0.0, 0.0, 0.0, 0.0, 0.0, 0.0, 0.0, 0.0, 0.0, 0.0, 0.0, 0.0, 0.0]]
==============================
B1_VariationalEnergy_1
R->P8
[[-0.0016386076976274428, 0.0014808622485374217, 2.9050994671783744e-06, -2.5052386265254835e-06, 1.9816719240147517e-06, -1.3701418237416853e-06, 7.119238782086935e-07, -4.850485913977009e-08, -5.604764413458073e-07, 1.0781064838939374e-06, -1.4661727818565742e-06, 1.7145747325635311e-06, -1.8096203447597395e-06, 1.7648106867530418e-06, -1.6024701990012675e-06, 1.358030088070697e-06, -1.0690620735029716e-06, 7.798022848016985e-07, -5.181788081797544e-07, 3.1199017569757724e-07, -1.655420662122923e-07, 6.616161086951321e-08, -1.6757397529017226e-08, 5.053688515052781e-09, 1.7762793083077654e-10]]
==============================
R_Energy_1
R->P8
[[0.0016360937576199088, -0.0014759569952954167, -7.43950659690346e-06, 6.451443649753651e-06, -5.157514563368861e-06, 3.6577140645182126e-06, -2.0544702842255778e-06, 4.681820916867156e-07, 1.0103531244487933e-06, -2.2912804521438815e-06, 3.2984682247397602e-06, -3.974391624523509e-06, 4.310868790042677e-06, -4.341411995311075e-06, 4.1041289762630184e-06, -3.6587498506680634e-06, 3.0944915340919706e-06, -2.464815725112952e-06, 1.8510730831737983e-06, -1.2981356891195467e-06, 8.363633363996592e-07, -4.973719440485483e-07, 2.59391123550166e-07, -1.0528852891115096e-07, 3.061074340915991e-08]]
==============================
R_SymmetryFactor_1
R->P8
[[0.43594891279214315, -0.0032213296770948353, 0.00296387447995908, -0.00255518956436198, 0.0020260968841753412, -0.0014071019527880481, 0.0007435995891313312, -8.283280859561086e-05, -0.0005281979588779433, 0.0010501635099354788, -0.0014496492660996804, 0.0017079689265291954, -0.0018164572825416752, 0.0017846390798481639, -0.0016379321061496662, 0.0014060645603434195, -0.0011269336139312766, 0.0008425705942674429, -0.0005802751617989102, 0.00036492247911476154, -0.00020641312008940607, 0.00010022370205331696, -3.801602087266617e-05, 1.2066685950358585e-05, -6.917959035901928e-08]]
==============================
B1_ImaginaryFrequency_1
R->P8
[[1.022133797224868, -1.3458099637399072, 0.33147272643746073, 0.0034224310958789615, -0.010244434308378845, 0.0008247679487317093, 0.0022712625174266397, -0.0006714166894763843, -0.0012123100481428969, 0.002637315637061711, -0.0036441938947890874, 0.004294516956068145, -0.004582408256163993, 0.004520885251755411, -0.004166820016079387, 0.0036004047260776717, -0.0029138121505400054, 0.0022056564783457366, -0.0015479591483545975, 0.001000893065990369, -0.0005850135164096933, 0.0002976944318816096, -0.0001273327325541513, 4.063858213241307e-05, -6.702711643719237e-06]]
==============================
B1_VariationalSymmetryFactor_1
R->P8
[[0.0, 0.0, 0.0, 0.0, 0.0, 0.0, 0.0, 0.0, 0.0, 0.0, 0.0, 0.0, 0.0, 0.0, 0.0, 0.0, 0.0, 0.0, 0.0, 0.0, 0.0, 0.0, 0.0, 0.0, 0.0]]
