==============================
W1_Energy_1
P3->P5
T_min:200 K    T_max:3000 K    P_min:0.0001 atm    P_max:10 atm
[[-71.96961245940666, 78.49149811728996, -47.847460322400444, 20.263815441019844, -4.360292797178347, 102.04163876541338, -149.4836037773563, 90.94887168237034, -38.663834814404005, 8.305083743179674, -76.81356129184246, 127.14000240371914, -77.16824416683527, 32.999144411734925, -7.095989230219069, 57.24437881433461, -94.39331925093171, 57.303278802239866, -24.539052861397085, 5.308550221460051, -37.04654469753756, 61.21537496167923, -37.18219667357731, 15.904983612946898, -3.448439516351025, 21.141519296255446, -34.82014917073957, 21.144183312835573, -9.048649612655938, 1.9631976392644062, -10.10743730208637, 16.693666464881677, -10.145107419454552, 4.345248781719636, -0.9495794021430248, 3.8916886093772143, -6.393574806389175, 3.8890659920677844, -1.6655458225939708, 0.36629791933341044, -1.1378591965064584, 1.8780652924038228, -1.1433318251581333, 0.4902531421032132, -0.10865896504707656, 0.2007422013388475, -0.3269066261508785, 0.2003946211457912, -0.08614015312698708, 0.01982638156172773]]
W1->R
T_min:200 K    T_max:3000 K    P_min:0.0001 atm    P_max:10 atm
[[-16.04402997232656, -2.708197473747286, 12.276090553515997, -2.853668898374197, 0.43180750341526714, 2.0323980958315078, 8.805779339330323, -23.62848986139905, 5.359622201341372, -0.8020337480288922, 35.53851512951801, -6.590196713043503, 20.066960097273434, -4.552782297958984, 0.6707193330019302, -27.73715303487474, 5.0797807944699835, -14.867819255715728, 3.4273436505506347, -0.5092861601979138, 17.598269587596455, -3.1066093775229495, 9.60031222149236, -2.1876235790333207, 0.3268780883296985, -10.299431353109389, 1.5762923480944961, -5.2997247658884366, 1.193561192211998, -0.17468188584246483, 4.833444175303759, -0.7052892661872149, 2.4875950475509203, -0.5587175690676506, 0.08122471481541285, -1.9745762354789942, 0.2350988834263417, -0.9323117922930851, 0.20794619587248886, -0.030225323275789716, 0.5495509065803009, -0.046758900585459146, 0.25159056116255224, -0.05447399968417601, 0.007641724287865837, -0.11631563277888365, 0.00042215292481559424, -0.039017856837498394, 0.007932231776876231, -0.0009963261851431337]]
P3->W1
T_min:200 K    T_max:3000 K    P_min:0.0001 atm    P_max:10 atm
[[-0.8702795802069339, 21.943884391068636, -10.093083226340292, 6.153388015982227, -1.7044843238335368, -29.980175096203755, -40.5826382587163, 19.30739851780561, -11.684564930790122, 3.223329674264783, 29.02970442958832, 34.648203141191814, -16.029936855506318, 9.77419594171712, -2.709510197470269, -22.674398202381756, -25.438504351515398, 12.00779108259764, -7.264102078287722, 2.016245010782807, 14.412978459290809, 16.690343758798157, -7.804244329501176, 4.742285736374731, -1.3193913880795243, -8.577438922412286, -9.34269843224527, 4.390590500248078, -2.6597444626055786, 0.7463864698485926, 4.059059858725382, 4.39093170649068, -2.062778375634483, 1.2494011631106257, -0.3530804016427016, -1.684275993460793, -1.6744414075678105, 0.7893553558841214, -0.47775966767991, 0.13632141726380462, 0.4851101835757504, 0.4610201909542323, -0.2168596079779286, 0.13149676080825407, -0.03875755372937246, -0.11423776076361541, -0.065541187141852, 0.029933788920244217, -0.01891506495400776, 0.005939634353528985]]
P3->R
T_min:200 K    T_max:3000 K    P_min:0.0001 atm    P_max:10 atm
[[-7.425767706157673, -30.91410546543635, 15.335225800043466, -9.208310051061602, 1.6502752814447228, -16.815732122326754, 57.694914847416904, -29.200378617907063, 17.346390086899714, -3.1099701501360535, 21.71369915996917, -47.83764935119146, 24.828366169014245, -14.59238464169731, 2.6086773625384363, -16.342525271384414, 35.88082229025617, -18.596262322114622, 10.971139427873098, -1.9628682782575697, 10.719422255848537, -23.635208869405325, 12.198157196110344, -7.203870711468975, 1.3022953289343047, -5.996394042093847, 13.302580974285126, -6.88196131559343, 4.058898264468167, -0.7379419662098976, 2.8746298998955355, -6.371176421835168, 3.281375281667822, -1.9434441988049356, 0.35564660256949115, -1.0977050230697483, 2.4774968580760204, -1.2747335888216904, 0.753482214613039, -0.14035625726712467, 0.3229595456709531, -0.7216271292763129, 0.3715154547253929, -0.2195227779568907, 0.041598057618939525, -0.05232283359365951, 0.12749112056633052, -0.06406806695183434, 0.03854777577706049, -0.007796990902409815]]
W1->P3
T_min:200 K    T_max:3000 K    P_min:0.0001 atm    P_max:10 atm
[[-30.62706930864066, 25.538124253739248, -6.901373643127086, 5.595147541748109, -1.6190968465851003, 30.119981334535165, -47.39039760396082, 13.293452416569364, -10.63556307405429, 3.063261856855576, 10.166457925682877, 40.41397613578855, -11.01038486070771, 8.905495246417335, -2.5778283190188205, -8.649180261354918, -29.78992411728123, 8.314870919000185, -6.633891513885704, 1.9218887755775782, 5.2051217076711636, 19.58456413456106, -5.433378991250162, 4.345895388697022, -1.26112003386619, -3.4359893734528635, -11.01704687996102, 3.0826910479864447, -2.447367862004956, 0.7160268801834766, 1.6032028665224625, 5.209900945940951, -1.4593487172915636, 1.1551883954084403, -0.3401317178694437, -0.7584056635540919, -2.000271484447175, 0.565895811437093, -0.44467882814909826, 0.13204697245213778, 0.22211169563490737, 0.5565958521085352, -0.15618486910457574, 0.12308467532396268, -0.03775689929993855, -0.07172815686630042, -0.08293860865489164, 0.019889730968089523, -0.017644915220351477, 0.005815036809772628]]
W1->P2
T_min:200 K    T_max:3000 K    P_min:0.0001 atm    P_max:10 atm
[[-19.916114620052795, 1.5384202495875954, 8.412991134027859, -0.8626099334240481, 0.019502426621566486, 7.359974662711825, -1.4874771686194623, -15.60553105637858, 1.5113460566481371, -0.022861567212287794, 30.07794670550839, 2.2139780089796157, 13.213640438635005, -1.2779518583758165, 0.01139294278591631, -23.54455837880242, -1.456907455108136, -9.653705622074881, 0.9246303359771583, -0.003311720908518674, 14.786149822511486, 1.3105509726114177, 6.144672503027416, -0.5261299329667619, -0.012296929507334525, -8.73406303157012, -0.8853026084520896, -3.353415023567176, 0.2544148114831009, 0.019460787668331012, 4.065928316082726, 0.5005560734096289, 1.5388845828386146, -0.10321016821879517, -0.01348880145746143, -1.6627063536586528, -0.25911664719392724, -0.5453441876958807, 0.021702734942058908, 0.009054639415558915, 0.4510122808818582, 0.11126044025175413, 0.13031036051399839, 0.003595366063304414, -0.005108968328670589, -0.09963963222508007, -0.026059604659568195, -0.017615801958967028, -0.0024716126824840244, 0.0014613841897916167]]
W1->P1
T_min:200 K    T_max:3000 K    P_min:0.0001 atm    P_max:10 atm
[[-47.54704698003952, 47.699338349119756, -14.445562396764705, 5.678387750792155, -0.9907603365560637, 60.29582646348495, -85.98630550570573, 26.191082807367717, -10.498429100827181, 1.8469174677002933, -13.351849961542973, 72.48112133802269, -21.661070082237256, 8.728771554870608, -1.5441562530054254, 8.359797055735278, -53.48822977836762, 16.036450555915483, -6.415150620268779, 1.132379307224687, -5.780800595186451, 34.820506996843164, -10.410851095333271, 4.191131069707474, -0.7389152526199805, 2.6637208996480357, -19.470738512844104, 5.817665180205586, -2.345615973220841, 0.4169125136364338, -1.2106773461817117, 9.112496074819214, -2.6990280882875255, 1.0926737140380405, -0.19452570199799116, 0.2752758148193032, -3.427606148740547, 1.007228541839929, -0.4100900859208662, 0.07326418435983634, -0.0637187204922137, 0.9527513643050083, -0.27862954678933305, 0.11450878787048341, -0.02080585431177695, -0.023398034408152208, -0.15217845705661726, 0.042305971442744006, -0.01780438085240204, 0.0032844739442496533]]
W1->P6
T_min:200 K    T_max:3000 K    P_min:0.0001 atm    P_max:10 atm
[[-101.2214089672491, 99.733746640783, -37.568286859801304, 12.164928246535373, -0.8456463920863182, 143.64854360275092, -183.31605319572944, 76.65523509156905, -25.2055736049182, 1.6677276701157435, -79.28421475820696, 159.9537123417298, -71.76865384072761, 24.899548085284415, -2.0020576004168302, 57.171947868792024, -117.33596735904284, 52.46511194666398, -18.597929412048465, 1.654728695250269, -34.3529560927434, 71.07762437290283, -31.095980162238593, 11.016717651359457, -0.8945819184950227, 17.101819108935402, -36.86783847745162, 15.728245734578298, -5.651422919891717, 0.4306292343227448, -7.147166353799843, 15.801395366892905, -6.511035957485873, 2.3818286499360646, -0.1678909218753514, 2.241563745488063, -5.394319251961522, 2.1189080391695105, -0.8022169817367345, 0.05293504571471372, -0.4776207441720192, 1.257609909210843, -0.44669964447710436, 0.1803227279459151, -0.010092402474369188, 0.06904435144429875, -0.2276590283797257, 0.08175803373364951, -0.03489665914578512, 0.0032015069265875894]]
W1->P5
T_min:200 K    T_max:3000 K    P_min:0.0001 atm    P_max:10 atm
[[-26.277590453548374, -0.4644460476697567, 15.966218784166339, -5.028187473609022, 0.7769446552297752, 12.47136915765474, 10.074708888091866, -31.727818496007774, 9.441173085295368, -1.408049241344169, 30.906500552838747, -12.005982070424736, 28.948159615443444, -8.446428648322748, 1.2214823711710796, -23.50547475276458, 7.98453044937092, -21.12934288841772, 6.2873792702320515, -0.91756183576698, 14.643113480843427, -4.672551122365446, 13.502291863703288, -4.009022836560173, 0.5884457045582269, -8.417713575236833, 2.2038130929153152, -7.426278671654463, 2.218416761060616, -0.32725468871127134, 3.7843234591347943, -0.7554047029878221, 3.373773888216325, -1.0082365895039627, 0.14840746739175234, -1.531121193706583, 0.21187476781698086, -1.2644343559817506, 0.3825806581784082, -0.056854044733733254, 0.4106658758067879, -0.020534476900557208, 0.3375774196655538, -0.10252810949733022, 0.015288709448357973, -0.09688804119841644, 0.007120316744039495, -0.06226309117565736, 0.01968417958058024, -0.0029939878588561997]]
W1->P4
T_min:200 K    T_max:3000 K    P_min:0.0001 atm    P_max:10 atm
[[64.49436558430334, 42.80605354810479, -28.92940441044997, 16.0463762023238, -2.839856116927358, -148.55765939506725, -79.91177721486955, 54.972950882441765, -30.41586567310259, 5.379861286240297, 152.27134656573614, 67.84819556052172, -46.039725095574916, 25.583733686438844, -4.549700563296975, -107.57377821582251, -50.10896515788956, 34.41582072939906, -19.12985241070866, 3.4237356653873956, 65.98849101371295, 32.852758080025154, -22.506803667086448, 12.581418414972608, -2.273360690149184, -35.58360523410096, -18.49537379650772, 12.716367217591795, -7.145192414263405, 1.3116324707982847, 15.295898587199686, 8.746036759785012, -6.038965589855795, 3.4199528431917505, -0.6389671993110484, -4.945490864194493, -3.33963242481151, 2.312496439731338, -1.3268849518527914, 0.2545913109046446, 0.9521441960553537, 0.9342511693234211, -0.6419968346255663, 0.37574180427922976, -0.07546888957600324, -0.09969902029049967, -0.14360098805164462, 0.09503788767252302, -0.05822461906280225, 0.012522863315486315]]
P5->P6
T_min:200 K    T_max:3000 K    P_min:0.0001 atm    P_max:10 atm
[[-14.521141551849137, -1.0985758850299523, 0.6428809830305907, -0.25082059996638845, 0.0399290284301507, 0.8069389891260922, 2.5363969950438956, -1.5213725388915158, 0.5964920632303097, -0.11067804865878991, 4.028287710434819, -2.7687158887439622, 1.700219992217169, -0.6705184816590959, 0.14099590500582496, -2.8869665142549215, 2.230729447341515, -1.3753357395724655, 0.5440404593749798, -0.11701863295996359, 1.9814320664183342, -1.4559602759791672, 0.8967163053217848, -0.3551534789656397, 0.07616408050194748, -1.106418264027553, 0.8576614551608585, -0.5298489547380494, 0.21014016444303363, -0.04574547341272054, 0.5501735619381666, -0.4303353869199042, 0.26651070019738926, -0.10596660697144554, 0.023390555378227415, -0.21474861737451711, 0.17270119533876893, -0.1071625886728506, 0.04271910398057635, -0.00953622766466573, 0.06386579101665166, -0.0532168565293681, 0.03320567005076405, -0.013270642792391029, 0.0030389685219459396, -0.012089483888712163, 0.009812264663692153, -0.006137772942866716, 0.002465608382809044, -0.0005739466510541777]]
P5->P3
T_min:200 K    T_max:3000 K    P_min:0.0001 atm    P_max:10 atm
[[-57.791426599795315, 81.78497809170393, -49.88032539681311, 21.09294809658756, -4.545335753171349, 88.26461402665423, -155.6862097874347, 94.777311346123, -40.22527867472559, 8.653540535656212, -74.78412015775844, 132.30903472285462, -80.35860322985636, 34.3002487314428, -7.386296376113464, 55.53980856901123, -98.18330274337004, 59.64230680234727, -25.492836248865615, 5.52129078521759, -35.96212932171624, 63.633677244783215, -38.67449626512959, 16.51336811286401, -3.5840636667083756, 20.46491019616402, -36.138647647072276, 21.957658055396188, -9.380183525531239, 2.0370404132561326, -9.776515400131176, 17.28996008498218, -10.51289350360426, 4.495067490512215, -0.98290132283496, 3.745249175055498, -6.605348037664808, 4.019619472199832, -1.7186855329227115, 0.3780879219939279, -1.0932967684230142, 1.9315425917090516, -1.1762700321853083, 0.5036415580333757, -0.11161625129209136, 0.19012124837678723, -0.33407701153513425, 0.2048016095960692, -0.08792573075522299, 0.02021643840135483]]
P6->P3
T_min:200 K    T_max:3000 K    P_min:0.0001 atm    P_max:10 atm
[[-15.187227616048562, 0.1412449313195543, -0.10223618437658548, 0.034779519881105676, -0.015058461670334923, 6.798450638792482, 0.030059857137358655, 0.008271832727151675, 0.010355439690248377, 0.010402696805366351, -5.227095115861234, -0.4671342820174451, 0.2678310686625738, -0.12164649530875131, 0.017910459271697068, 3.9275605544410594, 0.5248354271279975, -0.3093166552928034, 0.1354482925554915, -0.023825344720072448, -2.4826823173328956, -0.3941587264925218, 0.2338750947930777, -0.1012222186724607, 0.01850595933133631, 1.4161008765160303, 0.2705454633374385, -0.16165635398657546, 0.0691223083563308, -0.013177650087098014, -0.6497862559073485, -0.15651553253260492, 0.09404285952995992, -0.03980210677177286, 0.007838989771592853, 0.2537963636569927, 0.07183190683366683, -0.04337607991787128, 0.018208442261656303, -0.003687021784376343, -0.06869708436527641, -0.025336610203200525, 0.015366262697048522, -0.006408964458286833, 0.0013322062820923712, 0.013376186494396, 0.004811482419503232, -0.0029261505481095224, 0.0012154890760864877, -0.0002565832989484846]]
P3->P4
T_min:200 K    T_max:3000 K    P_min:0.0001 atm    P_max:10 atm
[[50.01678952964369, -106.70091541556465, 45.3948983640553, -18.531051345491317, 2.662822547459583, -129.70441656873052, 199.77212390037405, -85.65400753590059, 34.92334845163252, -5.023877212226709, 115.62142948888793, -166.68833684999393, 72.1192223539408, -29.371269729721412, 4.226976037247482, -86.3113501438982, 125.17403430833036, -54.031529473246636, 22.011640015460927, -3.173323357555301, 56.78894353133383, -82.36434282758947, 35.45759175572713, -14.428621500158394, 2.0927233794830613, -32.072696531888226, 46.73066182348193, -20.13364008087742, 8.170144252307717, -1.189098113270493, 15.564896915216428, -22.656339266475243, 9.735431635123309, -3.9415477794948663, 0.5767028810610997, -6.025984643117863, 8.87229902526637, -3.810744344921935, 1.5389868517074878, -0.2290243706301233, 1.7799466792511904, -2.6164957423416917, 1.1229989729068353, -0.4511691787367105, 0.0684565864162869, -0.31872408144705483, 0.4843570208950045, -0.20367443421762807, 0.08060700577161298, -0.012704233948615092]]
P4->P3
T_min:200 K    T_max:3000 K    P_min:0.0001 atm    P_max:10 atm
[[18.94336171417041, -105.19469546014923, 44.49495273459852, -18.182334012707138, 2.5957767792505284, -101.13024106999677, 196.97658795051998, -83.98456065019074, 34.27694986003049, -4.899960320750031, 114.07948291751771, -164.4656279754422, 70.79410703731834, -28.85949808340036, 4.129830112134275, -85.23141492253343, 123.67775136542345, -53.142447870302924, 21.669988189549237, -3.109741544703573, 56.1730483900411, -81.53308838201016, 34.96668973342386, -14.241744745295737, 2.0592552820240764, -31.78953030039835, 46.36939151512634, -19.92291814561774, 8.091471160790057, -1.1761640476586515, 15.465043712151868, -22.54755167311844, 9.673973631857985, -3.919791036812343, 0.574031627749554, -6.004712337535672, 8.858542208499692, -3.804368710576548, 1.5375893042243112, -0.22954218043983315, 1.7786993548195356, -2.62135199848185, 1.126577068399795, -0.45295018752415067, 0.06908733649035209, -0.318963367137043, 0.4859853902026826, -0.20477344641936104, 0.08110680422245142, -0.012853963302981443]]
P3->P6
T_min:200 K    T_max:3000 K    P_min:0.0001 atm    P_max:10 atm
[[-35.709734265456824, -1.5335050552071232, 0.935388181770342, -0.39116794960941487, 0.0800078551343455, 26.36899964421508, 3.1599694105227223, -1.9310331693925336, 0.806566601483863, -0.16731743693333775, -8.41702343979953, -3.0153139403368745, 1.8469664228844223, -0.7702925289657008, 0.16273279006630234, 6.485801480785134, 2.3168986816662036, -1.4202309449461599, 0.5921674858665353, -0.12584629255591656, -4.14185233757795, -1.4667330981924391, 0.8991186274562356, -0.3751092113490507, 0.07973520555619731, 2.439624827880566, 0.8023574991303251, -0.49177947675500483, 0.2053529098889852, -0.0436711100449432, -1.149176261286129, -0.3651344422657134, 0.22373104588735626, -0.09353353280083179, 0.019891898930648223, 0.4681290594218994, 0.13098177821661589, -0.0802542973835156, 0.033608023910110314, -0.007156966580716323, -0.13223500036795732, -0.03508321586860187, 0.021488034646826276, -0.009017349520919841, 0.0019257189163910172, 0.026862596146246216, 0.005061132980835028, -0.003098688838091326, 0.0013061413503118254, -0.0002793417769930796]]
P3->P1
T_min:200 K    T_max:3000 K    P_min:0.0001 atm    P_max:10 atm
[[-15.174802015364623, -14.02816354458406, -13.824614539138903, 2.773092897703156, 0.05783425431972913, -3.677292391209446, 25.904826964917905, 25.60804921973966, -5.177263362565488, -0.11662254060788954, 10.223724838023912, -21.29510062228078, -21.03630782210477, 4.255328455150511, 0.10625156657613902, -7.7655416803596395, 16.135433429955107, 15.596332434326776, -3.0856961750169436, -0.09682094608553116, 4.991857236803574, -10.646399158487428, -10.09853701217409, 1.9767127251714516, 0.0804650332031413, -2.618482574514411, 5.949069670688127, 5.670258974125685, -1.1154883535905946, -0.047341010866619904, 1.2444051886591114, -2.8801103794786638, -2.6722970616653896, 0.5146027010556862, 0.02697189135949939, -0.40935207672224766, 1.133863004318071, 0.9856179400274269, -0.18283134118755598, -0.01489611846603291, 0.11784894781463376, -0.3295931555548008, -0.27615727879302604, 0.049684106976014275, 0.005224744683848277, -0.002511118933967853, 0.05706807546336798, 0.0448119986576056, -0.007347989115293948, -0.0013767560517431395]]
P3->P2
T_min:200 K    T_max:3000 K    P_min:0.0001 atm    P_max:10 atm
[[3.7173324046618488, -36.742868021356436, 14.81051365349501, -9.32316977553899, 1.1204187180111924, -41.06752077856359, 67.93084767924547, -27.964441655835692, 17.541307157969065, -2.110813414567968, 41.54010393125722, -55.95754654181886, 23.640154476436898, -14.754103961874115, 1.7755721126378898, -31.138549094581183, 42.54784876910804, -17.897793107150072, 11.128373864668538, -1.3480213534719316, 20.77794826102752, -28.401916828563937, 11.869529414240132, -7.3334089383123935, 0.9030339932721773, -11.717082478258291, 16.212021658937736, -6.786207907239262, 4.1566223500128325, -0.5161383556607315, 5.8233283188311455, -8.05172367371724, 3.3492397130026776, -2.022208803088781, 0.2545763672722161, -2.2879504027538364, 3.2602758543747035, -1.355952500588156, 0.8014629540079432, -0.10478925438837898, 0.7017090624952089, -0.9976668977579212, 0.41535748927072685, -0.23902915161365862, 0.032552531233688994, -0.13430695260559808, 0.20663603458049182, -0.08320550389261364, 0.04507173508764276, -0.006711996643604074]]
P1->P2
T_min:200 K    T_max:3000 K    P_min:0.0001 atm    P_max:10 atm
[[2.553212479642806, -26.703969306768464, 3.4721506815434675, -5.062936878839649, 0.8497663042952475, -29.270792208757978, 49.88759569339968, -6.952543220880258, 9.581664244153254, -1.6075029247837072, 24.41325223343193, -41.48382217010769, 6.262084771915265, -8.114368502516065, 1.3544590137581163, -18.157542985875196, 31.211495776443495, -4.726154562867589, 6.119498294707104, -1.0253332993816906, 12.021436902610992, -20.58969177589656, 3.124481694698932, -4.022593282995167, 0.6873842037231845, -6.616160346935661, 11.604483035419769, -1.760777875777475, 2.2578839080083477, -0.3898601735971012, 3.2080781118552246, -5.5897767202534645, 0.8343985859013349, -1.0790357353614015, 0.18873749183124655, -1.1935194595846756, 2.1915393306410187, -0.3393569964785196, 0.42152895235725246, -0.07644348027539588, 0.35381013597391625, -0.6399515025492563, 0.09984536025889615, -0.12193382341142678, 0.022893574503659912, -0.051293117139029856, 0.11461779377144202, -0.015880527444916158, 0.02083557236341046, -0.004387880623323904]]
P1->P3
T_min:200 K    T_max:3000 K    P_min:0.0001 atm    P_max:10 atm
[[-4.348814357911039, -18.9332640038229, -10.83108644026028, 1.571619907712579, 0.31524835657919614, -15.187572071414722, 35.203314924487024, 19.93304454189894, -2.8994861999626247, -0.6047339427343935, 12.14445299856704, -29.201173841299482, -16.210491466903353, 2.3181947224523265, 0.5216252881274831, -9.154310830708999, 22.134986178676332, 11.933465647369701, -1.6151410326256035, -0.4124729336949222, 6.016124007511615, -14.671926292716842, -7.640141970818851, 0.9895054086806362, 0.29266784183913036, -3.2180334215582755, 8.300538943672354, 4.2336818514032855, -0.5384475976678033, -0.17160126362365785, 1.5638925095776142, -4.046489083482915, -1.9594056610050057, 0.22815572536647244, 0.08879021045482426, -0.5410590665725852, 1.6033371058312282, 0.6985242166662501, -0.0674299691810427, -0.039865282766067996, 0.15991127336902633, -0.47041032370035957, -0.1899915778329067, 0.015033381032988064, 0.01274475585326288, -0.009430090306109572, 0.08179810232304567, 0.02966984885947495, -0.0012558893929097566, -0.0027031353980043232]]
P1->P6
T_min:200 K    T_max:3000 K    P_min:0.0001 atm    P_max:10 atm
[[-31.36368488283161, 5.419736801983959, -3.3779260119953483, 1.3908956510998285, -0.32710186254139184, 28.367740548130204, -9.990481090993006, 6.23146212663567, -2.564951841814615, 0.60453114756329, -18.01122579161585, 8.009861874739508, -5.001655676998392, 2.0577372508013902, -0.4865027633543709, 13.613276783951797, -5.7750697561385, 3.6063294815300924, -1.483688311558117, 0.3507444205982255, -8.706669384492171, 3.7004024041625843, -2.3101261729212696, 0.9504507905812962, -0.2244385845792294, 4.983673707923496, -2.02744685083183, 1.2658871057719336, -0.5207245854970644, 0.12297892872897574, -2.3260308934787846, 0.9228546130256013, -0.5761519932416579, 0.2369929235874068, -0.05593548628038687, 0.9059589135484208, -0.3320880686832929, 0.20729256680439406, -0.08525923488432127, 0.020100379117045934, -0.2500076323416746, 0.08415144783316096, -0.05253970993815704, 0.021601695708252856, -0.005091027985045828, 0.045900669076817745, -0.011631415554098225, 0.00725046116216255, -0.002983440155656919, 0.0006990286097504072]]
P1->P4
T_min:200 K    T_max:3000 K    P_min:0.0001 atm    P_max:10 atm
[[3.9713165002376694, -24.708443352522536, -4.682742252137243, -1.3264320318199592, 0.3429445777357055, -33.449819996731314, 46.1264886224541, 8.390478253356491, 2.5505491638047113, -0.6544786054438262, 27.8018708706566, -38.367280042434466, -6.5752543215318235, -2.2333564517732647, 0.5595872366704421, -20.719692128726475, 28.945042159268944, 4.80640086605413, 1.7530471498392186, -0.4375341115961585, 13.69861659682767, -19.145045207322685, -3.054783685309729, -1.1882627853392174, 0.307144743564115, -7.565041218073835, 10.824174242794573, 1.6920578448735017, 0.6725505934611845, -0.17823306376180487, 3.6693214518718, -5.243940535582115, -0.7878791460527543, -0.33359750765847274, 0.0900908025033057, -1.3674037468769669, 2.0689326262503034, 0.26932563105349333, 0.14107037564717326, -0.03974771055989924, 0.40403104139935325, -0.6071632006542539, -0.07162998275562799, -0.042843467563857325, 0.012663273998998326, -0.05756710287546754, 0.10809060327474146, 0.012909746281632606, 0.007525106511321382, -0.0026472329784415186]]
P1->P5
T_min:200 K    T_max:3000 K    P_min:0.0001 atm    P_max:10 atm
[[-64.42820008264859, 77.84646461522348, -48.07145809007095, 20.57990171412408, -4.788706248254858, 98.12401558977938, -148.2533134715831, 91.35445670875417, -39.253218087866955, 9.111440452784503, -81.45060013287967, 126.01841699183655, -77.44424668330768, 33.463288063430106, -7.766732745848349, 60.64134656794382, -93.41441074182623, 57.4188371180781, -24.841074904695667, 5.798455641765894, -39.19340451080947, 60.474023325714825, -37.194740038941994, 16.07408013456042, -3.761480965384559, 22.31068432884494, -34.302741211880715, 21.090778134087138, -9.118114958089715, 2.134476717372076, -10.607261637495627, 16.348159770463614, -10.059007963374961, 4.351461527174774, -1.0252782760717303, 4.062986573615806, -6.217894867493149, 3.8293514777537903, -1.656251523644004, 0.3925858823529437, -1.1738968950251145, 1.8055047817754957, -1.1127052708855198, 0.4817986177428725, -0.11498343983019227, 0.20014349321432787, -0.30066045650603007, 0.18665493979739267, -0.08098819934786211, 0.020060862954445337]]
P4->P6
T_min:200 K    T_max:3000 K    P_min:0.0001 atm    P_max:10 atm
[[-67.90823313991217, -0.8953254281935266, 0.5155943516282949, -0.20321398861240386, 0.033719312613888386, 54.868546574601105, 2.03901214702476, -1.1957104039506543, 0.47426948032759714, -0.08677745703814085, -9.748715103115869, -2.209191083022871, 1.3192974359519323, -0.5270204760158477, 0.10522028661618162, 7.522330032195974, 1.8071879046155743, -1.0837079081711858, 0.43404404030972255, -0.08829924153682694, -4.741887454004697, -1.206584870563527, 0.7239015482778272, -0.29005833979081186, 0.05909921448466997, 2.755095208970835, 0.7183867789877955, -0.4320490612817881, 0.17327950193417704, -0.03564994434287062, -1.2757938155318507, -0.36196631920928374, 0.21805822502490035, -0.08757401337158441, 0.018137502478238633, 0.5088015136312165, 0.14650082070902373, -0.08843040081070602, 0.03555271565188684, -0.00741805355622277, -0.14024418831705737, -0.0456532694038829, 0.027647194351961606, -0.011139436943924389, 0.002355259570828628, 0.027910478646359822, 0.008064483128512087, -0.0048808187978874925, 0.0019722253938033183, -0.00041604876760660374]]
R->P2
T_min:200 K    T_max:3000 K    P_min:0.0001 atm    P_max:10 atm
[[-2.1694610296416292, -23.17067078204153, 12.494353088988088, -6.101434526772502, 0.2234203410407204, -19.415256025260426, 43.183105378543594, -23.82518060404939, 11.48090367726741, -0.41718057355430566, 16.711574370097342, -35.78581792073992, 20.358012938554158, -9.677259453500973, 0.34819673834416937, -12.5646520376924, 27.042573190153334, -15.392469721895035, 7.3620182914912515, -0.28667203329182245, 8.431842293202976, -18.045694350109898, 10.218412589140478, -4.906491356971244, 0.21836657298731815, -4.7650025839247485, 10.279683553324025, -5.844801607565474, 2.799862893947535, -0.13351846622683805, 2.34796879049035, -5.015827670051308, 2.846958067523049, -1.3716332850307367, 0.07256711560181993, -0.924823402976091, 2.0022568076074343, -1.1353914738664508, 0.5485427696183912, -0.03438209276180813, 0.28491349874339605, -0.6045430804396337, 0.3444005434534328, -0.1666413795451919, 0.012239072456556893, -0.05405305879743958, 0.11954410721434727, -0.0673647323780191, 0.03343099138567856, -0.0034853643106841836]]
R->P3
T_min:200 K    T_max:3000 K    P_min:0.0001 atm    P_max:10 atm
[[7.239686463083414, -40.35344311449563, 21.18264715269807, -11.593040829853296, 2.198888406573949, -36.12280452651835, 75.46269423198211, -40.2070705315888, 21.835221574726734, -4.142646422952774, 30.18396898909747, -62.624776132625996, 33.98868323161977, -18.3282588498631, 3.468162247001661, -22.515163811181473, 46.701203614393194, -25.29934008755527, 13.704926105199334, -2.5918466594179734, 14.669380736616933, -30.524767845891876, 16.466229443689965, -8.944619066554727, 1.7028385164229036, -8.138952039546941, 17.05409175186296, -9.206084224282481, 5.006841804864665, -0.9560928565832616, 3.8453191325502445, -8.069431068674541, 4.3335232045361645, -2.3726144007394705, 0.45443435685025574, -1.445518238572983, 3.0855067381217833, -1.6514533043342048, 0.9071613355163105, -0.17574331089233927, 0.4122195255937271, -0.8783244802618354, 0.46861483564519424, -0.25913804463815127, 0.05072468287458366, -0.06535337954276982, 0.15000411932049254, -0.07802272729842698, 0.044242761085586155, -0.009110871408813306]]
R->P1
T_min:200 K    T_max:3000 K    P_min:0.0001 atm    P_max:10 atm
[[1.5411985610429475, -35.815931594410955, 17.41295683426118, -9.95701960156146, 2.208348882803373, -24.07620397092731, 67.04987563556826, -33.14345917200189, 18.74208661305648, -4.157336087851311, 20.17168963023426, -55.820226597867, 28.151890762374826, -15.740844884880927, 3.478717420559525, -15.230784356816226, 41.708945363874285, -20.999673596889558, 11.79092008431714, -2.600571912185015, 9.830481331617198, -27.207583754106636, 13.648620074538758, -7.685735036931662, 1.7059849420787188, -5.4260355982919615, 15.17911641844571, -7.615713660240008, 4.292646784303943, -0.9560937853067227, 2.5433833858274935, -7.1751114820098065, 3.579519740632232, -2.0307801447674785, 0.453617039058754, -0.9401929987366154, 2.729010873126083, -1.3583093567079219, 0.7724988376452862, -0.1743624105491412, 0.2663405604677006, -0.7750312409759598, 0.3842466630979489, -0.21980758134726985, 0.050005202172526, -0.038502096388931935, 0.1298734884989907, -0.06301278870559635, 0.03682703670413765, -0.008779887062546655]]
R->P6
T_min:200 K    T_max:3000 K    P_min:0.0001 atm    P_max:10 atm
[[-16.597838402400562, -5.180213585302098, 3.1561002033101326, -1.2693671736549488, 0.2674041595424683, 1.8557971768667008, 10.112315307108965, -6.168142877515061, 2.4828900598961274, -0.526377659981256, 4.369428976629919, -8.934742880217074, 5.459721780196766, -2.2004863349278536, 0.47107392138887505, -3.1473112513848935, 6.705906832294942, -4.100604891117845, 1.65337724051276, -0.3552363118587259, 2.0744305931225404, -4.286057804612315, 2.620987452585902, -1.0567384090803045, 0.227087235444881, -1.1019569749998717, 2.3655120442900404, -1.4470252751974164, 0.5834886461306635, -0.12560427633450885, 0.5106907281975358, -1.089532761719646, 0.6667692149893476, -0.26890687067160357, 0.05801091206074391, -0.17908673181198465, 0.39700647171493414, -0.24307927588442918, 0.09805363040067133, -0.021206515965042333, 0.046647828015870446, -0.10574935965144751, 0.06483335723206253, -0.026171290244423426, 0.005697558040153502, -0.006162907662418008, 0.01532354113826138, -0.009406846417037186, 0.003800730102611211, -0.0008325477348048964]]
P4->P5
T_min:200 K    T_max:3000 K    P_min:0.0001 atm    P_max:10 atm
[[-88.9571412623304, 51.623916740739254, -30.661581165309993, 12.925707904447167, -2.38635651266547, 101.66224221584122, -98.69411922079978, 58.45457733271859, -24.779722784796714, 4.571387054295324, -53.931805272693, 84.5642865446338, -49.91040676471372, 21.340931407893073, -3.9573935837637615, 40.51728850663535, -63.02328112349572, 37.20462300562715, -15.941663386431772, 2.9873054753249426, -26.18392291124283, 40.914741823497536, -24.172329114098268, 10.34005077325741, -1.9433579033726116, 15.078596754181616, -23.46069549243092, 13.860018543357741, -5.931240856575971, 1.1178419221421176, -7.291421904955858, 11.414654488517122, -6.7544880984634235, 2.893470870671179, -0.5532903115827786, 2.8448463892591778, -4.426667736211344, 2.6238723534959054, -1.1235647705361795, 0.2174149207958076, -0.8502874151913783, 1.3363936986634377, -0.7938188966821182, 0.3402783954060659, -0.06695887727083395, 0.16090284197199486, -0.25053304689334105, 0.1504256891891944, -0.06463288844681425, 0.013539797404784051]]
R->P4
T_min:200 K    T_max:3000 K    P_min:0.0001 atm    P_max:10 atm
[[2.5238399654114096, -32.89280644159984, 18.22832195070424, -9.273754472402375, 1.0752460487450777, -29.76174176819604, 61.46098913589911, -34.6372517413718, 17.465928736839462, -2.02386543715521, 25.188649822321818, -50.98954748243894, 29.36955260641333, -14.682497228118654, 1.6936315800928836, -18.782107756410483, 38.18464994256523, -21.971401643107264, 11.038605777188106, -1.2795742394239307, 12.391699594755844, -25.143914488948806, 14.397479383293996, -7.257381486523897, 0.8569168990971497, -6.913619508117988, 14.145502866928465, -8.115562762530166, 4.091028539594618, -0.4867224380180854, 3.3200290699594706, -6.763884089625653, 3.865435471595848, -1.9613158950080174, 0.23594599046833656, -1.2692759079814002, 2.627376329542708, -1.4964131052854617, 0.7623380566503211, -0.09465591554002653, 0.37300782961401546, -0.7643319108026224, 0.43519086656871864, -0.22287018982866114, 0.028580276331632577, -0.06449062699021163, 0.1394124259176551, -0.0776879176237016, 0.040887020699018554, -0.005893915161491497]]
R->P5
T_min:200 K    T_max:3000 K    P_min:0.0001 atm    P_max:10 atm
[[-28.660417731023117, 28.933620340368293, -17.666219101348503, 7.381805716667925, -1.5211330661509919, 31.705487340850176, -55.685392642845834, 33.790437415433956, -14.244765544131692, 2.9196751619600576, -25.37179535065433, 48.33786313241717, -29.100555262033343, 12.43038738139265, -2.5513885112970085, 19.102564468155613, -36.178696453912096, 21.780885688010507, -9.329294461092001, 1.9411982149650613, -12.292019803269241, 23.368115952419814, -14.090053917815393, 6.018707712779155, -1.2572813643803646, 7.1022589522460855, -13.449127867689027, 8.102681555633877, -3.46180907463836, 0.7225108413961144, -3.494119223939749, 6.606665632804384, -3.985915724859485, 1.7040010143634656, -0.36022863086000184, 1.358578241731034, -2.5657253362049905, 1.5504831841522577, -0.6621152064700155, 0.1413656835048256, -0.41751273109861614, 0.7840468652298448, -0.4742323429636197, 0.20256448648151373, -0.04367954470772288, 0.0798014073670189, -0.14968583975597816, 0.09144781548924634, -0.03906344505090568, 0.00886867682540807]]
P2->P3
T_min:200 K    T_max:3000 K    P_min:0.0001 atm    P_max:10 atm
[[6.639352637232933, -37.24762462342073, 15.129398506515786, -9.453711225267197, 1.1534073262071711, -43.8948417399533, 68.85883171909134, -28.551101192199475, 17.781538843873708, -2.1717243131877413, 41.85949962755933, -56.673007825717214, 24.09350441027477, -14.939935022235868, 1.8232225990620932, -31.34306672234822, 42.99960862872016, -18.185474683388463, 11.2465525820498, -1.3790506177097626, 20.86163160566752, -28.62166664549496, 12.011029600774519, -7.391814857178807, 0.9191607154562137, -11.734102866731579, 16.28122408826915, -6.8322935883957205, 4.17591152778717, -0.5222272130526887, 5.811615773254714, -8.05229083886817, 3.351223865505643, -2.023307813583322, 0.25569193970700127, -2.27531144954995, 3.2462475056853863, -1.3479298702956526, 0.7983233089708808, -0.10443182015209966, 0.6950938278384601, -0.9886852163937381, 0.409998764774346, -0.23688909138062045, 0.03217660102864102, -0.13292059724816827, 0.204669195112537, -0.08202026130231306, 0.04459460130103621, -0.006622812239552676]]
P2->P5
T_min:200 K    T_max:3000 K    P_min:0.0001 atm    P_max:10 atm
[[-48.878069840005516, 42.23930033851123, -24.966910167689388, 10.427986768437837, -1.8379988978179846, 60.288626220713404, -80.89594268842238, 47.647122272767895, -20.034299567432175, 3.5287851051132617, -43.49299124151528, 69.56046278078716, -40.78801174335464, 17.328038274335846, -3.073414846944929, 32.742796880683976, -51.90784756832921, 30.4419169062698, -12.965161049221457, 2.32954733071093, -21.109623813292288, 33.63721559792525, -19.744663918761255, 8.392164909495543, -1.5121325116952535, 12.175433162680255, -19.29518509681086, 11.32445782130136, -4.815688296594228, 0.8700098557364716, -5.903403569033764, 9.419924881224581, -5.538788508479021, 2.3584203703783286, -0.433554470473934, 2.306501063590865, -3.652834442566074, 2.151771678040433, -0.9158979710526757, 0.17063641573108737, -0.6910721054190231, 1.1057758535178448, -0.6528293396136765, 0.2782589454350333, -0.05283180778864822, 0.13382266723065672, -0.21173711528056907, 0.12653440265354696, -0.05408570420016268, 0.011046854432020161]]
P2->P4
T_min:200 K    T_max:3000 K    P_min:0.0001 atm    P_max:10 atm
[[-37.149084422902064, 27.118596685859572, -12.404226912722196, 0.9220900785395673, -1.291684347406237, 36.145593521983216, -52.46726146824998, 23.373737080597017, -1.7835273013681276, 2.4394024467619193, -24.90614376943246, 45.04914288704737, -19.407049781046418, 1.440143702713193, -2.038179221734113, 18.326291300487718, -32.50728272430717, 14.007915208802077, -0.8532689746483791, 1.4759541627795427, -11.293289451735573, 20.339526367354868, -8.80430478911783, 0.4083630591284729, -0.9240298028222427, 6.28617869029237, -11.13546995727969, 4.777694116478639, -0.15864099359189465, 0.5029418963529404, -2.6762291282106014, 4.879500494595176, -2.0902319913996705, -0.0032653717221601, -0.22316127277274092, 0.9218176722525387, -1.6311787492141485, 0.6899419783608942, 0.04794355971717822, 0.07427641385038736, -0.20161161300102687, 0.3801595410720145, -0.15434114344848518, -0.03188052720782204, -0.016893213379062823, 0.0122294450006045, -0.01972823603833798, 0.008145736906156277, 0.013162752598064183, 0.0010349527195240152]]
P2->P6
T_min:200 K    T_max:3000 K    P_min:0.0001 atm    P_max:10 atm
[[-36.80930737907543, 5.267309249096769, -3.306443702233197, 1.3586744290787076, -0.325407639519219, 30.518203798223826, -9.550611796371463, 5.990726388806255, -2.4626001847040278, 0.5880041170420967, -13.637592662693793, 7.435668039105845, -4.65938272174726, 1.9163627329254835, -0.45549878570847385, 10.320831764394546, -5.280295055243434, 3.3092619843823488, -1.361212075789922, 0.3234980562439889, -6.530762175387917, 3.339143899402306, -2.0935987189668985, 0.8612851731266742, -0.20496288390590262, 3.7179503754019323, -1.775990008342838, 1.1138284678485186, -0.4584027736540652, 0.1091518917532677, -1.7039223667457688, 0.7754470932913988, -0.48676987095089336, 0.2004197676683687, -0.047839472112014725, 0.6561094112722742, -0.2633693401091013, 0.16553591676149693, -0.06821847269707208, 0.016341554508915036, -0.175218504529772, 0.059476610924286695, -0.037480600391963784, 0.01547642086449171, -0.0037316041899556744, 0.031405290708901766, -0.00643320728025219, 0.004101387380345799, -0.0017007935783467643, 0.0004234387051672139]]
