==============================
W1_Energy_1
R->P2
T_min:200 K    T_max:3000 K    P_min:0.0001 atm    P_max:100 atm
[[-18.810668738499245, 2.039994841270535, -6.034836340864444, 13.649926427826328, -3.9592082767091834, 11.712133433544325, -11.765852114111853, 3.6173802210745887, -10.700417095685193, 10.450215876974703, -3.1076173903023663, 9.191641491869252, -8.279624869349037, 2.5056508707049163, -7.410218325322293, 6.300496311652412, -1.889946332779522, 5.588287133899764, -4.4042062607453705, 1.3283067558544563, -3.926691739732315, 2.8726823193783715, -0.8644351675511618, 2.554590403067249, -1.713989582271931, 0.516987415045418, -1.5272078520851733, 0.9305648750809763, -0.2806995441679019, 0.828742037055352, -0.45109158720487047, 0.13628516082250014, -0.4021053880785421, 0.19022050917386965, -0.0575736938932751, 0.16969398707029917, -0.067326154846441, 0.020402303518485966, -0.06006176794299356, 0.01813824766142554, -0.005527362058046948, 0.016233940759689758, -0.0032708847941433808, 0.0009923986679064285, -0.0029039057613171174]]
R->P3
T_min:200 K    T_max:3000 K    P_min:0.0001 atm    P_max:100 atm
[[-14.809770170103516, 0.9673598152761267, -2.5619557258160937, 6.9754858661765855, -1.8772216987442878, 4.971889782089456, -5.9501798229742775, 1.7145588348824545, -4.541986883835491, 5.336910400102312, -1.472077473281786, 3.9008562781499836, -4.1877933391185636, 1.1859279677810113, -3.144085162969157, 3.2085370023124518, -0.8935173835168618, 2.3702653883441815, -2.226615518717201, 0.6270934395674783, -1.6648251689388884, 1.4576654421628636, -0.4073886546661898, 1.0825329270604922, -0.8648031046332496, 0.24311535667078613, -0.6467721317017054, 0.47015581119575095, -0.13166415088955255, 0.35071880445109144, -0.22675258545693894, 0.06371876992928217, -0.1700147725279755, 0.09554818388150625, -0.026822591814835695, 0.07168207765251726, -0.03367117903691016, 0.009456358751238523, -0.0253358966728199, 0.00903006251884573, -0.002550569525389987, 0.006842064265021032, -0.001636899198627424, 0.0004490877302980867, -0.0012161256219167065]]
R->P1
T_min:200 K    T_max:3000 K    P_min:0.0001 atm    P_max:100 atm
[[-25.131064681184796, 5.016446818035343, -13.199774823299379, 29.3562964667003, -9.73509237383818, 25.616297623294592, -26.68473360770694, 8.892623178705996, -23.40170189869563, 22.979589580585724, -7.636094838739387, 20.09754970164835, -18.498969481405158, 6.15317483034852, -16.19815618484037, 13.950188696145252, -4.637220448606156, 12.210543701480123, -9.796162956900101, 3.255556891511476, -8.575645394257053, 6.367503941166886, -2.115633710810423, 5.575304215408256, -3.8042346615832634, 1.2629174037370878, -3.3302274077743887, 2.0610995908471894, -0.6840967882421682, 1.805170823950405, -0.999140397338436, 0.3310622008434324, -0.8745424822411171, 0.4204697372867478, -0.13928904102415218, 0.3683735399804661, -0.14865880900726347, 0.04903012825935274, -0.12996724183994846, 0.03993163832284772, -0.013177055808717962, 0.034999846167331886, -0.007155670586039809, 0.0023058657540567387, -0.006182580150544845]]
W2->P1
T_min:200 K    T_max:3000 K    P_min:0.0001 atm    P_max:100 atm
[[1956.94312406857, -1669.238012236933, 1981.323376269787, -3790.062051816568, 3231.5505795859713, -3830.2640812791033, 3439.9475628154446, -2914.27176453466, 3456.614718140397, -2893.8328011056074, 2449.5935191735384, -2907.9678929411857, 2262.461548693027, -1913.943978129155, 2275.0395743252852, -1638.76788651238, 1384.604438943851, -1648.8800652223815, 1093.2080675575003, -922.2712286515239, 1101.1053032863188, -666.7125316072413, 561.2234824221508, -672.420593807963, 367.7039984620573, -308.5920658056308, 371.56421884356746, -180.61756599544452, 150.92506500127791, -183.01923987775908, 77.24988214074556, -64.1256013439176, 78.59529345032361, -27.741467393677407, 22.791206636530422, -28.416106244987738, 7.8659289137343436, -6.342186914647932, 8.144581740773791, -1.5432095739473644, 1.195347516267188, -1.6391854986641419, 0.1572471554909297, -0.11477820588594456, 0.16993312622579923]]
P1->P2
T_min:200 K    T_max:3000 K    P_min:0.0001 atm    P_max:100 atm
[[-80.36394100310551, 18.66393413729883, -49.574036315008165, 117.11722444250509, -36.21955108261611, 96.2056269289492, -93.55141856636, 33.08519036878778, -87.88874381129446, 80.30351659800935, -28.409802107956917, 75.47863621654687, -64.70802426090572, 22.89245383496551, -60.83384873585243, 48.778027306433486, -17.25201950444816, 45.857240825614845, -34.24912424459686, 12.111467916582388, -32.205793815042114, 22.260945534412365, -7.870340629501322, 20.937511186308683, -13.294469727881175, 4.697914718579009, -12.50594174098518, 7.203151133702099, -2.544573428470619, 6.778639590182829, -3.48919263075652, 1.2312891947452083, -3.2837743006606552, 1.4688135645703928, -0.5179725925929003, 1.3830844271409444, -0.5183123448094639, 0.18229212053488064, -0.4878903675764723, 0.13948288109814633, -0.04898057598514819, 0.1313748657180405, -0.02474017634665388, 0.008567678374517777, -0.023192891918022856]]
P1->P3
T_min:200 K    T_max:3000 K    P_min:0.0001 atm    P_max:100 atm
[[-3.6869215066419225, -0.12312881769088335, 0.06054664140128854, -15.702523403507051, 0.23856824155450304, -0.11707425941064546, 16.03524852271527, -0.2166591739477547, 0.1053869614002743, -13.32109442965086, 0.18409983467234006, -0.08801516714551343, 10.786558119764193, -0.14597094388354054, 0.06785427031956809, -7.935493337241579, 0.10761960901175789, -0.04806824379034381, 5.497339799847034, -0.07333273030428607, 0.030881567761805746, -3.4720550138346495, 0.04582076790520506, -0.017708386432319357, 2.0142438269787317, -0.02593029818378079, 0.008733290039761267, -1.0455429287496079, 0.013072973568662442, -0.0034771426361592177, 0.48113341647199914, -0.005704819001096412, 0.0008766220502977645, -0.18832149520355584, 0.0020608369629484466, 7.00368759437593e-05, 0.060251993452800946, -0.0005548459049825172, -0.0002486109771494145, -0.013941391022289994, 8.630938866647404e-05, 0.00014830191011518058, 0.001879646658362378, 2.5869916878161493e-06, -5.0763131067617136e-05]]
P2->P3
T_min:200 K    T_max:3000 K    P_min:0.0001 atm    P_max:100 atm
[[-27.293129284987394, 5.796772271675584, -15.479099931090108, 34.761596954301446, -11.249463298456565, 30.04003620718885, -31.558076368700984, 10.275891200768626, -27.443224086118136, 27.24540588237042, -8.82406800946698, 23.569567235959035, -21.863084088634352, 7.110535025454227, -18.997458946285352, 16.523610425497374, -5.3588628266071865, 14.321884717460403, -11.576892611527787, 3.7623184419610314, -10.05946586515863, 7.532943921291625, -2.4450626863340976, 6.5408213404300355, -4.493145213827579, 1.4596848809072018, -3.907636344989072, 2.435328995528644, -0.7907457955563856, 2.1185905336672324, -1.1788672330033096, 0.38274514510392527, -1.0267183667720963, 0.49624634839926524, -0.16105798342070562, 0.43261768258880573, -0.1751790550007333, 0.056723977904948854, -0.1527473518136504, 0.04714111319216415, -0.015250974301137367, 0.041160815662794566, -0.008433780396666998, 0.0026777526903594704, -0.007295324242484182]]
