==============================
W2_Frequencies_1
W2->P1
[[-115.75897130584504, 109.60151139289795, -117.78952422320603, 25.153284046986496, -33.20525742951048, 26.66114182651274, -94.13221566855164, 104.51287426647053, -90.92539995961124, -36.259619062880596, 43.91196421774852, -35.776582710984144, -10.351434512443417, 22.95002363581311, -9.259286964869263, 31.62559468677921, -22.52309846860299, 32.30449049244277, 25.70292893288834, -25.668703460255845, 24.186307403074103]]
W2->P2
[[32.16541636276773, -30.760929263136884, 31.277722459059124, 17.031805985522453, -13.820423789722936, 19.795448805023607, 52.55900066495511, -50.961352024111164, 49.771670260337366, 2.0058939320915936, -0.32238734966061117, 3.0306535966435866, 26.517793760847432, -26.173754003291503, 22.554128051922575, -6.989965015672765, 7.580317061725001, -6.892447688301155, 2.0848009960483993, -2.8568531700832906, -1.656831101974753]]
==============================
W2_Energy_1
W2->P1
[[0.019539889120681067, -0.018057401041038725, 0.019629847165560384, -0.0014494317461259966, -0.0005315928468765845, -0.0012811496398468993, -0.003232546057071568, 0.0017021924352937348, -0.0034550265134094165, -0.007300254692108435, 0.007900604442891094, -0.007482024900664896, -0.005204297707860852, 0.004496512244503316, -0.005490128693391762, -0.002331826834938464, 0.0025821554900317947, -0.0024547274283580624, 0.015451222356957445, -0.015287939830347262, 0.015988485224569627]]
W2->P2
[[0.010800959657208429, -0.0037641261961768335, 0.007956405068532825, 0.00139215675585269, 0.0008585449537005078, 0.0017682377203951701, 0.016786048749481794, -0.005662203713465992, 0.014718606313901048, 0.00310126879781973, -3.618525088930492e-05, 0.002308448713485425, 0.011972776176063954, -0.0016450052789529913, 0.010767508526645308, 0.0014207512339287369, -0.0005872479436766172, 0.0011231619198316515, 0.005809518088434239, 0.0005135178683800217, 0.005446454057621156]]
==============================
W1_Frequencies_1
W2->P1
[[-16.635211899350633, 24.162921363715622, -17.022435246778837, -4.079161579851159, 10.72637768838463, -3.3861165932971695, -13.687079939448164, 19.04847682019064, -12.84768457278954, -14.870143855757288, 7.755666933720177, -14.931725831086764, -26.06118821363259, 19.491859194214204, -25.46961322485363, -8.85855181653836, -0.8559338738640144, -8.713897678471044, -24.278644172486086, 15.31304629660911, -23.872722669835614]]
W2->P2
[[21.751063130197842, -23.42893786818938, 18.78552744763499, 18.18452631713789, -21.433618176633644, 14.5692652888299, 30.18935801592402, -30.196018840228632, 27.280123396895256, 0.24753982097564187, 0.9053831562199929, 0.8084874347098752, 6.478326140963508, -1.798619979649388, 8.292624914952833, -8.380091978626975, 10.886029259693927, -6.159913350521157, -9.551219827191876, 15.394609573636487, -5.583284891953964]]
==============================
B1_Energy_1
W2->P1
[[-0.5024918300296756, 0.5900803416213526, -0.5178284759105328, 0.24720141625528813, -0.21919273464279102, 0.24611617960797164, -0.13781186387644645, 0.24870694661695575, -0.1318517808416729, -0.15867434972718938, 0.13767700510837944, -0.16132922595554514, -0.00390297691942763, -0.006804731350586086, -0.005485533476999667, -0.039639859454069656, 0.001699973136929238, -0.0395923984948756, -0.10412314072139187, 0.04881517551595735, -0.107241745764705]]
W2->P2
[[0.04268582909377512, -0.04683379018471885, 0.03320297442326253, 0.03155060616026471, -0.040970242496137, 0.01970939145831423, 0.08012379441792991, -0.0805281943870833, 0.06792295010001205, 0.015392503057681192, -0.015316488410700347, 0.01264806294911925, 0.056091009955223814, -0.04548469608836393, 0.05544340101085938, -0.0007592169953845812, 0.003751525332956979, 0.0014393135488256843, 0.021169452228396068, -0.006594947893078122, 0.028365380758463597]]
==============================
B3_Frequencies_1
W2->P1
[[-3.4137064680969966, 6.303497258583891, -3.7864172366004345, 22.100245675046402, -18.681774370525773, 21.953759969910596, 20.11287944330456, -15.81477788142176, 20.18555498280182, 11.43363971681276, -8.919212880906361, 11.220737828936178, 0.39037955364962673, 1.7359329489170372, -0.0322087588796523, -1.2169139129110995, 2.2654051286841947, -1.5449946463444317, -5.267179713038775, 5.693573674937601, -5.457456019899334]]
W2->P2
[[2.127303185284078, -0.9162606881152475, 2.1547631554144298, 2.740046516466187, -2.449122231023963, 2.381807042580584, 4.600685499875906, -1.5795224012661158, 4.276143608828635, 1.1873450402240902, -0.7150545136765515, 1.0937238055107847, 4.29116120211755, -1.7502910118874515, 4.0090801472366095, -0.39372563403923594, 0.6724546122743427, -0.3221228322744081, 2.4908616503393595, -1.0710110587286186, 2.306277893725756]]
==============================
B2_Frequencies_1
W2->P1
[[47.23111602857176, -40.94819172275717, 47.577648785547915, 58.126661485833765, -49.24008399015055, 57.09663045270458, 50.679349054713754, -43.387381279487364, 50.03713412102024, 23.29443865309558, -19.7267966898601, 22.697697663857475, -4.772635685479621, 6.221464793680752, -5.35813878968079, -7.863609710651127, 7.725718764848919, -8.322548294566595, -24.674221629340835, 24.46786794832761, -24.10816799386058]]
W2->P2
[[17.307384322558878, -16.921593086003995, 14.276791753885421, 11.079242718316657, -10.865833744287615, 9.678203348940439, 32.450833196594246, -31.014737777305005, 27.030319752147722, 5.709875894988217, -5.069074788928782, 5.007226167140105, 25.287895555350662, -22.94861965598793, 21.552406943238793, -0.7011104549075526, 1.1052827682250321, -0.6252918915129793, 12.244557404569496, -10.163817127123522, 10.728708627642648]]
==============================
B1_SymmetryFactor_1
W2->P1
[[2.7307390401911777, -3.797049625671237, 2.6972271608174707, 3.0923479538798824, -3.387379306387315, 3.0976762914203686, -1.0178465469117608, -0.18021328332036105, -1.235862430958858, -3.535688606632368, 3.3916596815627895, -3.7189305836085778, -3.015682610659541, 2.487146140702254, -3.184395000191753, -1.4668410990900758, 1.5717842535329831, -1.5225346434200504, 4.422211660379288, -4.3635989273108695, 4.641302994774055]]
W2->P2
[[6.5778432838273755, -3.437953403520227, 6.373882166359597, 4.315026721020744, -3.879917721628593, 3.804898803184843, 13.023402899364397, -6.965538454105229, 12.620399226176458, 2.620967659209654, -1.8381283378967725, 2.409868581309814, 11.195073084220164, -6.33916215366566, 10.812689526743219, 0.03033230887528192, 0.4548812078982854, 0.11370646245741921, 6.062883643451466, -3.44529175819847, 5.867179423549362]]
==============================
P2_SymmetryFactor_1
W2->P1
[[0.0, 0.0, 0.0, 0.0, 0.0, 0.0, 0.0, 0.0, 0.0, 0.0, 0.0, 0.0, 0.0, 0.0, 0.0, 0.0, 0.0, 0.0, 0.0, 0.0, 0.0]]
W2->P2
[[0.0, 0.0, 0.0, 0.0, 0.0, 0.0, 0.0, 0.0, 0.0, 0.0, 0.0, 0.0, 0.0, 0.0, 0.0, 0.0, 0.0, 0.0, 0.0, 0.0, 0.0]]
==============================
W3_SymmetryFactor_1
W2->P1
[[12.000196242477148, -11.466279268529451, 11.682337748524294, 20.93916720901895, -19.321332054976285, 20.398346855720686, 16.614526755364192, -14.530691244061376, 16.21455882423159, 9.393420197265367, -6.486201731607781, 9.235595027567642, 2.83728508120246, 0.2684375717365687, 2.8767000845988115, 0.8033526471818596, 1.564979393863913, 0.8716606748208585, -6.4472775713399875, 8.850091967447721, -6.160702136298673]]
W2->P2
[[-1.6143155793760278, 3.8747432461360787, -1.2708967462657548, -1.406871751731039, 2.135788213193807, -1.3288262876109065, -3.1053006547852737, 7.500951802978721, -2.4759136713572407, -0.6279598605287932, 1.3482301769360872, -0.5754238807201536, -2.5148840455311485, 6.132064012475484, -2.072795108057253, 0.17217805208134335, 0.09252444198531004, 0.18664976930178748, -1.1734755563576724, 3.163823610520279, -0.9893308071633728]]
==============================
B2_ImaginaryFrequency_1
W2->P1
[[-4.2112214821361915, 12.916893683199797, -4.104701241676508, -1.9666569438007937, 8.811009775835652, -0.998386638083026, 4.657256850642626, -3.406730006638907, 5.2173179329136845, -1.7166880662224953, -5.6905536913922266, -1.882596373436092, -12.316505054482082, 0.6487125537762605, -12.977075062024424, -8.645319420236602, -2.1321133190195716, -9.369610839706782, -28.604417038316946, 17.66376850128689, -28.99804540676222]]
W2->P2
[[5.70155857263882, -3.3646458768642136, 5.754856484433708, 3.1069462583310714, -0.9237785090960356, 3.723502548037822, 6.432413552840262, 0.2398197436859364, 7.925178142431799, -7.614940340269064, 11.449569306579393, -5.039343841936121, -0.7605195429791068, 8.849569831181523, 2.35965725489295, -10.616945204851325, 13.372122218665982, -8.137749770126767, -3.868258919325559, 9.594101148373547, -1.2040302562344773]]
==============================
B3_SymmetryFactor_1
W2->P1
[[-5.138334064692961, 7.8643535634036414, -5.689441172046805, 20.719622594306582, -17.178791101367707, 20.65730262203773, 18.810153453291466, -14.513325692612655, 18.963194790218505, 11.247132717988269, -8.821709375137678, 11.070875798439555, 0.47578675580025886, 1.3777514495502885, 0.056382878165524286, -0.8177276353059844, 1.7128410791908684, -1.1471328865338601, -4.479444305759619, 4.617541808631179, -4.70238041980232]]
W2->P2
[[-10.428635478357632, 11.324075195392059, -10.269487391225644, -1.2483174642688852, 1.840988015721902, -1.3836787765126055, -19.697611302929296, 22.541008103222364, -19.957561343537964, -2.673412242507507, 3.271089138258256, -2.6549457709626205, -15.766651385651068, 18.35551639020146, -15.818344058976269, -1.7796144903842057, 1.9866691928844273, -1.7253256381581086, -8.39369541670663, 9.924810259473235, -8.3694696021276]]
==============================
W3_Energy_1
W2->P1
[[0.0012494016750526063, -0.0013311062738977717, 0.0010750315218519132, -0.0003454193047000015, 0.0004227575029005821, -0.00034570795426859383, 0.0013454628640036993, -0.0011130109458044738, 0.0013182454088764648, 0.00027794944199895305, -0.00021058212798767695, 0.00031000566967050966, 0.0014561627238416214, -0.0012907326358380725, 0.0014736543760122992, 0.0004023926506418289, -0.0003820886176512102, 0.000435528275732577, 0.0009865516941268372, -0.000910857378717127, 0.0010194198844507155]]
W2->P2
[[0.00841563035734954, -0.009893521164684638, -0.0007084138857894433, 0.004641510365501205, -0.006717344335971149, 0.0004329444316932259, 0.011586896233422557, -0.01396514871166152, -0.004160923836726307, -0.00040422207317065604, 0.000446591973023432, -0.002615259802505823, 0.003485601224431431, -0.00360775331393319, -0.007650578735838134, -0.0026373584089660566, 0.0036835824121853986, -0.002500896949659565, -0.002221055365998171, 0.0035764443714837112, -0.006950947174337848]]
==============================
P1_Frequencies_1
W2->P1
[[0.0, 0.0, 0.0, 0.0, 0.0, 0.0, 0.0, 0.0, 0.0, 0.0, 0.0, 0.0, 0.0, 0.0, 0.0, 0.0, 0.0, 0.0, 0.0, 0.0, 0.0]]
W2->P2
[[0.0, 0.0, 0.0, 0.0, 0.0, 0.0, 0.0, 0.0, 0.0, 0.0, 0.0, 0.0, 0.0, 0.0, 0.0, 0.0, 0.0, 0.0, 0.0, 0.0, 0.0]]
==============================
B2_SymmetryFactor_1
W2->P1
[[9.125534068873902, -4.704171880511264, 8.840520256145043, 40.04442908395486, -33.06490009488075, 39.44022215981262, 38.66529103647813, -31.715284944663438, 38.243411651542914, 29.121095692390337, -24.759401314678147, 28.44593043537508, 14.177140293860319, -10.726130922474546, 13.417728529158904, 8.713765468011049, -7.271165292678828, 8.068931151608604, -4.082276274855205, 6.3412078735059, -4.165715995488024]]
W2->P2
[[15.215899185498596, -14.330190685130624, 14.219652692957423, 6.128085091566443, -5.90158555215469, 5.663284277339038, 28.841525353466164, -27.04021947572441, 27.04709111807357, 4.752372716623014, -4.44417734451215, 4.47426233491013, 22.74941780287186, -21.004807705091377, 21.481904282426466, 1.0876790371067424, -0.9295452801416099, 1.0701689681197868, 11.68527623883506, -10.525152036591585, 11.138599784842862]]
==============================
P2_Frequencies_1
W2->P1
[[0.0, 0.0, 0.0, 0.0, 0.0, 0.0, 0.0, 0.0, 0.0, 0.0, 0.0, 0.0, 0.0, 0.0, 0.0, 0.0, 0.0, 0.0, 0.0, 0.0, 0.0]]
W2->P2
[[0.0, 0.0, 0.0, 0.0, 0.0, 0.0, 0.0, 0.0, 0.0, 0.0, 0.0, 0.0, 0.0, 0.0, 0.0, 0.0, 0.0, 0.0, 0.0, 0.0, 0.0]]
==============================
B1_Frequencies_1
W2->P1
[[7.797275702593326, -6.2744081148690345, 7.631594071352987, 14.792267965693185, -11.729990832301239, 14.49247401807549, 13.243785834370303, -10.637679158669368, 12.964481234376677, 10.592522412230085, -8.372613381318894, 10.379487739974914, 7.240393468324835, -5.796960155943471, 7.088264356374548, 4.773729801349739, -3.755585523389011, 4.678929587505132, 0.6345950677499984, -0.5127453867199913, 0.6197984723980009]]
W2->P2
[[9.680482955856451, -12.981909557878136, 8.935267193661018, 2.0819411283161475, -2.41898508035179, 1.8488545450545508, 17.786037352101957, -23.876540705997638, 16.439476139733404, 2.3690002949877953, -3.0690956166160714, 2.1897783153003085, 12.849633627289307, -17.253857014594182, 11.899666834415745, 1.1563606188531117, -1.6477267271016063, 1.115500488963336, 6.055620885558497, -8.168205641017046, 5.628141106723465]]
==============================
W1_SymmetryFactor_1
W2->P1
[[1.397456640042242, 0.861241860483954, 1.5829215643153691, 0.9287309037337679, 1.2499592025986237, 1.1016924387898044, 1.2194330279502394, 0.43900683377697125, 1.3726847519442342, 0.044585179717272355, -0.6907984697783187, 0.042098123504064784, -0.8198212530635313, -0.8134495942934923, -0.9139813266812753, -1.2617738204533622, -0.4263247855327684, -1.3636668823148137, -2.176381712768964, -0.5990020783609173, -2.3809773043917133]]
W2->P2
[[-0.8392740410374124, 1.033608730471004, -1.4897491840228378, -0.25896732440715864, 0.4451941693764941, -0.49414204495456165, -2.136464418145129, 2.7101550869937783, -3.288383672069078, -0.6396529893142643, 0.8642333936368704, -0.7541988281979575, -2.4906480713944603, 3.244167857502121, -3.264009093479808, -0.44559230041914244, 0.5370113257925674, -0.42456178190561145, -1.776764053705554, 2.3526537311057836, -2.090347506013154]]
==============================
P2_Energy_1
W2->P1
[[0.0, 0.0, 0.0, 0.0, 0.0, 0.0, 0.0, 0.0, 0.0, 0.0, 0.0, 0.0, 0.0, 0.0, 0.0, 0.0, 0.0, 0.0, 0.0, 0.0, 0.0]]
W2->P2
[[0.0, 0.0, 0.0, 0.0, 0.0, 0.0, 0.0, 0.0, 0.0, 0.0, 0.0, 0.0, 0.0, 0.0, 0.0, 0.0, 0.0, 0.0, 0.0, 0.0, 0.0]]
==============================
B3_ImaginaryFrequency_1
W2->P1
[[-50.98599416590121, 61.002197636568965, -47.678238825934116, 76.82308026358086, -72.80176878383452, 74.40531804796383, 53.75718636511877, -43.617989057146815, 51.40914583230554, 18.80257983973071, -10.977901514848403, 16.345488943424453, 1.2511659134707644, 14.51076688796103, 0.7416460331298648, 19.105197619827237, -12.168084051273386, 18.87124065809794, -12.427541711738426, 23.496885749261004, -12.568216895622541]]
W2->P2
[[20.735230539152397, -15.751884172590017, 14.12902618988164, 25.161741459035404, -23.017300162803846, 20.489195024645035, 21.561187652238743, -18.343892562508177, 19.443493561491554, 5.4174318454138, -2.11933889152905, 6.081935212299005, -0.12389626738719983, 5.164984416111967, 2.4707022104636636, -4.968304585991712, 7.993142686760332, -2.8687576256894802, -14.165198984661382, 17.98032683860676, -9.326647786104136]]
==============================
W3_Frequencies_1
W2->P1
[[19.37237372517647, -18.846833919198673, 19.337617933037283, 33.908734523207954, -32.77886202889012, 33.30252722307065, 23.0609963574808, -21.265446072894697, 22.5831725222455, 6.337849288171576, -3.103858810675963, 6.070420995255229, -7.364258968533401, 11.086566117826196, -7.434293159584849, -8.10830889497734, 11.034065948290996, -8.126201682789308, -21.867692601346004, 25.148971951305505, -21.652296901582723]]
W2->P2
[[22.76706774138278, -19.53321259968002, 22.759780125492636, 1.993288289042709, -2.3510350949967274, 1.797780524791924, 44.15941115619435, -36.5837635286453, 42.637990862276574, 4.86482211622255, -4.169397507848409, 4.647113700876182, 32.943906500191794, -27.199566942693547, 31.83443888945624, 3.5868757023191287, -2.71948925213264, 3.510988697080302, 16.37677864354415, -13.360401654672872, 15.850733915481634]]
==============================
P1_SymmetryFactor_1
W2->P1
[[0.0, 0.0, 0.0, 0.0, 0.0, 0.0, 0.0, 0.0, 0.0, 0.0, 0.0, 0.0, 0.0, 0.0, 0.0, 0.0, 0.0, 0.0, 0.0, 0.0, 0.0]]
W2->P2
[[0.0, 0.0, 0.0, 0.0, 0.0, 0.0, 0.0, 0.0, 0.0, 0.0, 0.0, 0.0, 0.0, 0.0, 0.0, 0.0, 0.0, 0.0, 0.0, 0.0, 0.0]]
==============================
W1_Energy_1
W2->P1
[[0.33388041284180164, -0.33152288503477156, 0.335870910262443, 0.10569417714695944, -0.09348756989013077, 0.10139203926392006, 0.475024497353524, -0.47201656112891255, 0.4726834231553008, 0.14646164812486592, -0.13141702928741983, 0.14397800368469182, 0.06521691084253707, -0.05331427160376036, 0.058060160963391956, 0.050218774870741965, -0.04205226533857609, 0.04728504362583741, 0.06808776847219765, -0.039180987852479865, 0.07230913985177963]]
W2->P2
[[-0.014773933070048125, 0.009836712637819864, -0.00976890454446571, -0.06819639775550307, 0.05937150447506614, -0.058881582836050314, 0.004197153002817177, -0.009292293554189469, 0.009604997493138702, -0.0164009346995865, 0.01373753293826963, -0.013390275786197453, 0.05661632719113235, -0.05304665269397439, 0.054692865786536975, 0.008515920390453813, -0.007931357175400488, 0.0078070012363694605, 0.0768992465931961, -0.06859658426715537, 0.07034702466162158]]
==============================
B3_Energy_1
W2->P1
[[0.18577469074944103, -0.18212476882714285, 0.1900022537740598, 0.06597602776321865, -0.07542218752922449, 0.06654285530694909, 0.07395115829000858, -0.07529569092560867, 0.07711825850414601, -0.06384174929741515, 0.04742448455613873, -0.06372888362141149, -0.15560083771815583, 0.14744598645299725, -0.15623394845515962, -0.04994399404839722, 0.03525987110316934, -0.04947564413644268, -0.03496295824375645, 0.031686539864481694, -0.032046733264464874]]
W2->P2
[[-0.020624562795373523, 0.014982448306069582, -0.015220769763435468, -0.05582673703016262, 0.047135901186596565, -0.04525607973729577, -0.039644579600398154, 0.04249655407673353, -0.031320218077778704, -0.04961631779518723, 0.0546070734754453, -0.03982238960728116, -0.030721998324935967, 0.048702523189433466, -0.024121042246716635, -0.028408701644528384, 0.03649556009190995, -0.022590345648455686, -0.0059007197742735095, 0.02668826984033349, -0.004850767621571309]]
==============================
B2_Energy_1
W2->P1
[[0.06731736988949401, -0.08466140159284352, 0.06834008378533282, 0.10495225017280195, -0.10200165454453941, 0.10633897590629761, 0.15276223935738942, -0.14521429786837434, 0.15376634684431706, 0.04260190118634562, -0.026429264298070618, 0.043223388336027034, -0.005125573093304788, 0.029268269448904816, -0.005225254719740939, 0.009495175904843601, 0.00578839149995776, 0.009361070595461872, -0.02458182746762564, 0.04940797093440375, -0.02429654883019701]]
W2->P2
[[-0.0052200685150993655, 0.028943073378463302, 0.005631203652835099, 0.010130626476654489, 0.008340745728397148, 0.023021546123056798, -0.026409087032688676, 0.06812612566514047, -0.01091143492435105, -0.019468756165735967, 0.029395524100210152, -0.013286005745570657, -0.044827803421408435, 0.07308177981270932, -0.040210456798106205, -0.024626100326571115, 0.026666568298579527, -0.02413235337636307, -0.04256471579844053, 0.052447869292481776, -0.0467243364594757]]
==============================
W2_SymmetryFactor_1
W2->P1
[[-14.4189493034781, 16.691954388860154, -13.61836414267006, -26.105275223765886, 23.825621822217833, -24.973365204900777, -37.75143799332228, 41.93537142044545, -36.53403660275481, -23.46817132219362, 19.375918757688037, -23.595792356887927, -12.08821696488094, 13.639636659725257, -11.65836926104676, 2.909513772906261, -6.0495460655546776, 3.0182832738270893, 17.342200720060344, -17.09461599685411, 17.381005712375185]]
W2->P2
[[14.851126326826703, -19.62106325726123, 10.975690541477764, 9.952798061613489, -10.317991896924378, 8.513358693080267, 27.788219191558134, -36.82847444327521, 21.46085170244677, 5.254796543412903, -5.898906372703947, 4.387596625690906, 22.268937770183758, -27.84095072911968, 17.89226652606212, -0.6753849877340561, 0.14836451297351738, -0.7066125904949523, 11.092875891677856, -13.096259188800719, 9.31998261603327]]
==============================
P1_Energy_1
W2->P1
[[0.0, 0.0, 0.0, 0.0, 0.0, 0.0, 0.0, 0.0, 0.0, 0.0, 0.0, 0.0, 0.0, 0.0, 0.0, 0.0, 0.0, 0.0, 0.0, 0.0, 0.0]]
W2->P2
[[0.0, 0.0, 0.0, 0.0, 0.0, 0.0, 0.0, 0.0, 0.0, 0.0, 0.0, 0.0, 0.0, 0.0, 0.0, 0.0, 0.0, 0.0, 0.0, 0.0, 0.0]]
