==============================
W1_Energy_1
P3->P5
T_min:200 K    T_max:3000 K    P_min:0.0001 atm    P_max:10 atm
[[-2956.0360576713515, 5236.381040217811, -3749.1133981236117, 2097.3136250355087, -879.1650851886321, 254.87814217493928, -40.43692357916882, 5590.507735795746, -9964.981612735126, 7134.39187579654, -3991.2293728659124, 1673.0013205626506, -485.01773517626293, 76.95156430306912, -4802.581910655441, 8578.3140344897, -6141.320593158292, 3435.9227509862085, -1440.1965186876025, 417.53431090512254, -66.24945975562616, 3729.8564605739584, -6661.771868346283, 4769.381433362352, -2668.626423319778, 1118.7036405501253, -324.3788169772854, 51.47520894792771, -2597.7236745296113, 4639.842906163236, -3322.075301847351, 1859.1324813336455, -779.5360793470328, 226.11981173718596, -35.8944946155259, 1608.7949579886117, -2873.3193823493284, 2057.423267872401, -1151.6725197424703, 483.02626403995725, -140.18349099331772, 22.265291694142434, -875.351247045727, 1563.3975185986656, -1119.567990042162, 626.8729808945618, -263.00375373968154, 76.37314785762192, -12.137953097129412, 410.79564063656903, -733.6364196731118, 525.4393132486474, -294.3212044704178, 123.5380759212303, -35.90324490095111, 5.7108842715997525, -161.23916718467808, 287.95573815367027, -206.27284589782084, 115.60372153307708, -48.55224595767959, 14.126218626828859, -2.2499767529270684, 50.425124123239584, -90.04378603527766, 64.51558204634966, -36.18100170805519, 15.206958889462555, -4.430398948817583, 0.7068230378145017, -11.448036303613662, 20.443096382518434, -14.652666882642734, 8.22648872031641, -3.4619698834328574, 1.0109283490123744, -0.16176007292710892, 1.4436465211019822, -2.5772258027529915, 1.8484419642389867, -1.0399569120818342, 0.43874880509770264, -0.12870461660440924, 0.020775157792741084]]
W1->R
T_min:200 K    T_max:3000 K    P_min:0.0001 atm    P_max:10 atm
[[218.18033220688346, -755.7276126429874, 559.8861957852157, -238.2284243987367, 77.24765170383202, -16.1974930510007, 1.6767894692836975, -444.0600125696101, 1442.4364252899402, -1066.4293899738307, 453.46526511360616, -147.0122393661275, 30.821612301277348, -3.189405881145717, 420.6900713776562, -1242.5373799388371, 919.654223637983, -390.83076123400497, 126.61711841025928, -26.52254642330673, 2.739355682692839, -328.1756226108346, 966.8753387380965, -715.666619159831, 303.93106042743904, -98.34954521935887, 20.559654197730282, -2.114659582942524, 228.2301085010287, -675.1002971832348, 499.9937221396419, -212.03031008480585, 68.49696560057423, -14.275634585121168, 1.4581721681191624, -141.66985113409714, 419.1445214081077, -310.67433105934265, 131.4590588575137, -42.35215932909057, 8.787012609921021, -0.8882756187536813, 76.55659406051302, -228.09551239309093, 169.26596560134948, -71.3562888741319, 22.882831344955207, -4.711269566223905, 0.4683673457615214, -35.48971550179709, 106.47654734345457, -79.15868785848936, 33.1606633495316, -10.551216698602957, 2.14369941411924, -0.20692748459384802, 13.482032924428665, -41.23261115899888, 30.739208933304354, -12.741221588939936, 4.000219423189151, -0.7941892286492305, 0.07262029510741286, -3.986954993310974, 12.50720586439769, -9.369315785105869, 3.8129986577578165, -1.1691279219175783, 0.22244415959187336, -0.01822095038966154, 0.7790736114927768, -2.6330143772161705, 1.989879684276275, -0.7794045207527915, 0.22672366130751698, -0.03881246977243791, 0.002205366374454343, -0.07348749041983638, 0.2837391484902696, -0.2202001761888539, 0.07825804978239148, -0.019472189386419814, 0.002118574101473314, 0.00018312538020381908]]
P3->W1
T_min:200 K    T_max:3000 K    P_min:0.0001 atm    P_max:10 atm
[[86.49390005785561, -225.4719337207917, 103.21733582665156, 24.96607526351169, -39.80488604011478, 19.56959362826332, -3.9285442624585496, -200.09788919216095, 436.30233915944444, -200.6553047098179, -45.24210823974763, 74.83621231354446, -37.000580235194235, 7.441925698625347, 184.85884992611102, -390.37432005257665, 183.7487503092809, 33.250019238402935, -62.190921648395246, 31.2633826539261, -6.322249494370942, -155.99426493026587, 323.56377320115547, -156.77744897407868, -18.39367612786012, 45.35699597191555, -23.50125176121295, 4.798344188007693, 119.64985078013201, -245.41617155416594, 123.43808200011394, 5.403630926131097, -28.673564833503228, 15.6013106166033, -3.2330977535826904, -83.77194742005953, 168.28213066832427, -87.89136083784648, 2.6020532280086, 15.428901088489283, -9.052403058002227, 1.9161216914305186, 51.8309616521757, -102.61771668247536, 55.60982276730999, -5.452165432246829, -6.8152526438725545, 4.514099260832268, -0.9848712858917139, -28.00264235291059, 54.33559783812949, -30.456816608816496, 4.812936215781093, 2.3165173189462536, -1.889246486368478, 0.430418085375436, 12.625382448218147, -24.151251353951736, 13.947215775764619, -2.9098665497833736, -0.5140159102374113, 0.640164989213929, -0.15517861726266347, -4.534648298244917, 8.490415103690495, -5.023778500406415, 1.2434128384878136, 0.03337294595302609, -0.1684690924615495, 0.044444818822967136, 1.1474864916072534, -2.118051154687379, 1.2763302331824775, -0.3481253019774897, 0.01677789880098146, 0.03261287125332046, -0.009519621384967536, -0.16839331127573587, 0.29362979005607315, -0.18002186434785017, 0.05183724257366862, -0.004589468694817356, -0.003692029655667284, 0.001213405662980449]]
P3->R
T_min:200 K    T_max:3000 K    P_min:0.0001 atm    P_max:10 atm
[[-1008.6474067123656, 1771.006933151752, -1264.157885910558, 706.8821823514522, -301.5786013652382, 84.3522402143362, -13.348650957591616, 1888.2394029667719, -3370.8202667752075, 2405.3564703845327, -1345.1673810140994, 573.8869703016447, -160.5066028480544, 25.397937110932475, -1617.0112623030152, 2901.2237879387476, -2069.4511017797654, 1157.416707597976, -493.822303218813, 138.09037411296777, -21.845903769892445, 1254.3250199753925, -2250.6381936941893, 1605.4265920560438, -897.7925765979774, 383.1158661378104, -107.11228457590022, 16.939111428066752, -872.5567243384919, 1565.606902517965, -1116.8468862404736, 624.5174143045235, -266.5463553256985, 74.50413516331423, -11.777034073223376, 539.7213471927942, -968.4335356969827, 690.806562882761, -386.25999485594775, 164.8978411987905, -46.07424240471005, 7.278824784136077, -293.07320938625026, 525.9210980277851, -375.16634605587205, 209.73595298933128, -89.57083691856405, 25.01457205409497, -3.9484728361710495, 137.1593574518382, -246.12108765148227, 175.57425631097277, -98.13752083214172, 41.9298158234858, -11.70259088995411, 1.845081975998255, -53.70261372195057, 96.38386443458333, -68.76031557727538, 38.42356003628106, -16.42766189629316, 4.581401240760329, -0.721196880925163, 16.753058263445382, -30.062636564433888, 21.451482543767952, -11.982291780309424, 5.1275895553003465, -1.4287737566694432, 0.22444817262550032, -3.7788291498632134, 6.783301839258229, -4.841044281516588, 2.702565903688992, -1.1580944130462285, 0.3222308388867532, -0.05045363537999492, 0.48423092735470163, -0.8680279282091306, 0.6204784459504253, -0.3456341220725676, 0.14851564236312242, -0.04126355097560008, 0.006408747684872651]]
W1->P3
T_min:200 K    T_max:3000 K    P_min:0.0001 atm    P_max:10 atm
[[832.1951114609667, -1836.4980980358507, 1303.8751012880925, -636.2413896478397, 236.35640562967797, -58.942599338911535, 8.046390580656634, -1614.613423633578, 3500.9848191267442, -2484.8558558295426, 1212.6686038843186, -450.5568685970001, 112.37269034298208, -15.342236722309195, 1432.334442587497, -3025.1692875359627, 2147.970305217143, -1048.4272330176718, 389.62437169029425, -97.20385983867294, 13.276408889228605, -1121.3068315123253, 2365.0966184854465, -1679.2879450347905, 820.0099522654078, -304.8820006302908, 76.10079933546979, -10.40112559517872, 788.9977614656844, -1663.7815819720004, 1181.7570476732878, -577.3560589726283, 214.80969137599095, -53.6575881443938, 7.340438657173195, -496.508760064374, 1044.867586030903, -742.3974830991081, 362.9819764080603, -135.17245274895782, 33.799460080839026, -4.629723059402011, 275.41888068836136, -578.8853272226619, 411.5044383930624, -201.3984562832145, 75.09046758661839, -18.800126133664435, 2.5791959317724604, -132.62923669596077, 277.8893232676801, -197.6651592888279, 96.86571083781132, -36.172890172730945, 9.071614674078262, -1.2468104066374508, 53.792642507355936, -112.40371020599554, 80.02030666138683, -39.28179601873819, 14.698812113704946, -3.6942705050778386, 0.5088907085346364, -17.582277093173616, 36.52714665121266, -26.033390052632626, 12.807754417700608, -4.8049661958333445, 1.2107684644385017, -0.1671855472581001, 4.216891506296179, -8.712622469000053, 6.21934736013759, -3.0688579199434116, 1.1552854495647011, -0.29204524217288963, 0.040383743541895, -0.6007272959594729, 1.2173218048512808, -0.8721196882905815, 0.4327177665032309, -0.16392576805026238, 0.041736366211353015, -0.0057824117461677815]]
W1->P2
T_min:200 K    T_max:3000 K    P_min:0.0001 atm    P_max:10 atm
[[1222.3128668676552, -2543.518959640805, 1801.999208318998, -906.0495001366301, 344.5646728479102, -88.86773390307997, 12.521843814079716, -2360.482764548215, 4848.691240477292, -3433.946275219863, 1726.7238215337993, -656.7410423295512, 169.4005373995825, -23.872226329826987, 2077.675034835534, -4189.406803171858, 2968.0769350257187, -1492.6656138376768, 567.8221417021117, -146.50121535939635, 20.652171681122212, -1625.284828548934, 3274.107429949986, -2319.6328567935843, 1166.9320360205277, -444.0641112156706, 114.61795725983671, -16.167015036194016, 1142.655597943658, -2301.749152857841, 1631.1849484501804, -820.9071833787816, 312.5500756313973, -80.72082006508015, 11.394733149229126, -717.5518148800634, 1443.6717965504, -1023.3800748081578, 515.2869158990825, -196.31367595532058, 50.74135550374922, -7.1704434569991236, 396.7771217919312, -797.8735586692219, 565.8142463217039, -285.0705228446136, 108.69148717066673, -28.120153328016386, 3.9791417402998377, -189.95247248419406, 381.3656003304605, -270.5850756319193, 136.4188934608622, -52.06182313018826, 13.483909445288845, -1.9109580231688597, 76.34105603109356, -153.1261084463282, 108.72055119519007, -54.85487756889995, 20.9571123893935, -5.4351094197672865, 0.7717161802788723, -24.556518476375913, 49.134006862670276, -34.919232203756565, 17.631137054792816, -6.743912811597966, 1.751613599760276, -0.2492900325237315, 5.7180331119088805, -11.430925487766217, 8.134871691402623, -4.1089125023002, 1.5733422568099513, -0.4091673804657603, 0.058376374525948904, -0.757379514905324, 1.50272367062189, -1.0728901907345971, 0.5413855233668983, -0.20743095230432118, 0.05400007003254359, -0.007718936847595614]]
W1->P1
T_min:200 K    T_max:3000 K    P_min:0.0001 atm    P_max:10 atm
[[-614.327446385792, 524.2265479603245, 18.194034183245094, -190.09548427662983, 164.7357637865057, -69.22666102528227, 14.183382849927398, 1146.516551438858, -1006.025147783833, -27.532988032144814, 357.7162330839955, -311.8797976020165, 131.30996534285038, -26.929566765945353, -967.9292722935198, 898.4618382973407, 2.8748113591983326, -296.9277495673533, 264.1827215279138, -111.8986080058338, 23.016876638571446, 775.2461561199958, -739.6369698274611, 25.661008391750897, 215.93513900400046, -199.42874983377263, 85.36697301459392, -17.650113143951472, -565.718257967909, 557.709820631704, -45.87041513777188, -135.66045036515433, 133.17548001023903, -57.93739776818316, 12.071139392703458, 371.2939590746044, -381.33492965907857, 52.03036876005808, 71.63646333075337, -77.67785570153643, 34.61303107737942, -7.2916275603170675, -217.35975907423108, 233.20581629513686, -45.2476734935496, -30.06789908545153, 38.79777215666965, -17.91221561781032, 3.833142966350664, 111.05634988424654, -125.00438873612768, 31.53162166801863, 8.665207244328258, -16.07377304510709, 7.834922673905794, -1.7147682513855216, -48.28920852037572, 57.012035132713066, -17.624864201105368, -0.6268597393111577, 5.222731108579978, -2.784778336323768, 0.6303053391925459, 16.977787364737537, -21.080459896961827, 7.66448522032411, -0.9479083613973955, -1.182523267130307, 0.749486453409645, -0.17912046023151618, -4.426051764163958, 5.767254873276073, -2.3957587185559532, 0.5672731977942931, 0.12795507362397984, -0.13180783112056815, 0.03489666371046951, 0.6622954062189592, -0.9117023385350365, 0.4203437071474241, -0.13382547294406777, 0.00809075541923221, 0.01016552051078179, -0.003444561376454658]]
W1->P6
T_min:200 K    T_max:3000 K    P_min:0.0001 atm    P_max:10 atm
[[-373428.2400754688, 665901.1016690952, -470332.03953480656, 257347.140396883, -104421.00690021356, 28518.81912906465, -4145.072102797778, 710863.9364088156, -1267704.2510999597, 895408.1599755212, -489938.0322409863, 198800.0464117139, -54296.41147102699, 7892.022167199451, -612457.0112228271, 1092301.2543460499, -771537.3203513509, 422174.7602154147, -171311.5455756995, 46791.45743005509, -6801.774377602313, 476250.6987606463, -849390.8280692666, 599980.1342275857, -328319.36795870645, 133236.44612737535, -36394.97185931384, 5291.16143719892, -332408.90640800056, 592858.1906844748, -418796.15213870414, 229191.543828276, -93019.509259971, 25412.780150352162, -3695.253337077622, 206475.69742612576, -368262.06864763703, 260159.5733305667, -142392.10744202533, 57800.186268542144, -15793.958667137427, 2297.2085739939357, -112678.57513817068, 200974.56399983555, -141992.26333974738, 77727.9214092081, -31558.089840526838, 8625.507080711133, -1255.0270206249552, 52990.88874856272, -94518.6284152612, 66787.40809556383, -36567.45120744381, 14850.766053937783, -4060.449096996279, 591.0983357564546, -20828.996441394847, 37153.96403732036, -26257.571948469908, 14380.488055785798, -5842.425350962585, 1598.190957792307, -232.82040073443204, 6496.97497432353, -11589.848863381427, 8192.691810305172, -4488.606734826113, 1824.5889024521748, -499.46298358327476, 72.83606862675515, -1455.5129081300693, 2596.7136986704427, -1836.2132013069931, 1006.607645160344, -409.51928611350013, 112.22414368129103, -16.39253689275938, 176.2091461311793, -314.4292737917858, 222.50053213535284, -122.12726817122893, 49.7777647319017, -13.67579449666664, 2.005725106515456]]
W1->P5
T_min:200 K    T_max:3000 K    P_min:0.0001 atm    P_max:10 atm
[[-1202.712614306082, 1823.312996446105, -1299.0871507609122, 744.7763977581419, -277.9988618027857, 62.83042556213289, -6.777269445160442, 2259.957445277988, -3476.051604571421, 2481.520427298241, -1423.4667895370665, 531.5370997755344, -120.20694257535467, 12.982329991303914, -1916.0981407707275, 3010.942896254877, -2149.853810539892, 1234.2655878000783, -461.53484154018366, 104.60940045741393, -11.345658296566967, 1498.8754182911548, -2358.2751621809325, 1683.8817332909548, -967.0692506912198, 362.1925965558391, -82.34403072219146, 8.984986817734992, -1059.2887913945058, 1667.7929651790398, -1190.977207899591, 684.3480276836276, -256.8838650547836, 58.66702182172844, -6.458287030449696, 667.5809179094322, -1053.0966700496565, 752.1249392095308, -432.5425335322934, 162.86744988268805, -37.419204004047515, 4.167387514198822, -371.79070426686974, 587.3857057204459, -419.5977895809334, 241.55743865624663, -91.30228845886825, 21.13051264358137, -2.3860423120790983, 179.36665073638522, -284.1952702851722, 203.06500900162126, -117.06833772853673, 44.46541854865609, -10.38501927855225, 1.1923277264304488, -72.90927548155798, 115.80707260870562, -82.77488068521853, 47.808187003249316, -18.26541026921484, 4.311814992174732, -0.504544074234218, 23.77867196197576, -37.94171281449712, 27.12579681565967, -15.70618374378887, 6.045469158983025, -1.4459476971729828, 0.1729893213391165, -5.645842931268817, 9.036538179934723, -6.462037435507909, 3.7547949317945495, -1.4579402561479355, 0.3538954381003805, -0.04337050184818736, 0.766902514804201, -1.2399208664214711, 0.8841527453954541, -0.5164760448074048, 0.2029866095318198, -0.05022768736466787, 0.006333365742648311]]
W1->P4
T_min:200 K    T_max:3000 K    P_min:0.0001 atm    P_max:10 atm
[[641.3500930157711, -3074.681586932665, 2225.1462005949447, -1145.67595906069, 449.87410570609933, -125.84393775159153, 20.557121218310073, -1246.9124922149797, 5848.944099385818, -4232.298847433428, 2178.996513941154, -855.5395056140674, 239.29676442356777, -39.09326001346314, 1098.4227702359337, -5023.5644331853455, 3636.8832441016366, -1871.8525955026755, 734.6145468725626, -205.40713073724356, 33.566197465434186, -843.0001931478803, 3886.2326707970883, -2814.6085339366387, 1447.9794955604018, -567.8498415177316, 158.6893170841156, -25.944519519036433, 579.1621089695273, -2691.8146944490036, 1951.188232128396, -1003.0488999899295, 392.93397927956323, -109.71366607434902, 17.949290756500773, -354.10793101982335, 1654.6563188169198, -1200.6896437253338, 616.6277591331054, -241.18543130085078, 67.26214124140142, -11.014509580477124, 189.03481757815166, -890.8262580916179, 647.3626043587328, -332.0125191599186, 129.59228082470588, -36.07879107495228, 5.9151185570030975, -86.65424082312674, 411.6815039874323, -299.7557364986607, 153.4518193601641, -59.72704256327029, 16.58792075621095, -2.723523233400101, 33.10851044498986, -158.24843980452636, 115.53699555191122, -58.99870695251411, 22.87392955832911, -6.330570856242957, 1.0412736988255347, -10.168399676513218, 47.97030727353581, -35.15382935990874, 17.887294108973038, -6.896292884991965, 1.898207123447719, -0.3128719198172121, 2.2963656971351156, -10.367310771985103, 7.634861650175253, -3.8635700427621487, 1.4773317899202993, -0.4028601315908418, 0.06646213677925061, -0.31332004055411744, 1.2459758316053922, -0.9241184746516637, 0.46339226267747335, -0.175106510606156, 0.04700433161769979, -0.00771317320277376]]
P5->P6
T_min:200 K    T_max:3000 K    P_min:0.0001 atm    P_max:10 atm
[[226.53132796393328, -431.9728919448643, 298.47801943567606, -157.3990484251873, 59.1965092818095, -14.300115379254684, 1.3965213261228442, -459.4985333018813, 825.309070048073, -570.3762063089641, 300.86169532535695, -113.22976944354953, 27.38242178387528, -2.6880867256956975, 403.8935493319262, -717.449777072159, 496.06305863893175, -261.8381899821907, 98.70111792775808, -23.93165068932901, 2.377506440742451, -317.6130388900229, 564.627056572228, -390.6090555360505, 206.36262253521252, -77.94132704770908, 18.962704938802105, -1.910768776887851, 225.41874271271578, -400.59868237054525, 277.3261172133883, -146.68902435167792, 55.54197058123061, -13.573018412330498, 1.3919850572752352, -143.21969215854324, 254.62281888814093, -176.4376862844752, 93.4747852095129, -35.51314354048695, 8.729731481530848, -0.9160965873925306, 80.61159052236238, -143.3207732379409, 99.43233380602055, -52.78599844657407, 20.140377157935006, -4.987408169441153, 0.5380678189982859, -39.47233857967699, 70.19554770591782, -48.77198252004831, 25.956663759547155, -9.95501528642015, 2.486975231939475, -0.27694769265735886, 16.3708664828292, -29.118872925069084, 20.268302850113542, -10.81955963154087, 4.175323814971506, -1.0539411736865532, 0.12162039134022962, -5.498732597562025, 9.781211217672876, -6.823208849110557, 3.655823528239466, -1.4213026147382166, 0.3631739663696294, -0.04360037960555019, 1.3632738810771343, -2.425602816924254, 1.6964519206399018, -0.9128946733690668, 0.35796682845420946, -0.09273924616718432, 0.011612118134650018, -0.19532196830894577, 0.347131160367951, -0.24354393529682739, 0.13173403353601998, -0.05218013396240906, 0.013733819867184138, -0.0017997851278437338]]
P5->P3
T_min:200 K    T_max:3000 K    P_min:0.0001 atm    P_max:10 atm
[[-620.6953392577356, 1096.40093703648, -788.1036903346978, 444.0320782610507, -186.13308686809498, 56.88659381094362, -9.136136726948621, 1160.232983124334, -2087.871875271597, 1500.4845392145003, -845.5187578445302, 354.3546153208532, -108.29117740192987, 17.393339677658645, -1001.5242817742501, 1802.6838957729965, -1295.1782462332642, 730.0244748348387, -305.8890947339593, 93.46211722179935, -15.013152410609507, 782.554696999365, -1408.4981760771116, 1012.0230057781873, -570.6127256722567, 239.18783297374742, -73.0879957370995, 11.742642086572928, -549.3715802476001, 988.93983284085, -710.7471257831571, 400.9842433620965, -168.22913143539503, 51.4479691438097, -8.273485060563075, 343.6373136222602, -618.5941691096025, 444.67829786976233, -251.0879703794633, 105.44491316326246, -32.285602653741876, 5.201027137035055, -189.95201399492566, 342.0127413024434, -245.91760517813657, 138.98651540868445, -58.43532008102818, 17.909333112115064, -2.8903698738012054, 91.41494235941894, -164.6011146935025, 118.39729687216615, -66.99698268179904, 28.21380445189652, -8.657195807394501, 1.4005159735422694, -37.126452647502674, 66.87083322471523, -48.12082199826074, 27.27375273068344, -11.509351932641664, 3.5371558779842758, -0.5745318332405986, 12.239595124469815, -22.048902141497706, 15.874140391232459, -9.012540384309432, 3.812430202625606, -1.1728241785370983, 0.19135702977274605, -3.040172676547627, 5.479059689830478, -3.947610663059322, 2.246977025664137, -0.9540343517575138, 0.29389823339772647, -0.04830961004284973, 0.43062847967871676, -0.7770263378197342, 0.5606296890372562, -0.32064450811282086, 0.1370769936469287, -0.04246568759333513, 0.007136957036550484]]
P6->P3
T_min:200 K    T_max:3000 K    P_min:0.0001 atm    P_max:10 atm
[[-841.9104205096617, 1446.929957405565, -1025.9933738408704, 564.7025632748907, -230.8098311379686, 63.6103874254499, -9.282246577661837, 1579.5909305185942, -2752.181366078461, 1951.4916289167786, -1074.0628056675084, 438.9760867560219, -120.97089913873333, 17.648770517422463, -1359.1830855604544, 2368.322222785434, -1679.266008946642, 924.1963984011569, -377.69396720130857, 104.07067698109788, -15.178159641150486, 1057.301667108873, -1841.8657849199813, 1305.9822325479586, -718.7583100317894, 293.7362363283295, -80.93619302758214, 11.803582495416762, -739.0679067050796, 1287.4358794517261, -912.8840948539023, 502.4339887182947, -205.34416924588157, 56.58575137012065, -8.253950052402104, 460.18264225820235, -801.4198183054223, 568.2839285317764, -312.7905362565714, 127.84909371316493, -35.23530232906887, 5.141035316185025, -252.0503386374442, 438.87683008453604, -311.2226238334447, 171.31575412175562, -70.03326433947473, 19.305084680061555, -2.8179455916625784, 119.2684413841603, -207.60006818646968, 147.2286906085331, -81.05478055248471, 33.142608445615224, -9.13893087091219, 1.3349542525404559, -47.33424954149223, 82.36543343086342, -58.42027548659695, 32.16902311744923, -13.158180293935573, 3.6300708061206137, -0.5308255942368305, 15.00663328616406, -26.097170628603067, 18.5137653965528, -10.197769738985244, 4.173469913909543, -1.152251361059598, 0.16878165886242869, -3.4487048902446986, 5.993732429254578, -4.253253613916058, 2.3438670558607555, -0.9600066024197531, 0.26534939587838835, -0.03896833561299218, 0.4450164991582142, -0.7713450988754857, 0.5475648085683815, -0.301931464715409, 0.12379715807088587, -0.034268691259967454, 0.005049708226010807]]
P3->P4
T_min:200 K    T_max:3000 K    P_min:0.0001 atm    P_max:10 atm
[[-77.79075886318762, 29.10603862049583, 171.84260733827566, -169.41035067638794, 87.08746601753211, -31.340257879535628, 5.255847950675325, 111.26148507249918, -55.088466738929796, -328.684093727536, 323.3801458360568, -166.15111044878566, 59.7628241705422, -10.018917573396655, -85.79460799170721, 43.16371271016459, 287.61819120056344, -281.133393329369, 144.1203618958666, -51.750999068031575, 8.666181784662665, 62.149697519909786, -25.219211064110986, -229.59010516294973, 221.99738623092443, -113.34061012087317, 40.57771446658241, -6.782692537211911, -38.37240893021661, 9.30905299510156, 166.3272294145454, -158.4202836101608, 80.44706832381172, -28.678633158093078, 4.781024968352996, 19.497445492490115, 1.7299362355434624, -108.98441597315592, 101.62481952856186, -51.212797142425615, 18.14819825362042, -3.0141701779049868, -7.035879459510921, -6.916354027877404, 63.85428177606639, -57.951364130802375, 28.90763119507558, -10.163397311481276, 1.6802264719228788, 1.088278187767628, 7.093612434315517, -32.88658333406447, 28.887246012601523, -14.231207841610036, 4.952787871362915, -0.8141228497818815, 0.9760578005022751, -5.144680284648437, 14.663941552807671, -12.342156677933247, 5.978440451670828, -2.0515989711245766, 0.3345672545251688, -0.9810940168548541, 2.769083682995209, -5.423171308493679, 4.332429854638576, -2.054111402949516, 0.6919898874002683, -0.11172279031765697, 0.48611161430518735, -1.073859509434314, 1.5503469915731358, -1.1619851814142237, 0.5359993588775396, -0.1761350654903282, 0.028079810219963974, -0.14202504712397968, 0.27126820323468337, -0.2872803879986634, 0.1965392976362068, -0.08658058638535238, 0.02728905502302581, -0.004272286946942927]]
P4->P3
T_min:200 K    T_max:3000 K    P_min:0.0001 atm    P_max:10 atm
[[-1148.805220771933, 1895.7522450163874, -1168.1200144462898, 583.5341787625823, -231.57964305454072, 60.97813650499924, -9.6552507446944, 2122.71369827966, -3614.1624569040346, 2226.1436723027978, -1112.1803371875042, 441.39400679197377, -116.23376813060725, 18.40466393412902, -1803.7724911649696, 3123.7402228876704, -1923.635871680685, 961.2841539715844, -381.62267655581485, 100.52244990290492, -15.9182098847062, 1408.0874425468057, -2438.579966637784, 1502.6166425156662, -751.1494578242831, 298.37873839196624, -78.63693532562718, 12.454338885317767, -987.4957083971319, 1711.1144356125305, -1055.0453394997057, 527.6349385098408, -209.73462305649105, 55.312398677740134, -8.76258430726375, 616.7105644907417, -1069.0564513141771, 659.4266732157531, -329.9163551314855, 131.25954193191774, -34.64254356684137, 5.4910237453290165, -338.017038868585, 586.496715669927, -361.9349496322021, 181.12167490234765, -72.1459910750126, 19.056775422136525, -3.0228604795474894, 159.4996888590921, -276.91031832040153, 170.8676304384125, -85.49151073652041, 34.09753058981141, -9.013850678558555, 1.431513605604323, -62.5175027732264, 108.68268981164465, -66.98986023334021, 33.48485361652229, -13.378005524110336, 3.539151802936317, -0.56342020894499, 19.259677536864274, -33.51587083526829, 20.603189184331313, -10.271830637563426, 4.112564382457322, -1.088257128108694, 0.17395997421544962, -4.153581498018866, 7.243258705389053, -4.414975357322646, 2.1849518911863015, -0.8769551898047894, 0.23161279500322962, -0.03730673837884524, 0.4416618786053732, -0.774969629518182, 0.4631349827657232, -0.22449808450227238, 0.09116477413408575, -0.02399777665914371, 0.0039495508729032736]]
P3->P6
T_min:200 K    T_max:3000 K    P_min:0.0001 atm    P_max:10 atm
[[13.668976600472329, -143.13995559641825, 122.49910147847454, -87.46864814411492, 49.94754685553656, -19.72871300923093, 4.7636974273248445, -67.25332183410151, 272.3337295445531, -233.0639970803228, 166.41508018945103, -95.03051269390478, 37.536031137921256, -9.064323430789829, 69.6067790535107, -230.90368677358043, 198.05100784143235, -141.7634680012184, 81.14736832703966, -32.11018641029584, 7.7681774819029386, -48.415157880859155, 170.08186446046653, -147.09140388762367, 106.24089996903392, -61.335468712467744, 24.42735410156381, -5.944773814630819, 27.387539664289193, -107.30167484422118, 94.35450532065649, -69.36976463562263, 40.70857932637904, -16.40931356664749, 4.036937958427739, -11.275739869389596, 56.79676320939887, -51.4394791990467, 38.971021814052364, -23.481832560282122, 9.645034030413996, -2.4120256504449316, 1.941273446462219, -23.608510155300955, 22.70609101606621, -18.193103172270256, 11.472791048230128, -4.858318802434553, 1.2461614043067755, 1.8605490894272805, 6.309494742086493, -7.202986277828025, 6.5706027185059135, -4.532889973113498, 2.025836357657269, -0.5416409895969423, -2.2055995020374297, 0.08891860840664734, 0.9722181589241501, -1.524085276445021, 1.3240367789046132, -0.6597742888936438, 0.18973227422966943, 1.339397558630111, -1.148534099944925, 0.5060789104070125, 0.016154048071143734, -0.2155162862311144, 0.1473224137968856, -0.049371891448529936, -0.5034462241460744, 0.6082657894999102, -0.3662996065264963, 0.13941629127920407, -0.012908178580794072, -0.015011354123927845, 0.008076062682292218, 0.0960492730771989, -0.13048229474527773, 0.0850732014678357, -0.039683784751986195, 0.011166984932664548, -0.000945733158459916, -0.0005367806419371846]]
P3->P1
T_min:200 K    T_max:3000 K    P_min:0.0001 atm    P_max:10 atm
[[1220.4697155578249, -2059.5248701113246, 1395.037891244925, -804.6878931371366, 343.4847237967646, -102.59467462443126, 16.916860273229844, -2357.9395118363495, 3923.0900724682406, -2658.12889812242, 1533.061290479357, -654.3803837240322, 195.451772370264, -32.22760634886737, 2043.8371073095202, -3387.491410683268, 2295.734577433847, -1323.9248834829962, 565.0848400178281, -168.77249961782007, 27.82677811134147, -1595.9338879564289, 2644.741098456145, -1791.7869923692679, 1033.4228019757895, -441.07708918119687, 131.71994056103762, -21.71476134150528, 1120.4474674487633, -1856.593435684751, 1257.364576854826, -725.2427404628457, 309.5401123196565, -92.42080773937778, 15.232532054696435, -701.4254437452923, 1162.1658197748193, -786.7160876472526, 453.81435714656914, -193.6913975367972, 57.8199937087179, -9.52666898596209, 386.79783526552, -640.6182556879379, 433.31993327049804, -250.01531284039947, 106.7092707865263, -31.847295173705106, 5.24552201185918, -184.20942945705815, 305.0221736188899, -206.1149081555498, 118.955192187958, -50.77364989491616, 15.149264459890958, -2.4942749128008472, 73.61256913428156, -121.76271789685734, 82.1430248877071, -47.43191326441297, 20.247906630483385, -6.039870347525493, 0.9939756957164718, -23.44223393278935, 38.745978969307544, -26.072555014316094, 15.067747295310937, -6.43374226091737, 1.9186797893712537, -0.3155873010266532, 5.400311269725535, -8.897669676438682, 5.961430042209031, -3.450812923635567, 1.4744405353588377, -0.4398092401524991, 0.07232845512430686, -0.6890995299945644, 1.1304253107460909, -0.7477227000142079, 0.43504960154496075, -0.1863528570939934, 0.0556425747593039, -0.009160374366274482]]
P3->P2
T_min:200 K    T_max:3000 K    P_min:0.0001 atm    P_max:10 atm
[[-503.7210760600524, 818.9881761592369, -451.2786978962169, 214.40085746109298, -84.2029908119472, 20.16600962960733, -3.678886372164257, 926.5795731064915, -1564.2868527056764, 861.5231557469142, -409.48294014326115, 160.82913867150995, -38.53368779245196, 7.026529518904653, -796.2772104058631, 1358.3061343995948, -748.2702092973046, 355.99825507473656, -139.91118247028575, 33.569140174857964, -6.113739252668594, 625.7841578827783, -1067.7432269407093, 589.7027047232799, -280.94177334590336, 110.56019739303547, -26.59619493690002, 4.833872134658769, -443.22402011753155, 757.217169708515, -419.6552928006456, 200.33320690924478, -78.95707126475835, 19.061842766307393, -3.45473046005975, 280.90568119374404, -480.3738256952685, 267.23472767666897, -127.88571316720447, 50.49945812384178, -12.24221030917488, 2.2114305143085176, -157.0113384898934, 269.0741130335771, -150.42996766569973, 72.18643097443555, -28.5765153925, 6.961093838767965, -1.2521926744989855, 76.24378250076595, -130.86478144856818, 73.5794453582205, -35.41930084987018, 14.0597721285813, -3.4438648836509316, 0.6162389763135252, -31.122791778281965, 53.586248001132276, -30.313694862473014, 14.637226528241115, -5.829567017012437, 1.4362813252611204, -0.25558548991375574, 10.172966157261044, -17.561916456543997, 10.003208886109405, -4.843277502363435, 1.9364635181835297, -0.47991553003862464, 0.08489346813450993, -2.4125633430226117, 4.184259962404212, -2.393446317433586, 1.1586706060168126, -0.4647671230581807, 0.11544044032143574, -0.020278359630935938, 0.31099164821463887, -0.5433953060720569, 0.31131916096822465, -0.14919516851676917, 0.06029529393305211, -0.014900346720878588, 0.002594215852468551]]
P1->P2
T_min:200 K    T_max:3000 K    P_min:0.0001 atm    P_max:10 atm
[[41.031137771757194, -59.255504511713205, 67.49362902648696, -39.07108730451398, 7.382722452611162, -3.9284548006456426, 0.7433818123520419, -104.55407676014933, 115.3274525568497, -131.1246996389363, 75.71437193308797, -14.614182500719169, 7.649899487872851, -1.4448029788781973, 94.66526701121111, -107.07381111808157, 119.330600316018, -68.77275314445487, 14.0648125214958, -7.041343267239226, 1.3223255896417152, -79.8558740051754, 94.28832820544011, -100.60226368759864, 58.0966124388401, -12.869865637657515, 6.060863515748483, -1.1287814939872316, 62.10438040779762, -76.58196546318614, 77.89597561735712, -45.04686913651196, 10.87992856998655, -4.803122734711984, 0.8858820627472035, -43.461045592331786, 56.14152562269789, -54.58725537889432, 31.6043174615547, -8.28390412143392, 3.448524507395774, -0.6299704912869863, 27.154267075866333, -36.39977507685883, 33.897255503962114, -19.67954900936411, 5.542857257256159, -2.1958258477915678, 0.39828536975903717, -14.574017975588779, 20.24748382441941, -18.186896721456904, 10.588680969447623, -3.16681391136985, 1.2058563718783404, -0.2178158768180367, 6.587012931067942, -9.361432494581411, 8.14885010162132, -4.7647947079668285, 1.4963016452821805, -0.5528916141907985, 0.09972182580887079, -2.356828924143173, 3.4306890812086124, -2.900328317266627, 1.7064432331582111, -0.558012937737864, 0.20147150133293223, -0.03638859886337453, 0.6181279739483472, -0.9083786572824621, 0.7487738959529864, -0.4441366056026794, 0.15024675509776486, -0.05338776033839565, 0.00969709554349052, -0.09411249109711406, 0.14067553412670364, -0.11016875103300094, 0.06683320528069459, -0.023386047928430465, 0.008202028871494349, -0.001517605955271506]]
P1->P3
T_min:200 K    T_max:3000 K    P_min:0.0001 atm    P_max:10 atm
[[590.7534299953611, -924.7128708966293, 584.360299510507, -352.17092910397264, 154.88666964524762, -49.05550330820769, 8.891257589149674, -1148.0782582641525, 1759.258724655395, -1112.369288661778, 670.245819212307, -294.7904295776332, 93.37567322681706, -16.926246500575814, 988.3717638435878, -1514.1886715281132, 957.5704912474006, -577.0409855290072, 253.83832686664118, -80.43051405357097, 14.584186458145737, -768.6299315484497, 1176.6019789762192, -743.1139204171881, 448.1878211202048, -197.22963107184597, 62.5222413768185, -11.341908786475742, 536.7633073484446, -820.7000131768161, 517.5069258586566, -312.420061936334, 137.5660043747556, -43.632880786333146, 7.919090540230002, -333.7970728929149, 509.786550228147, -320.8275536163237, 193.91731623478358, -85.45150586497051, 27.124267097461143, -4.9252369689893385, 182.82987764424047, -278.6745289301216, 174.87982675724732, -105.88297795756148, 46.70141126167812, -14.83726936340338, 2.695597850102388, -86.44347645897392, 131.56140522221273, -82.27959056098243, 49.91446895037143, -22.040358264430154, 7.008743762692873, -1.273930852999456, 34.39451109341843, -52.19329957250358, 32.487164211415006, -19.758449682355092, 8.736133921556586, -2.780494272350097, 0.5053790490098891, -10.956281208485507, 16.606621185981794, -10.274440906825816, 6.267491569078516, -2.775056799184455, 0.8835772444614349, -0.16044455589201334, 2.5757713461175626, -3.8931300782396647, 2.391572178841784, -1.4634645193083315, 0.6488761733880608, -0.20649028486218413, 0.03738595064794481, -0.3562021083042737, 0.5424130207268831, -0.32863669858392086, 0.20206397265559417, -0.0897790570101904, 0.028425380566204694, -0.005106559028490665]]
P1->P6
T_min:200 K    T_max:3000 K    P_min:0.0001 atm    P_max:10 atm
[[-1359.8699893389696, 2341.5892371338455, -1670.7251934071373, 929.4139801442643, -386.67579344509295, 109.35208212713542, -16.81685255055666, 2552.2151491583772, -4447.63210235604, 3173.37464479328, -1765.3115475583804, 734.4322256809997, -207.69197011157505, 31.937583590195544, -2180.676096362283, 3809.2923390449523, -2717.911368680231, 1511.929622766203, -629.003325518614, 177.87126842342846, -27.348233519339715, 1681.8093967145626, -2936.312933496874, 2095.0664393265524, -1165.4731911344052, 484.87666805209864, -137.11781364947467, 21.081335250408387, -1160.0607823653822, 2024.666317753477, -1444.6396463515678, 803.6794567357642, -334.3760564617876, 94.564694876987, -14.53940355069642, 709.0417066198472, -1236.457601999488, 882.2671984860311, -490.8502100356968, 204.2364879632631, -57.765564316355494, 8.881848988656998, -378.5354027092337, 659.5090091948426, -470.61114710252264, 261.8465471204365, -108.96227482871973, 30.822729252959334, -4.739505386316296, 172.9263331172637, -300.8262216466103, 214.67747121892899, -119.45982175132451, 49.71826189521403, -14.066832501980656, 2.1632527880283305, -65.34743663884342, 113.45862484278916, -80.97487890442335, 45.066916404776066, -18.760529432970998, 5.309428446807601, -0.8166516217820572, 19.317563685253845, -33.42711153935238, 23.86026683899513, -13.282881110795643, 5.531247649675095, -1.5660838916749071, 0.24096397513835655, -4.002502841389287, 6.891006610069553, -4.920031424962417, 2.7401145403164264, -1.1416896100497524, 0.3234930893672754, -0.04980932794467208, 0.4377654377933595, -0.7434055414696559, 0.5310401825391864, -0.2959992485154146, 0.12347147641639822, -0.035037137716244615, 0.005403245919296751]]
P1->P4
T_min:200 K    T_max:3000 K    P_min:0.0001 atm    P_max:10 atm
[[-108.02747114464614, 231.40636980416048, -152.50973071052408, 75.37950011441475, -36.673799720033706, 7.504916054407442, -0.7624250957131107, 178.60194729673165, -439.70977812840306, 288.9351580775969, -142.85521085043743, 69.54320768399035, -14.197950075408919, 1.4343874309310873, -151.70369845877855, 375.4114235424622, -245.80739070894117, 121.3227775835591, -59.17282152116802, 11.989800793012382, -1.1901154221244372, 114.44775797624668, -286.109100932603, 187.3316403198207, -91.92949949899102, 44.97652797365534, -8.991979565504344, 0.8639009233494228, -76.00328187462418, 193.6769883897317, -126.71589900447333, 61.679663464178084, -30.31219844418242, 5.934679056590099, -0.5404175245535043, 44.05789294448073, -115.08437191651396, 75.12824472880267, -36.13071636314979, 17.883435350575446, -3.385365009126417, 0.28106553610008334, -21.530853042333234, 58.900479026064694, -38.39267264183911, 18.105834948008265, -9.063160752797387, 1.6253757015769565, -0.11288620643789216, 8.668553115041721, -25.311278431519597, 16.44550688191589, -7.525452873586758, 3.835082057077315, -0.6283855064785335, 0.02822528145719616, -2.5739780236533534, 8.665999607929393, -5.612525523688632, 2.4311451578126935, -1.2807643173674563, 0.17464700118776477, 0.0020529187270881266, 0.4580521243302087, -2.1474816854990593, 1.3881180730058276, -0.5323658643625038, 0.30247896097205285, -0.023513614188814813, -0.0062580080839538255, 0.02718187869686517, 0.2827669710621308, -0.18043375649568816, 0.03833574096489656, -0.03318999655535748, -0.005805428368944376, 0.0034061141560712827, -0.03687416328276072, 0.018387605086871872, -0.009988097503356386, 0.01583103899606897, -0.004767855488978512, 0.003529071769435177, -0.0009311903220066142]]
P1->P5
T_min:200 K    T_max:3000 K    P_min:0.0001 atm    P_max:10 atm
[[-2199.9708581848304, 3894.718006640932, -2796.101586958331, 1572.8004043701878, -663.7359507634023, 195.40717846077496, -31.908109819924732, 4164.013722880851, -7415.011535465537, 5323.115945729836, -2994.3867909587193, 1263.6007436547259, -372.01066870185116, 60.75085000838391, -3587.9134871538095, 6392.311537334888, -4588.637906521971, 2581.4794521077156, -1089.338612423493, 320.7126264984855, -52.383324904238776, 2793.651167177245, -4976.667219833531, 3572.5611201714555, -2010.1071652285955, 848.367453196187, -249.80800454911127, 40.81367826667321, -1952.314443974879, 3477.975671695052, -2496.953200885239, 1405.2202424588654, -593.2599738731312, 174.76541988987037, -28.57023231452672, 1214.0841793716295, -2162.563600302055, 1552.7297529333603, -874.1061986988238, 369.1726987969391, -108.81834841941236, 17.80676781237537, -663.7341369391595, 1182.2165392021295, -848.9452534916636, 478.089389968281, -202.01386290177334, 59.587519781985975, -9.762253576145667, 313.0474541879287, -557.4842175894443, 400.40395183661076, -225.60722638930702, 95.39270279046764, -28.166290172507445, 4.621959633342158, -123.36693466614565, 219.66848204214784, -157.81226719899132, 88.98314003708538, -37.65817790209928, 11.13523210098856, -1.8318193370541849, 38.66148282474478, -68.81484538026052, 49.45409079624142, -27.9109270784993, 11.826108806599223, -3.5034257138891007, 0.5782390007968843, -8.738189991315267, 15.548716899605552, -11.180585443909877, 6.320265723770262, -2.683313962849752, 0.7975765421365395, -0.1324019103246883, 1.0715953833550884, -1.9034687512132678, 1.3701395567054533, -0.7768810120621765, 0.3311095674628177, -0.09907203613647653, 0.016685743148627807]]
P4->P6
T_min:200 K    T_max:3000 K    P_min:0.0001 atm    P_max:10 atm
[[-2209.8851229589945, 3791.8648850395907, -2703.470934309186, 1501.2797603615568, -623.1678752857129, 175.37193707563375, -26.833632017244497, 4135.098528948609, -7222.481552934578, 5149.3522329093485, -2859.49458476443, 1186.931503126604, -334.0203574276964, 51.105717126438265, -3532.972895089328, 6235.414457787875, -4445.564351373047, 2468.6400047433344, -1024.6667862189374, 288.3485614920701, -44.11456812650195, 2758.7499975495807, -4868.248860453958, 3470.820604378577, -1927.3476532705101, 799.9839549221172, -225.12039068472018, 34.44155911498359, -1937.1624016106387, 3418.6540645774344, -2437.3272163591505, 1353.4466719142047, -561.7773313978824, 158.09022259488256, -24.188211347432684, 1213.1437705551534, -2140.669250535154, 1526.1846647453988, -847.4879172726, 351.7696016513006, -98.99377751228667, 15.147583833612316, -668.9551406572261, 1180.3956908519035, -841.558127418625, 467.3151785800669, -193.97147136156627, 54.58827028831047, -8.353783711832875, 318.82066069838964, -562.4768806809493, 401.01498633952895, -222.6828368891778, 92.43158211473883, -26.013498146503082, 3.981495300346978, -127.44629317392742, 224.8182253998317, -160.28266639281549, 89.00466089673023, -36.944706454431866, 10.397980616047334, -1.5917213871989588, 40.664521129285276, -71.70580621767431, 51.12202280853353, -28.387902019336252, 11.783610253739312, -3.316606225339001, 0.507797813197385, -9.39788852134916, 16.56495849125531, -11.809658998993655, 6.557725015400138, -2.722012687507572, 0.7661371759404574, -0.11731456200516277, 1.2200396008488497, -2.146366311420479, 1.5300579258532707, -0.8494772461318689, 0.3525167606848072, -0.09918676088227585, 0.01518024829647402]]
R->P2
T_min:200 K    T_max:3000 K    P_min:0.0001 atm    P_max:10 atm
[[-1201.782060783927, 2119.259055524969, -1489.435712458795, 819.3356142529967, -331.81696781414735, 88.2494745795924, -13.072168341878239, 2263.558312239496, -4034.0098284997016, 2834.454733363074, -1559.3904210856213, 631.5089681378461, -167.94271086053806, 24.876698818739726, -1948.2388188034777, 3473.3180928457186, -2439.6746591923675, 1342.3388132936884, -543.6091694535405, 144.53720738231078, -21.409195174937054, 1512.455275340826, -2696.244238617823, 1893.7597699642731, -1041.9186140514919, 421.96831274754186, -112.16435815906681, 16.613542798016354, -1052.7901487943423, 1876.854015922983, -1318.2172519309338, 725.2468685471642, -293.7189798315615, 78.04644595397394, -11.560367270920835, 651.5162714136065, -1161.4255134455539, 815.6053574158199, -448.7306421943381, 181.72892301604008, -48.26021822223311, 7.148756879577036, -353.669104800819, 630.5020658971251, -442.69745357335773, 243.54847107985688, -98.63222914602022, 26.170026682045545, -3.8762999660573314, 165.16714865988666, -294.4188849025852, 206.67279559073506, -113.69195754420332, 46.03894938768076, -12.200355289906526, 1.8067704113827858, -64.32359988440635, 114.66585631615601, -80.4611175356232, 44.2563040443265, -17.9191472325449, 4.739607015230604, -0.7015764739635415, 19.837357882168817, -35.354203637101136, 24.7963768609427, -13.634868711367517, 5.519575317420731, -1.4558844725515883, 0.21531230530558787, -4.3723672892406285, 7.792450152506717, -5.4598889636183685, 3.0007849725805045, -1.214034881558291, 0.31858081453265186, -0.04702363235139728, 0.5285889207780201, -0.940752217882391, 0.65810912474916, -0.36093852292162865, 0.14590963496755194, -0.03783151647485283, 0.00552655634464827]]
R->P3
T_min:200 K    T_max:3000 K    P_min:0.0001 atm    P_max:10 atm
[[3016.8515410765317, -5420.861702113976, 3872.0362347078617, -2153.7651396351584, 892.3427407854836, -254.626275988469, 39.60957525317525, -5759.448732978837, 10307.527289232861, -7363.267083288359, 4095.552659052817, -1696.855901343984, 484.2039988073494, -75.32459202953419, 4945.391669842233, -8850.069683514888, 6322.938732357172, -3516.802968049432, 1457.0167461762705, -415.79479671709083, 64.68748318225863, -3823.2782955540515, 6841.892245116681, -4888.170350170034, 2718.88587140465, -1126.3523489327388, 321.4613042240078, -50.017612746548025, 2646.342108428814, -4735.717679062167, 3383.372524884083, -1881.9412965127165, 779.5659194641021, -222.51594058909086, 34.62791459985715, -1625.7388051750759, 2909.3145288512096, -2078.5824059908273, 1156.2048807573165, -478.8861215200984, 136.7184463276899, -21.28100180338015, 875.0206543900422, -1565.8330522119404, 1118.727462995147, -622.3328524529888, 257.7231093467376, -73.59875446462593, 11.460201746890107, -404.53036699463553, 723.9179332067806, -517.2238248022473, 287.74987087485044, -119.14275212870416, 34.03715088711283, -5.302846525811219, 155.79523456716242, -278.7863752763583, 199.19390208346204, -110.8351391140177, 45.87991225020323, -13.114418275613616, 2.0448229449584687, -47.46554427447518, 84.94397711120018, -60.69337301050109, 33.779434809132, -13.978517001049056, 3.998715418721531, -0.6242414315188398, 10.36433324943846, -18.546677093559992, 13.253106948373897, -7.379225560064697, 3.052376452875933, -0.8743142269686359, 0.1367740239156774, -1.2556498635285607, 2.2483783966645206, -1.6061272240978042, 0.8954097060347976, -0.37005646064130815, 0.1062126224178428, -0.0166957536857808]]
R->P1
T_min:200 K    T_max:3000 K    P_min:0.0001 atm    P_max:10 atm
[[146.68453312102992, -303.8429441852289, 215.86241797168555, -132.5739719847898, 55.50507192771904, -19.02611293972351, 3.6824976568025356, -297.9219221190574, 573.1075828437977, -407.82171019274705, 250.46909691911452, -104.87986981621259, 36.00755590611515, -6.9798598113400665, 249.77870319868322, -481.07662035122206, 342.9609256157563, -211.01009580844993, 88.34726066004382, -30.470716992442618, 5.933784982432918, -185.55167675015062, 358.43975835828013, -255.38290356398136, 157.91972815701337, -66.09037193802985, 22.96600411703602, -4.507958066360311, 120.70115190009726, -234.71582395382885, 167.08351510651573, -104.09583692095782, 43.55866974760424, -15.309884684556778, 3.040810096617058, -67.87419182461369, 133.23677118697177, -94.78404640074265, 59.70855045994057, -24.976969182061666, 8.93127828936042, -1.8041620671224052, 32.24727188171849, -64.24340335793562, 45.61621040111376, -29.24453602804573, 12.22395679262911, -4.483532683201872, 0.9281112264692126, -12.387144632827116, 25.34415168072118, -17.945473603345853, 11.835343599511155, -4.9420137354147755, 1.8851432018263523, -0.40454649471860193, 3.565152421101658, -7.666407392581114, 5.394234084655665, -3.7486463013628537, 1.560773220082396, -0.6356757544573242, 0.1442010147363817, -0.6273068302825209, 1.5551340982675583, -1.074324742361398, 0.8400503759117441, -0.34724682253101946, 0.1598599797017073, -0.03968938286017476, 0.01420131325710372, -0.12902870564207092, 0.08062394573087772, -0.10242341756273277, 0.04114991308939153, -0.025921888267930626, 0.007608496965961109, 0.020276330670384368, -0.01927647573602087, 0.016912787435288124, -0.0012747235958983083, 0.001032771879010852, 0.0015305797326732318, -0.0007474814796921692]]
R->P6
T_min:200 K    T_max:3000 K    P_min:0.0001 atm    P_max:10 atm
[[-1969.4875949960244, 3478.437172114598, -2481.2380404310406, 1379.6411918730473, -573.3827384854303, 161.81703536277155, -24.693072432323447, 3715.1196108872964, -6613.631872158054, 4717.620527911109, -2623.1275075644094, 1090.1682813205289, -307.6580956615886, 46.94566757693849, -3184.6696111863494, 5679.534760106538, -4051.310051554661, 2252.646291191191, -936.1920439595258, 264.20372939274216, -40.31231021622074, 2464.737004448572, -4395.236672834146, 3135.236932877465, -1743.323641062394, 724.542291647532, -204.4836021652128, 31.201725823902947, -1709.0702918313868, 3047.7156310716855, -2174.0655357964934, 1208.9214237719323, -502.47054731935395, 141.82210770804522, -21.643273006932418, 1052.3693537391568, -1876.4763046014273, 1338.6083550262188, -744.3904873427196, 309.41800056084975, -87.34246804570148, 13.33124767840377, -567.8788267609261, 1012.5230322964513, -722.3204560762356, 401.7011993279434, -166.98820923585117, 47.14332069180591, -7.196820831744844, 263.30229564892863, -469.40993426814254, 334.88351164146275, -186.25001750491515, 77.43215576178068, -21.863317531138648, 3.3382269947233, -101.65488096899162, 181.202704857549, -129.27729353836344, 71.90412823913789, -29.89637907168867, 8.442468040089125, -1.2892218200368006, 30.981021622746084, -55.21242754207424, 39.39189104787579, -21.91094459057058, 9.110726888405907, -2.5730015415072103, 0.3929201645039484, -6.714984813308547, 11.962847182694077, -8.534947545915657, 4.747345086944733, -1.9738776228978168, 0.557403192458878, -0.08508710890157545, 0.7839647532359777, -1.3954458521952802, 0.9954338112441974, -0.553545104620639, 0.23004404513199006, -0.06491538964974097, 0.009890855612411542]]
P4->P5
T_min:200 K    T_max:3000 K    P_min:0.0001 atm    P_max:10 atm
[[-61.18703890371441, -19.186799293167542, 15.818117740997208, -12.859722524500658, 9.648855889827182, -1.7223643005741458, 0.8679125022875049, 48.26109418979064, 37.22413457050294, -30.888758295409016, 24.783968998048813, -18.5574624732536, 3.335889897732223, -1.6602766018257762, -8.44429558766425, -32.0297413935314, 26.896304191208, -21.28758150589744, 16.0062161980005, -2.879284146547234, 1.4308332537580668, 8.109070081530223, 22.89503521911417, -19.390082953600984, 15.488316580982364, -11.908833237967114, 2.054298113746709, -1.0834104108106888, -6.458493960859696, -14.407458676170952, 12.197676308091625, -9.807391568628592, 7.751976391170313, -1.2106182322655368, 0.7168434131131343, 4.4393822056237955, 8.449600594289798, -7.0922724945046625, 5.5903861915865996, -4.501431896950166, 0.6069014601766973, -0.4163476672980462, -3.03405170865811, -3.5480082158470987, 3.0261322588952666, -2.4312150617769532, 2.129680742195222, -0.20393387986327483, 0.20381809847456367, 2.277442925975219, 0.2383461369367832, -0.34005127853000383, 0.44265372672959113, -0.6635460729600009, -0.023762580630640073, -0.07504494796134331, -1.364882274452536, 0.7253419721685179, -0.4824931993022794, 0.22346490206258096, 0.07056737697730275, 0.07696446980535754, 0.01732873421774528, 0.6785501573033024, -0.6573452583320378, 0.47118195179890954, -0.26993077657954245, 0.07124266406332858, -0.05593547037051927, 0.00018670493212313843, -0.2998963014951137, 0.40761175286674955, -0.2966099921220975, 0.17538973708528438, -0.06768471882240856, 0.029481973754271973, -0.0029413727918949917, 0.059732612209558056, -0.08895630117781295, 0.0654650991375405, -0.03996083084018487, 0.017038771130248875, -0.006735766915847208, 0.0009768881658978046]]
R->P4
T_min:200 K    T_max:3000 K    P_min:0.0001 atm    P_max:10 atm
[[1148.2382604332067, -2093.88622565415, 1514.0722734189799, -845.011713678141, 354.9916557110954, -104.50391351622042, 16.046837816823256, -2207.2694985393396, 3978.6124083414174, -2877.7287060469107, 1605.9438081915657, -674.6997830339305, 198.6514703129029, -30.506366231581353, 1891.9818742881464, -3409.435567247059, 2467.1276643155875, -1376.753084495068, 578.4657044114856, -170.3930852774519, 26.17429541965562, -1458.156817698685, 2628.006176373603, -1902.0434318907342, 1061.5808993982616, -446.09412940471987, 131.49214610302005, -20.208402300159293, 1005.1603907689341, -1811.7199889210394, 1311.5644277824454, -732.1467191714253, 307.7342512179571, -90.79634682165135, 13.96334103527471, -614.3146257801136, 1107.4833678795173, -802.109644465941, 447.84412828271707, -188.29914935111918, 55.63383032645788, -8.56362629883688, 328.77761466020195, -592.7885902722404, 429.5589702526836, -239.91956700868445, 100.91708787191226, -29.871415842765828, 4.604282431878801, -151.10484956521987, 272.54174936661127, -197.63249984676872, 110.43055706009153, -46.477032747350336, 13.790334003439085, -2.129686645042966, 57.924234565775805, -104.4974943880843, 75.84659601117369, -42.406339838253416, 17.860124306812168, -5.316343701779715, 0.8232892491964776, -17.624426127768857, 31.81483242152376, -23.116895548267166, 12.936682407412263, -5.4533136635294, 1.6300063812172993, -0.2534316679824542, 3.877700974079289, -7.002164827941442, 5.096172210769737, -2.85547920293493, 1.2051236042748315, -0.36235142686336985, 0.05668206477133708, -0.48079617360599514, 0.8697854799009974, -0.6340123201666756, 0.35633912633335285, -0.150480636957127, 0.04566576787738086, -0.007239088294454632]]
R->P5
T_min:200 K    T_max:3000 K    P_min:0.0001 atm    P_max:10 atm
[[-966.1288269050991, 1714.3857637273409, -1225.4815804385012, 681.5227546917249, -282.120999767943, 80.63448490306695, -12.2073378061136, 1813.3609177045162, -3258.967338204376, 2329.322503613109, -1295.5380397497297, 536.2531648864924, -153.27619734588063, 23.207562168420537, -1553.9707096536572, 2796.834458389087, -1998.7199284132323, 1111.871930467404, -460.20110315938285, 131.55050083220996, -19.92298723529045, 1201.3036445204623, -2162.050018847184, 1545.1458979748354, -859.7009053683616, 355.897751054723, -101.76305752271907, 15.41583236167265, -831.4392065062225, 1496.6184893917648, -1069.7652318005119, 595.3855360145201, -246.58300349496534, 70.55967351849347, -10.69560179990151, 510.23037497448536, -918.5583976068408, 656.6921614197745, -365.6626805203796, 151.5254361356952, -43.408696058178975, 6.588186210457479, -274.1484015788186, 493.66092729411855, -353.0066289621178, 196.6761313957029, -81.55591823407235, 23.39504288967396, -3.555988962223182, 126.71062792563083, -228.23453678427296, 163.26118115782992, -91.03354137561126, 37.78620760397462, -10.859546482603946, 1.653825534911448, -48.791618104411214, 87.92167270810862, -62.92139337856139, 35.12609035471837, -14.600822117370853, 4.207598826362073, -0.6428736947343623, 14.882485271617043, -26.834495865192366, 19.21611675179247, -10.743905989596442, 4.474304784552828, -1.2938332076780625, 0.1985165150526882, -3.302385430616596, 5.959108768056467, -4.271341683984701, 2.394072568617503, -1.0000365885063616, 0.2907473155510161, -0.04491276197552452, 0.4092791151781512, -0.7400427478539768, 0.5313641811965226, -0.29922693077037366, 0.12575452416882626, -0.036937948844979474, 0.005811764855707224]]
P2->P3
T_min:200 K    T_max:3000 K    P_min:0.0001 atm    P_max:10 atm
[[-2005.6206989462812, 3506.468626534623, -2353.4128453104668, 1257.8825894725383, -507.8402006950607, 135.55767050549258, -19.992905320726436, 3788.0204034406547, -6679.659979606826, 4482.079530390988, -2395.681727072637, 967.2066584927106, -258.18218562170546, 38.08191392403205, -3262.4709383364407, 5763.419176469193, -3866.1661605807776, 2066.4868701160203, -834.384277643466, 222.74861883357067, -32.86534032486267, 2541.5419780964785, -4489.716676904607, 3011.8030306954406, -1609.7713881986406, 650.1168878747004, -173.5915401448516, 25.625628457528478, -1778.3163904260182, 3142.003084296845, -2107.685607366634, 1126.4878787855937, -455.05161418466867, 121.53987394758883, -17.95498811684365, 1108.452309410833, -1958.5857199326606, 1313.6092772205095, -702.0336604735007, 283.681905138532, -75.79220914500092, 11.207700496302095, -607.391488075179, 1073.5788905389977, -719.9420186744198, 384.70800704300154, -155.5237259585292, 41.56675129535961, -6.15382505667003, 287.3020904299909, -507.88019829271343, 340.48703932571664, -181.901445942672, 73.57256933154167, -19.671491831297942, 2.916293454226434, -113.72217635264838, 201.13651310233558, -134.77902418311714, 71.97585196642046, -29.130033272607648, 7.791683132851404, -1.1570627466153383, 35.8135175574771, -63.3652271763026, 42.434187333581804, -22.646035091323483, 9.172486652964722, -2.454234131314024, 0.36517178967119435, -8.126800915951208, 14.392064941857143, -9.621588219629302, 5.126981632927254, -2.0780798245928054, 0.5557748601086132, -0.0828500854674985, 1.0197562191765428, -1.8095215802054554, 1.2079711429307736, -0.6415645046461123, 0.26054971473308797, -0.06959183437948013, 0.010380907795934036]]
P2->P5
T_min:200 K    T_max:3000 K    P_min:0.0001 atm    P_max:10 atm
[[-967.8311976680375, 1672.6680720122306, -1194.0557417292148, 662.3443849276871, -272.86703324537734, 78.17243982065887, -11.549192896152192, 1807.1499939794728, -3180.076530067254, 2269.864573810194, -1259.2199114254593, 518.6982414005579, -148.60011057258203, 21.953585157699507, -1543.619149890812, 2730.6368612471297, -1948.7438034488373, 1081.275388176273, -445.3387137234576, 127.58816079750343, -18.846674438772766, 1194.9126212174071, -2113.0334681121085, 1508.0428724482026, -836.9184416298413, 344.7552447774566, -98.80095781025403, 14.591034531590601, -828.2344420707599, 1464.6587565509424, -1045.4863078101016, 580.4194765672769, -239.19720148303492, 68.60832492462407, -10.132460615683158, 509.66544427655276, -900.9862456117753, 643.2353777832014, -357.29304737226335, 147.31813016596197, -42.307124358244664, 6.25064502214309, -275.21447267205383, 486.46213338863845, -347.3630289343545, 193.06766232389896, -79.65275161015347, 22.90605628336243, -3.38536925376593, 128.36665995498177, -226.80529714897105, 162.00038585674776, -90.11980845589665, 37.213718789558015, -10.721772669985796, 1.5854995842314565, -50.17402147202188, 88.6345817787793, -63.332958184429856, 35.27607486128704, -14.585545994674419, 4.2134882893698204, -0.624131577048729, 15.70235410197347, -27.725255432866902, 19.819940703486736, -11.05668098949809, 4.579086268582898, -1.3268850249262414, 0.1969883198790967, -3.6529083582900057, 6.450815760577484, -4.614954218154708, 2.5809689295940643, -1.0719807973771367, 0.3120912400072484, -0.046573842231225626, 0.49418263495886094, -0.8725268673115352, 0.625063357994577, -0.3512696206601049, 0.14677005819220312, -0.04313324667600682, 0.00656021433587739]]
P2->P4
T_min:200 K    T_max:3000 K    P_min:0.0001 atm    P_max:10 atm
[[-1765.1492959869104, 3040.6740849350117, -2062.080044325016, 1133.7698107770248, -460.77055619293634, 124.43129156464391, -19.023537231215983, 3323.1764220038012, -5784.674899580242, 3921.528268240047, -2156.058440940272, 876.1493746806557, -236.56825744588082, 36.16459375781517, -2850.0548742061733, 4971.1904188514045, -3367.787425029518, 1851.322423314753, -752.154817482701, 202.99921333159983, -31.025890078303206, 2205.8908009129964, -3846.123302519162, 2604.0508224322593, -1431.0286588140962, 581.2211355445113, -156.75522245020954, 23.94913646595647, -1528.9151071861875, 2665.2437079901197, -1802.9479413253332, 990.3478289761929, -402.0321949339909, 108.3163488476007, -16.53993242162369, 941.2614911913302, -1639.9383252079754, 1107.8334505933915, -608.151265163121, 246.7053788337459, -66.37036911829318, 10.127925353456703, -507.6548348886615, 884.1159490308105, -596.2124270881727, 327.01449224477665, -132.54135790988732, 35.58701413481322, -5.425480234338693, 235.46356408330553, -409.7146087986421, 275.64409231723283, -151.01319774505583, 61.133655388023044, -16.371541421599716, 2.492906222013062, -91.02488477585803, 158.26118593385286, -106.12269148944426, 58.04594374087526, -23.461842447369122, 6.260943696650088, -0.9519445929163339, 27.84984941753828, -48.35182300137967, 32.27970219080021, -17.615685324333754, 7.105848534924462, -1.8871109955489374, 0.28640735072428924, -6.107922717668771, 10.586376085711663, -7.015618743592313, 3.8140176969359345, -1.5335591404785873, 0.40411036174441506, -0.06116927556178098, 0.7344551155961199, -1.2690584841151349, 0.8298775986716009, -0.44708099528520506, 0.17879009220030184, -0.04635411346816909, 0.006960149522683423]]
P2->P6
T_min:200 K    T_max:3000 K    P_min:0.0001 atm    P_max:10 atm
[[1673.6973409433617, -3099.915157994457, 2222.043572934228, -1245.1637033705122, 524.8719561086664, -151.03047156158206, 24.18731735694766, -3225.846946899649, 5902.213135118848, -4230.8171711379855, 2370.8677072455016, -999.4289759474627, 287.597417430871, -46.06377002317964, 2790.835812546049, -5084.713820790975, 3644.9586754646775, -2042.6827796123582, 861.1736423654497, -247.84622487678277, 39.70830010402665, -2166.877973022872, 3948.947102056016, -2830.9419914312334, 1586.6382021664058, -669.0085526827961, 192.57964422788302, -30.865491634578433, 1508.6550117543507, -2749.603857629227, 1971.2971090989083, -1104.9753153834483, 466.00839561349113, -134.18147439001973, 21.51659423006788, -933.5652202484666, 1702.0811152905067, -1220.4113326098031, 684.193917359551, -288.62867438059766, 83.13834061388297, -13.340796913007125, 506.8780090382397, -924.4174937647251, 662.9048148607021, -371.7221786463001, 156.86765160005234, -45.20720364329918, 7.260685649872812, -236.5963065377626, 431.7466275876879, -309.65960468249887, 173.6887767817292, -73.33032232637174, 21.146006323558254, -3.4001296856677072, 92.056610319323, -168.09854456175162, 120.59005021600683, -67.66287259435876, 28.58329072277013, -8.248987223678796, 1.3283218166216102, -28.305749609803115, 51.74943215486542, -37.133709478431456, 20.844821216413038, -8.811999603297693, 2.5456405068721324, -0.4106806889396921, 6.2109281720786385, -11.37323655121304, 8.163775739247285, -4.585209976313308, 1.940132453945921, -0.561179817779248, 0.090748237597154, -0.7484644596638645, 1.3763332525727492, -0.9883557047019167, 0.5555018875762698, -0.23532490137370132, 0.06817944985778013, -0.011060148890919663]]
