==============================
P8_Energy_1
R->P8
[[0.0, 0.0, 0.0, 0.0, 0.0, 0.0, 0.0, 0.0, 0.0, 0.0, 0.0, 0.0, 0.0, 0.0, 0.0, 0.0, 0.0, 0.0, 0.0, 0.0]]
==============================
P8_Frequencies_1
R->P8
[[0.0, 0.0, 0.0, 0.0, 0.0, 0.0, 0.0, 0.0, 0.0, 0.0, 0.0, 0.0, 0.0, 0.0, 0.0, 0.0, 0.0, 0.0, 0.0, 0.0]]
==============================
R_Frequencies_1
R->P8
[[0.026843466086990123, 0.05090530265892215, 0.04308286386600744, 0.03270866306595509, 0.02201066389481579, 0.013135647699999425, 0.0067698220050793016, 0.0029303309065732406, 0.0009680275446714974, 0.00012643569507814044, -7.44664228170965e-05, -0.00013198344414764747, -3.990629107837634e-05, -5.198912016249206e-05, 1.403635490699523e-05, -1.715192279675832e-05, 1.469399187492585e-05, -7.91979105215555e-06, 5.340913349914621e-06, -2.794129405533669e-06]]
==============================
B1_VariationalHinderRotor_1
R->P8
[[0.0, 0.0, 0.0, 0.0, 0.0, 0.0, 0.0, 0.0, 0.0, 0.0, 0.0, 0.0, 0.0, 0.0, 0.0, 0.0, 0.0, 0.0, 0.0, 0.0]]
==============================
B1_VariationalFrequencies_1
R->P8
[[-1.113751889098607, -1.1722321502972548, -0.5214898502143042, -0.23005973494467266, -0.09994518120606018, -0.04216855985362029, -0.016921148624909555, -0.00583183653750056, -0.0013328816491078761, 3.030377255136274e-05, 0.0004177055720045066, 0.00015309846054595763, 0.00020755717788525774, -4.9986192122412176e-05, 8.389995051562892e-05, -6.545060045860977e-05, 4.5522619519775834e-05, -3.482621248769104e-05, 1.801276304927751e-05, -8.956983893627296e-06]]
==============================
P8_SymmetryFactor_1
R->P8
[[0.0, 0.0, 0.0, 0.0, 0.0, 0.0, 0.0, 0.0, 0.0, 0.0, 0.0, 0.0, 0.0, 0.0, 0.0, 0.0, 0.0, 0.0, 0.0, 0.0]]
==============================
B1_VariationalEnergy_1
R->P8
[[-0.0016403330261390645, 0.0014842159492946011, -1.8273856578228423e-07, 1.5192061118742954e-07, -1.1430967321061173e-07, 7.651351606962879e-08, -3.2878600856160526e-08, 7.513526174053051e-10, 3.2718519553473925e-08, -6.778370040469903e-08, 9.134311294946305e-08, -1.0841182726879255e-07, 1.1508659164406445e-07, -1.1034287386939887e-07, 1.0154222445459291e-07, -8.554820724808514e-08, 6.681479789694013e-08, -4.942695204576511e-08, 3.074950887650993e-08, -1.432466194244221e-08]]
==============================
R_Energy_1
R->P8
[[0.0016401651730691901, -0.0014838899836817083, -1.2028807372203304e-07, 1.0343860012791354e-07, -8.044450041711056e-08, 4.841111315968599e-08, -2.1187680447802812e-08, 3.0090435682826582e-09, 1.81592027853985e-08, -4.0423843481641845e-08, 6.440688248403099e-08, -6.985303415170809e-08, 6.620408325270845e-08, -6.48920650666739e-08, 6.203907978112905e-08, -5.3130935347929004e-08, 5.01867994871116e-08, -3.850541682941408e-08, 2.6995733277953967e-08, -1.594626102346094e-08]]
==============================
R_SymmetryFactor_1
R->P8
[[0.434294167368251, -1.2302125832325168e-06, -1.5420947857552223e-06, 1.303640715773215e-06, 7.468688875086726e-07, -5.41250124482417e-07, -6.618338335280105e-07, 9.40897365573158e-07, -1.5611534760374924e-06, 7.031458353870371e-07, -1.8674086424818378e-06, 2.836640201102964e-06, -2.6966514999663e-06, 1.6060937564248495e-06, -1.4917052585099042e-06, -8.132272355766053e-07, 2.7928252588717635e-06, -4.7786224720022096e-06, 4.000867060166682e-06, -4.51540407455846e-06]]
==============================
B1_ImaginaryFrequency_1
R->P8
[[1.0179084193434886, -1.3375816127920805, 0.32389543706560237, 0.009961984446153524, -0.015433972018270688, 0.004442830092411303, 0.0003366785181403284, -0.00041147926087772407, 8.257922991156863e-05, 1.4839791378895662e-05, -2.004863116650281e-06, -1.0669719569527602e-05, 1.2913224746990681e-05, -1.3751228837204458e-05, 1.666081926516007e-05, -1.6252048566243996e-05, 1.8805031954383083e-05, -1.5723979646677447e-05, 1.2276762006446575e-05, -5.348663236584858e-06]]
==============================
B1_VariationalSymmetryFactor_1
R->P8
[[0.0, 0.0, 0.0, 0.0, 0.0, 0.0, 0.0, 0.0, 0.0, 0.0, 0.0, 0.0, 0.0, 0.0, 0.0, 0.0, 0.0, 0.0, 0.0, 0.0]]
