==============================
W1_Energy_1
R->P2
T_min:200 K    T_max:3000 K    P_min:0.0001 atm    P_max:100 atm
[[42.65957370935199, -117.53394631702366, 82.58038647504404, -60.17725409671487, 31.362218984133293, -12.541600946008629, 4.214486952596596, -105.65210712698304, 228.10935671353414, -160.27318856448937, 116.79173734967023, -60.86813296101916, 24.340655569852938, -8.179500518530718, 97.22029834952329, -208.38626860173767, 146.41290513406415, -106.69321126930203, 55.60405775853263, -22.235857591514687, 7.471993614785841, -83.15664417624774, 178.98097376423766, -125.75023088087084, 91.63736947574017, -47.756542698045926, 19.09787142421231, -6.417313044185614, 67.1656578854712, -144.25760480700762, 101.34905929592743, -73.85859784997348, 38.489227145192984, -15.392376682575673, 5.171814869273115, -50.57986747165862, 108.76088445866651, -76.40742332913621, 55.684091722055925, -29.016758272459647, 11.604495765334889, -3.898815970385712, 35.54558065405132, -76.39006319926405, 53.66167343433027, -39.11013843083596, 20.378353186833067, -8.150250182772254, 2.7379336054543586, -23.105529859786877, 49.675016408157205, -34.89268194143838, 25.432196979473545, -13.2503842436325, 5.299677783158685, -1.7801111651005783, 13.804925903534908, -29.676286872678578, 20.84238465847136, -15.193074473930158, 7.914561472010746, -3.1658400653697996, 1.0631472857365907, -7.484615016253066, 16.09236869525539, -11.300806390365025, 8.238447090384405, -4.291111392935675, 1.7165735303098728, -0.5763342110218446, 3.6266318183532604, -7.7984744740614005, 5.475142284799304, -3.9922540804590767, 2.078878259525588, -0.8317581805966192, 0.2791501129715783, -1.5286309567691205, 3.2872739129211794, -2.307546993034144, 1.6827783160387213, -0.8760879849692245, 0.35055950605085684, -0.11760900549489861, 0.539390947424053, -1.1605618008588152, 0.8142446624306032, -0.5940516701495255, 0.30909629042571396, -0.12373187056000035, 0.041473647059909524, -0.1455339724460316, 0.313061137970557, -0.2195991287833401, 0.16023498333670005, -0.08334813962986232, 0.03336885374459797, -0.01117759289741116, 0.025719165571757685, -0.05549794011499998, 0.038848239512006444, -0.02839685382549817, 0.014735982952220894, -0.005909600437732365, 0.0019718829665009707]]
R->P3
T_min:200 K    T_max:3000 K    P_min:0.0001 atm    P_max:100 atm
[[7.174894957293045, -41.21353695873682, 29.135396593934473, -21.13669973906015, 11.339108001010565, -4.436360906553177, 1.6293870774293921, -35.69966602221591, 79.99998645085323, -56.556991746319014, 41.02854521439146, -22.01060324375503, 8.611342278404916, -3.1626307326449234, 33.05435746027961, -73.1196504323614, 51.69448666361773, -37.499461060063695, 20.11654732937029, -7.870313564184568, 2.889871097858352, -28.191279782770685, 62.85358426757523, -44.43975943627855, 32.23388202473501, -17.291011925320554, 6.76473171901427, -2.4831054865472737, 22.868181769432912, -50.72156915336687, 35.86471813211853, -26.011316592201563, 13.951721816806364, -5.458294963270696, 2.0025374202362225, -17.22265699000492, 38.3024221420692, -27.08690474031355, 19.641725228936266, -10.534225123454515, 4.121145593582723, -1.5109977801759626, 12.153716409171913, -26.959698015702863, 19.068148347692915, -13.824401991374485, 7.413079184587701, -2.900080364077148, 1.0623696007563552, -7.9182798606291165, 17.577793237080716, -12.435190088590225, 9.01299988231801, -4.83227799397668, 1.8903467375846965, -0.6917578715416894, 4.755465707362262, -10.537167148549056, 7.456072581150039, -5.402492999298273, 2.895781403482861, -1.1327863553379598, 0.41395767856822374, -2.5902051474417345, 5.737692773914768, -4.0613797060915395, 2.94148926669428, -1.576278422380815, 0.6165655772617953, -0.2249494605241651, 1.2645499042724566, -2.7960969802963724, 1.9799103100003919, -1.4332684894318142, 0.767740707876932, -0.30029723594867264, 0.10931649792658682, -0.5373343905720063, 1.1865406803445921, -0.8406749720485127, 0.6081287508388442, -0.32563135417237277, 0.1273490152069492, -0.046240755405008827, 0.19204916000516192, -0.42321414730074025, 0.300035727615378, -0.2168595466363712, 0.11603233178360739, -0.045378437109711456, 0.01641074374410678, -0.052577520834526936, 0.11547735625992583, -0.08195635675294, 0.0591579545434211, -0.03163698770003087, 0.012368200192199197, -0.004454229584595737, 0.00957972125930695, -0.02103697871851118, 0.014948276348860645, -0.010771347435380108, 0.005746937508090966, -0.002247905803567818, 0.0008005643838764342]]
R->P1
T_min:200 K    T_max:3000 K    P_min:0.0001 atm    P_max:100 atm
[[122.8395744851691, -273.5993169448695, 200.45768945496027, -140.12470891831197, 75.91309071661459, -29.090442087839342, 10.21156921408241, -257.81806424237806, 530.9850837382584, -389.0405063515139, 271.94573237999043, -147.32925464212065, 56.45706109581371, -19.81828796068588, 235.64504614285335, -485.054420544671, 355.3810790662091, -248.4217812019131, 134.58269770346672, -51.57334996775012, 18.10363861356684, -202.31703200762956, 416.5796631307646, -305.2129359569968, 213.3521234817272, -115.58437666095256, 44.29280311900209, -15.548129211413482, 163.06828274267522, -335.7307125609619, 245.97034564978335, -171.94465771493253, 93.14955239511407, -35.69641986311713, 12.530259947757521, -122.91974658186389, 253.08466011480064, -185.4190513400253, 129.61717810734294, -70.21904953752255, 26.90910608596289, -9.44578395783492, 86.31722176621486, -177.72859845236007, 130.20453957844728, -91.02318328481624, 49.30942025816307, -18.896821125867007, 6.6330619043455386, -56.1171927971176, 115.54623322103127, -84.64794598856007, 59.176450017505715, -32.05712760123963, 12.285330574949882, -4.312356801228589, 33.51154637711123, -69.00799840150395, 50.55093504380335, -35.34185808069992, 19.144436767602997, -7.337158664644633, 2.575340036799787, -18.164786117429514, 37.404947446412, -27.399594406403565, 19.1565120924447, -10.376834673542337, 3.9770151877253284, -1.3959395610431784, 8.79614876793076, -18.11681679961452, 13.26914562283875, -9.278206230214309, 5.02542273748432, -1.926224470451686, 0.6760467221335489, -3.705017986340806, 7.630667266416481, -5.588572481757929, 3.9078746578357766, -2.1166204817285603, 0.8113124621557972, -0.28475001419110413, 1.3057325194981786, -2.69068651798284, 1.9700720451664893, -1.3779410560068754, 0.7461771810493758, -0.2860785204665319, 0.10038371351041064, -0.35170598288576116, 0.7245956367186253, -0.5305062076902374, 0.3710710155984316, -0.20094260931028884, 0.07704086916410802, -0.027034860868042188, 0.06181380679788617, -0.12772080579432554, 0.09340398579965381, -0.06540091096124456, 0.035384451171651676, -0.01357967713238395, 0.004760423531962488]]
P1->P2
T_min:200 K    T_max:3000 K    P_min:0.0001 atm    P_max:100 atm
[[461.6145699621875, -1021.8170662409138, 731.8604557273765, -523.3002196717819, 276.1655524610143, -108.63078110151132, 36.671625894034094, -934.73103002259, 1983.0819299672644, -1420.370910090519, 1015.5906733189875, -535.9732494407368, 210.8245921661502, -71.171321949865, 867.2833166215278, -1811.520172534491, 1297.4600963678752, -927.7273868400346, 489.59373545773065, -192.58503830916945, 65.01235180287848, -744.8812526828515, 1555.770710249044, -1114.2894778498562, 796.7507703846907, -420.47547761746466, 165.39615842517458, -55.834344045251214, 600.2903825219519, -1253.7931134836058, 897.9723685102043, -642.0979564999998, 338.8494464498785, -133.29197354327937, 44.995055156903504, -452.50065819859833, 945.1229476414447, -676.8960526834587, 484.01934661343114, -255.42737539357, 100.47693858481841, -33.917644575752774, 317.74084457986396, -663.6757245856938, 475.29882974687894, -339.8818211824236, 179.35530122940906, -70.55560696464988, 23.815974678128782, -206.56019057676787, 431.4499383190028, -308.98077372690216, 220.95329263922906, -116.59550705765469, 45.86752366672977, -15.48231211648988, 123.34276262972224, -257.64965871788104, 184.49920973436076, -131.94583985943513, 69.62226197169832, -27.390531015639418, 9.244755717249518, -66.84882388558793, 139.64084239708717, -99.9904702728544, 71.51138355841596, -37.732642822403136, 14.84504477983603, -5.010308255686368, 32.366100585341655, -67.62001684332503, 48.412463765658, -34.628281916647495, 18.269267189350217, -7.188475111264495, 2.4258025360128386, -13.628853823080362, 28.474543216922143, -20.38478359170523, 14.581641646138337, -7.692708639021134, 3.0270139016112694, -1.0214456833416534, 4.801193773133605, -10.035065461475256, 7.1816334719617885, -5.138708042195617, 2.7102335767046952, -1.0667409841629478, 0.3598411213972099, -1.292169280298424, 2.700977385986562, -1.9327481620948106, 1.383068830004163, -0.7294206283967242, 0.2871125491898283, -0.096848641215729, 0.2267131796901367, -0.4748577796841289, 0.3393106654946223, -0.24311864664571203, 0.12806566272450937, -0.05046683134912655, 0.016997692689528776]]
W2->P1
T_min:200 K    T_max:3000 K    P_min:0.0001 atm    P_max:100 atm
[[-73236.736590851, 130370.8240476344, -107290.20867605673, 67506.53881206809, -38770.52458975512, 14155.884195286384, -4692.666009988243, 141633.84076940932, -252135.03196404464, 207500.4694334051, -130558.90087845898, 74982.41930243695, -27377.844052273038, 9075.66980393809, -127995.57413076557, 227894.51973299155, -187547.8545399167, 118005.53989621717, -67771.60543738125, 24745.772567306856, -8202.986191724789, 107983.48939700966, -192266.20238315355, 158223.53560410906, -99555.36761895836, 57173.99611333139, -20877.310178216205, 6920.455976639833, -84830.59419815471, 151042.83310882567, -124295.21390074756, 78208.16351044123, -44912.940371894634, 16401.370061410707, -5436.656374474704, 61831.68154308802, -110094.02993559407, 90594.32580683463, -57003.65562224523, 32734.58814244352, -11955.258185117695, 3962.894021428161, -41603.64279123058, 74077.41373717716, -60954.19551024221, 38353.76755224753, -22024.163375973818, 8044.652583330739, -2666.7668052292865, 25660.188132118114, -45689.26642429579, 37593.34079422438, -23654.581154435, 13583.162151334727, -4962.258394879915, 1645.2093904494832, -14367.267454447552, 25581.27257364051, -21047.36501615013, 13243.310999999121, -7604.853194957934, 2778.810881349833, -921.579668850929, 7203.080440670805, -12824.777330814391, 10551.300185569155, -6638.800239362921, 3812.575261244043, -1393.4820831225516, 462.40311525552534, -3169.8405710526276, 5643.348193604812, -4642.784667070373, 2920.996871090487, -1677.7987796749076, 613.4435346666378, -203.76305897296697, 1187.2925847405422, -2113.451055132551, 1738.720058945688, -1093.7557579557179, 628.4783765358807, -229.89613582519814, 76.49657470735838, -359.4143917518086, 639.6054273098562, -526.2229783529183, 330.9297350423585, -190.2936533142929, 69.65603185583313, -23.252140220065485, 79.59784098312957, -141.57005968827798, 116.4904178755678, -73.21830526715348, 42.16416042142373, -15.451036685299187, 5.188314857965452, -9.867739855733817, 17.531133334145125, -14.438193111738656, 9.061556204542285, -5.2362532729930535, 1.9215291056170827, -0.655136706889607]]
P2->P3
T_min:200 K    T_max:3000 K    P_min:0.0001 atm    P_max:100 atm
[[137.9541469748456, -309.2148145240659, 222.86916588522564, -158.3412170242763, 84.46592568664245, -32.90195076465275, 11.355575154398629, -285.9510896509676, 600.1218034308735, -432.5480884426414, 307.30757951582495, -163.9326106909203, 63.855915449531096, -22.039001077727242, 261.42812969737344, -548.2470086598158, 395.15254122964575, -280.74325678845656, 149.759379365095, -58.33592469906179, 20.133208570972627, -224.4067531441699, 470.90350051449985, -339.40752875682085, 241.13727094394642, -128.6316910226101, 50.10604171968242, -17.292470492868716, 180.97539440486528, -379.57094994889326, 273.57163114433894, -194.36751849656227, 103.67966202424672, -40.38751033521473, 13.937519292945815, -136.41272609402552, 286.19360342431486, -206.26999899240354, 146.55113315346279, -78.17239734937526, 30.451621928304448, -10.508138178608249, 95.84687784211718, -201.03335328886808, 144.88591735382025, -102.94246156646713, 54.90815933499641, -21.39005931658582, 7.380411371983371, -62.328084411925325, 130.74194111601233, -94.22521728686571, 66.94818945319614, -35.70836260117089, 13.910822043247038, -4.799349962023193, 37.244903953740504, -78.11638412221166, 56.294283807854725, -40.00013875129703, 21.33325604099278, -8.311314685174402, 2.86698491465296, -20.199043863949285, 42.364140595187386, -30.528762170901132, 21.692705529288872, -11.5688660377912, 4.507303594828642, -1.5545789700811952, 9.789891630091319, -20.53244871572629, 14.794310793179022, -10.513524319260213, 5.606116003113243, -2.184453393790946, 0.7532090361830512, -4.127072979288528, 8.655021338493611, -6.23596111142988, 4.431689181858189, -2.3629544863349707, 0.9207812964170898, -0.31742526205448485, 1.4565603462995114, -3.055510118111897, 2.200802870472053, -1.564475399770913, 0.8338961548321322, -0.3250435159317817, 0.1119896540972718, -0.39279467221628295, 0.823876049496242, -0.5933902497904242, 0.42182932849001986, -0.22482798992764685, 0.0876394048229372, -0.030186896059404944, 0.0693110856298631, -0.145760517817763, 0.10483206243947052, -0.07461892544287707, 0.03971478352536195, -0.01550123460975783, 0.00532768257198768]]
