==============================
P8_Energy_1
R->P8
[[0.0, 0.0, 0.0, 0.0, 0.0, 0.0, 0.0, 0.0, 0.0, 0.0, 0.0, 0.0, 0.0, 0.0, 0.0]]
==============================
P8_Frequencies_1
R->P8
[[0.0, 0.0, 0.0, 0.0, 0.0, 0.0, 0.0, 0.0, 0.0, 0.0, 0.0, 0.0, 0.0, 0.0, 0.0]]
==============================
R_Frequencies_1
R->P8
[[0.020643378308931155, 0.0390541813757242, 0.033039930924272994, 0.02496031277234304, 0.016782117528570322, 0.009974866304519603, 0.005169765584112126, 0.002268109301735653, 0.0007818865072443818, 0.0001580919496275909, -3.4707510515180936e-05, -5.952136461995475e-05, -3.9726953591054026e-05, -1.9558261372336817e-05, -6.133198483931442e-06]]
==============================
B1_VariationalHinderRotor_1
R->P8
[[0.0, 0.0, 0.0, 0.0, 0.0, 0.0, 0.0, 0.0, 0.0, 0.0, 0.0, 0.0, 0.0, 0.0, 0.0]]
==============================
B1_VariationalFrequencies_1
R->P8
[[-1.072580237336052, -1.0922532392368072, -0.4639518208525458, -0.1938233450714634, -0.07960075702335055, -0.03273488524645732, -0.013280900551998195, -0.004876113178505081, -0.0013329632163922734, -5.229754785104534e-05, 0.0001965456639584067, 0.00018223397970486342, 6.301747551059955e-05, 3.921665489800867e-05, -3.8089076090335243e-06]]
==============================
P8_SymmetryFactor_1
R->P8
[[0.0, 0.0, 0.0, 0.0, 0.0, 0.0, 0.0, 0.0, 0.0, 0.0, 0.0, 0.0, 0.0, 0.0, 0.0]]
==============================
B1_VariationalEnergy_1
R->P8
[[-0.0016662397268392007, 0.0014579412139628363, 2.3152280253449302e-08, -2.4860572526124317e-08, 2.178048486845475e-08, -2.7450607896580086e-08, 1.6612667728636073e-08, 2.0951373233023775e-09, -1.4503710192099288e-08, 2.853890102394331e-08, -1.9796517242395402e-08, 3.4350516293893075e-08, -3.7394839877732416e-08, 3.6974899999004094e-08, -1.6433781584828005e-08]]
==============================
R_Energy_1
R->P8
[[0.00166628644211179, -0.001458026085132211, 3.716217822412292e-08, -3.533139615127243e-08, 3.926144713093649e-08, -3.740818318388509e-08, 2.0710519944545857e-08, 1.979489406350529e-09, -2.587274979150369e-08, 3.561542817401797e-08, -3.789862961473135e-08, 4.3740157497696754e-08, -4.085489662523213e-08, 3.4511818407153345e-08, -2.5813648257116427e-08]]
==============================
R_SymmetryFactor_1
R->P8
[[0.4343058107680903, -2.0730470647273253e-05, 1.5160549661994157e-05, -1.3970507126217066e-05, 1.546020284622764e-05, -1.7023781617650712e-05, 6.875009311936427e-06, -4.4027599302412074e-07, -8.678324694339335e-06, 1.040370933709097e-05, -1.0780161229256886e-05, 1.6291007205110078e-05, -1.6719538828063403e-05, 1.4214166656607258e-05, -1.2093936049640313e-05]]
==============================
B1_ImaginaryFrequency_1
R->P8
[[1.003483368837574, -1.3076732148550696, 0.31595644303867537, 0.004375416852532319, -0.01352799605101208, 0.004230796646007594, 0.00013301936614944262, -0.0003403577408745736, 7.64252439509205e-05, 1.6527688988069698e-05, -1.0699287409542868e-05, 1.082541206624905e-05, -8.2322759916522e-06, 2.850539388208999e-06, -3.537494999353973e-06]]
==============================
B1_VariationalSymmetryFactor_1
R->P8
[[0.0, 0.0, 0.0, 0.0, 0.0, 0.0, 0.0, 0.0, 0.0, 0.0, 0.0, 0.0, 0.0, 0.0, 0.0]]
