==============================
P8_Energy_1
R->P8
[[0.0, 0.0, 0.0, 0.0, 0.0, 0.0, 0.0, 0.0, 0.0, 0.0, 0.0, 0.0, 0.0, 0.0, 0.0, 0.0, 0.0, 0.0, 0.0, 0.0]]
==============================
P8_Frequencies_1
R->P8
[[0.0, 0.0, 0.0, 0.0, 0.0, 0.0, 0.0, 0.0, 0.0, 0.0, 0.0, 0.0, 0.0, 0.0, 0.0, 0.0, 0.0, 0.0, 0.0, 0.0]]
==============================
R_Frequencies_1
R->P8
[[0.03201252951955244, 0.06066063592885903, 0.051269586586241575, 0.0387888757333886, 0.025967243317873596, 0.015344793684549527, 0.007777828724345573, 0.003254884978834913, 0.000983711653467595, 5.136942335471965e-05, -0.00014684804303218905, -0.00017540656911227745, -5.954344514022891e-05, -5.795950377430978e-05, 1.3508203310564558e-05, -1.702721245712436e-05, 1.5001757821800911e-05, -8.640084403997313e-06, 5.0992379373947e-06, -3.4091918919975357e-06]]
==============================
B1_VariationalHinderRotor_1
R->P8
[[0.0, 0.0, 0.0, 0.0, 0.0, 0.0, 0.0, 0.0, 0.0, 0.0, 0.0, 0.0, 0.0, 0.0, 0.0, 0.0, 0.0, 0.0, 0.0, 0.0]]
==============================
B1_VariationalFrequencies_1
R->P8
[[-1.1536997400791325, -1.2395059513072963, -0.5647745697044566, -0.25437503908031356, -0.11221952060649013, -0.04765493931767191, -0.018932461050622625, -0.006273238519992585, -0.0012225256857112425, 0.0002362895545000342, 0.0005606757811262637, 0.0002234878541644314, 0.00022886837915462904, -4.943929799615904e-05, 7.911993864295058e-05, -7.154755437679337e-05, 4.269998578203437e-05, -3.857040587772569e-05, 1.7422990795976886e-05, -1.0928655001275243e-05]]
==============================
P8_SymmetryFactor_1
R->P8
[[0.0, 0.0, 0.0, 0.0, 0.0, 0.0, 0.0, 0.0, 0.0, 0.0, 0.0, 0.0, 0.0, 0.0, 0.0, 0.0, 0.0, 0.0, 0.0, 0.0]]
==============================
B1_VariationalEnergy_1
R->P8
[[-0.0016247150668031313, 0.0014998285838442272, -1.895183377764153e-07, 1.44316286441655e-07, -1.2171865813675308e-07, 7.009232091167235e-08, -4.0954918807662875e-08, -5.001715185935948e-09, 2.4559581082893197e-08, -7.192723484285477e-08, 8.44098139675999e-08, -1.1202112625370969e-07, 1.0987450860620112e-07, -1.145368025913867e-07, 9.789598673022608e-08, -9.013651382551631e-08, 6.489209021995867e-08, -5.3313974308667344e-08, 3.020914440033968e-08, -1.7477902459429017e-08]]
==============================
R_Energy_1
R->P8
[[0.0016245412807485956, -0.0014995178456657478, -1.256787156660489e-07, 9.740238455623676e-08, -8.623570123360121e-08, 4.3588441473734944e-08, -2.7037909332713236e-08, -1.531930938714062e-09, 1.212997076909601e-08, -4.3923160978181785e-08, 5.827632212218295e-08, -7.428853299567702e-08, 6.184555610563363e-08, -6.839678149205485e-08, 5.859942025151348e-08, -5.6921279421802605e-08, 4.678473330160022e-08, -4.289007431477589e-08, 2.4893593107292727e-08, -1.94564585223639e-08]]
==============================
R_SymmetryFactor_1
R->P8
[[0.43429070086548577, -8.125504606438315e-06, -8.318608508210728e-06, -5.360480796957893e-06, -5.821239194098184e-06, -6.899309442923384e-06, -6.699031954058953e-06, -4.8382487400279215e-06, -6.963690114632653e-06, -4.299709181522762e-06, -6.3950034231891425e-06, -1.4607494089485445e-06, -6.604676338557074e-06, -1.8089190025586397e-06, -4.542639964047414e-06, -3.1851864068988405e-06, 4.0550680574421854e-07, -6.476500459620479e-06, 2.649924788580739e-06, -5.509365137534708e-06]]
==============================
B1_ImaginaryFrequency_1
R->P8
[[1.0106435680741597, -1.3381021561992428, 0.33053154971319904, 0.009440811528987302, -0.015609740191735683, 0.004678510682443012, 0.00031319928747978543, -0.0004247255740793087, 9.265710109618919e-05, 1.613150273879536e-05, -1.959126783902347e-06, -9.264655174113336e-06, 1.3788298978515635e-05, -1.2755817231541727e-05, 1.6982511921084483e-05, -1.588866394612347e-05, 1.8544547046906513e-05, -1.6283074400963248e-05, 1.2239944660066126e-05, -6.526046786667046e-06]]
==============================
B1_VariationalSymmetryFactor_1
R->P8
[[0.0, 0.0, 0.0, 0.0, 0.0, 0.0, 0.0, 0.0, 0.0, 0.0, 0.0, 0.0, 0.0, 0.0, 0.0, 0.0, 0.0, 0.0, 0.0, 0.0]]
