==============================
B1_Frequencies_1
R->P7
[[-0.6827109184333998, -1.1471428927291643, -0.7109280383191949, -0.3459954234338945, -0.14205185412345844, -0.052239694840489105, -0.01736804060921197, -0.005398256180451921]]
==============================
B1_Energy_1
R->P7
[[-0.0016662678630578747, 0.0014579852524678203, -2.0663781985574786e-11, -2.257765297005256e-09, 9.280321802946012e-10, -5.515034288160938e-09, 4.533332610029632e-09, 3.0970471428305122e-09]]
==============================
P7_Frequencies_1
R->P7
[[0.0, 0.0, 0.0, 0.0, 0.0, 0.0, 0.0, 0.0]]
==============================
R_Energy_1
R->P7
[[0.0016662690526639263, -0.001457994164895276, 2.686370081975437e-09, 6.063964685309952e-09, -6.050159791806769e-11, 5.337423678625335e-09, 7.318369333154708e-10, -3.754737596162936e-09]]
==============================
R_SymmetryFactor_1
R->P7
[[0.43429339064060685, -2.1174655434127296e-07, -4.3128678331449944e-07, -2.821634534421422e-07, -9.298845533689932e-08, -1.5209117249783314e-06, 2.3110147666992007e-06, -7.671160656983875e-07]]
==============================
P7_SymmetryFactor_1
R->P7
[[0.0, 0.0, 0.0, 0.0, 0.0, 0.0, 0.0, 0.0]]
==============================
B1_ImaginaryFrequency_1
R->P7
[[0.12895476168001527, -0.16804903795507684, 0.04140100983101051, -0.001961220858046996, 0.00034404063489466217, -1.986302223856214e-05, 3.2398252907415874e-06, 5.323736109627107e-08]]
==============================
P7_Energy_1
R->P7
[[0.0, 0.0, 0.0, 0.0, 0.0, 0.0, 0.0, 0.0]]
==============================
R_Frequencies_1
R->P7
[[0.02013018536201093, 0.03784036106161761, 0.032474342595300396, 0.024530850128636966, 0.016762113658682784, 0.009998476940849519, 0.004875580040503435, 0.0025579559116309836]]
==============================
B1_SymmetryFactor_1
R->P7
[[-0.4342956553493974, -1.1878345126216565e-06, 9.383307828925501e-07, 1.470559732787356e-06, 2.599280822321602e-07, -8.947346184372718e-08, 3.0016128634799407e-06, -1.963228502380977e-07]]
