==============================
W1_Energy_1
P3->P5
T_min:200 K    T_max:3000 K    P_min:0.0001 atm    P_max:10 atm
[[-4019.299288209506, 7132.115511243446, -5082.132893064874, 2820.619854047297, -1167.4347294960085, 331.3323122554418, -50.68943622177437, 7617.075539074583, -13578.25601946535, 9675.187673609073, -5369.940046520554, 2222.5192061476955, -630.7760593934504, 96.50348012202198, -6554.872054411288, 11702.626479558969, -8338.438826504105, 4628.2884134194455, -1915.5479009001438, 543.6635650155166, -83.18330389152055, 5100.407556193329, -9105.52429110666, 6488.109906722965, -3601.5599035302857, 1490.7676431868078, -423.1592207926683, 64.75700354122716, -3562.232081767555, 6359.678565968665, -4531.862413484979, 2515.9963893332565, -1041.6376645547782, 295.76293459495673, -45.27825719964949, 2214.4587189882186, -3953.3539021790684, 2817.318681670302, -1564.417506197201, 647.8325372506501, -184.02107703057482, 28.188226637502794, -1210.4817646255533, 2161.0540007189716, -1540.1848815810522, 855.4424786343225, -354.3488465057385, 100.703135735459, -15.436502941720391, 571.1047450938337, -1019.5498175392016, 726.7258394526691, -403.7659736941896, 167.32247342323808, -47.58446749258974, 7.301195744024881, -225.58347841237446, 402.7270124045649, -287.10571606658004, 159.58500314274488, -66.1696728107172, 18.835628743091547, -2.8943448322825134, 71.01643728302406, -126.77726748083933, 90.39905430804856, -50.27568179168338, 20.861242999244723, -5.94538157914576, 0.9153323915666078, -16.20902127046429, 28.93763841031432, -20.641492288687914, 11.490790978685254, -4.77379748453086, 1.3633781386470218, -0.21060868492008922, 2.0638801928316752, -3.6840742378817595, 2.6293897030104745, -1.4661854782209502, 0.6104546122605825, -0.17501065255601134, 0.027255649538346916]]
W1->R
T_min:200 K    T_max:3000 K    P_min:0.0001 atm    P_max:10 atm
[[-407.40180649163995, 370.83819419230133, -245.9320164760276, 212.17799013406542, -111.72633573401794, 37.908818540730245, -6.785430023774445, 742.2502890749145, -694.1065927932902, 461.8107393773685, -400.737544146636, 211.38442571803338, -71.79553288962772, 12.860468376320533, -589.4640915669042, 577.0127409153264, -381.84885397187895, 336.6474356217811, -178.62135650280422, 60.88040734219847, -10.932437120954013, 441.3767549984505, -419.47790358584876, 275.9824504618282, -250.3662295308826, 134.2402384287162, -46.04921350607037, 8.30648119619466, -292.6281586057281, 263.4292127709147, -171.33603494245278, 163.23324014319624, -88.98409278445885, 30.83233675856144, -5.601154463339384, 168.09487394175176, -139.19336314150178, 88.71045562936541, -91.80338295635602, 51.355090809846075, -18.061592820717408, 3.3152625294032134, -82.58335614262067, 58.88102799412313, -36.01590663954781, 43.408976164129456, -25.296936064239134, 9.098788229936815, -1.695106782303128, 33.27957521440453, -17.623071741079976, 9.616309704296128, -16.476445606018984, 10.294099261206782, -3.8351376824628005, 0.7305553659749648, -10.420967179255655, 1.9524580111462129, -0.15533185131641858, 4.536727067559562, -3.259795020710868, 1.290299536692686, -0.2546952486562759, 2.1687481354151714, 1.361520416443625, -1.3946545690063772, -0.648744201889258, 0.7076185084619482, -0.3174535425689271, 0.0667748472402252, -0.1872720466934652, -0.8738042810702495, 0.7307020135132802, -0.0741114911449472, -0.07074668035500054, 0.047184387982326825, -0.011419550964404834, -0.03448906105103333, 0.20990392624725018, -0.1671357853924036, 0.04824527613970986, -0.006540173189886644, -0.0017571975957935138, 0.0008270512337560376]]
P3->W1
T_min:200 K    T_max:3000 K    P_min:0.0001 atm    P_max:10 atm
[[1509.5044053526385, -2773.668005234277, 1929.7567427030467, -998.4361988824028, 390.3458415934689, -103.65594525611769, 15.35580443046456, -2903.4750676907815, 5277.275507025214, -3670.7130874819172, 1899.0730560912034, -742.4244624218185, 197.13499260450226, -29.20338838632236, 2499.370768323893, -4535.01907794774, 3154.8365447920023, -1631.6348933901043, 637.7121916592985, -169.28813817381263, 25.07701772087708, -1936.2683202642716, 3511.568630522682, -2442.3150562977794, 1262.5309458110823, -493.26002992746186, 130.88470238158686, -19.386697918731343, 1342.7793450726695, -2435.7479403487364, 1693.9460059619375, -874.9820168690949, 341.6492636670889, -90.59595935336483, 13.416891608758306, -827.6181938683826, 1500.3550553204868, -1043.1954149723774, 538.2857940064468, -210.007218476481, 55.63774162982827, -8.237888432968703, 446.86957729162805, -810.0640132213148, 563.0892797020977, -290.136679653353, 113.06728994923697, -29.916643622334732, 4.427842673053192, -207.51995613777814, 375.82836511978337, -261.1546873999288, 134.29952931984457, -52.257229744141796, 13.80251468765897, -2.0414948475422534, 80.25216720939375, -145.265875206781, 100.8964109991573, -51.74819677107325, 20.09274520336055, -5.294023143691106, 0.7822249949585967, -24.569143075763805, 44.371859738174635, -30.79923599589506, 15.735392090047753, -6.090765413016925, 1.5987915922589764, -0.23579484917001992, 5.3664902451660055, -9.674454366890586, 6.709202803696826, -3.4069157666854153, 1.3122042097674012, -0.3423136590217837, 0.05026221569102063, -0.6536244975632144, 1.16267448970018, -0.8057288638298701, 0.4049121484184752, -0.1546538020763819, 0.03994954435211184, -0.005809843915130841]]
P3->R
T_min:200 K    T_max:3000 K    P_min:0.0001 atm    P_max:10 atm
[[-842.4517597012713, 1473.0578748963917, -1050.1854495975754, 586.5299329796468, -250.44462280389791, 69.4559363167194, -10.830064855537657, 1573.2141844937053, -2806.0437027838348, 1999.7157012847263, -1116.9663500284812, 476.9031035273093, -132.2419601927046, 20.615614904409938, -1349.1367220561065, 2420.9374807780323, -1724.3772232664517, 963.177574476468, -411.19742312269545, 113.98046797066478, -17.757391338092248, 1050.6791382738127, -1885.445817650416, 1342.8901510474273, -749.8627940163904, 320.0891546188378, -88.68076787813504, 13.801276585663686, -735.0156778615328, 1318.8911168313643, -939.3209575503972, 524.3318781731246, -223.75668111084264, 61.948895980816815, -9.626999964254594, 458.0262743932403, -821.8337264030222, 585.1776131757281, -326.51255664197356, 139.28821180233757, -38.523607478214444, 5.9749848796869856, -251.05219160079184, 450.471028280115, -320.6960144319063, 178.823199245443, -76.25245818043084, 21.060844051203276, -3.2577912973821412, 118.87743771417803, -213.26667739410414, 151.78640203638895, -84.57156608198443, 36.04134470311499, -9.937338414456377, 1.5317158710333842, -47.22581479073824, 84.72859569621053, -60.283548286276186, 33.55318357395828, -14.289802954196603, 3.9312482741927965, -0.6031374685967421, 14.999736423314289, -26.900320904352384, 19.134566658616563, -10.63496009810956, 4.525646508256443, -1.2416755475135233, 0.18934607537215697, -3.4657934347392256, 6.216166407558603, -4.419492517342178, 2.451738343231227, -1.0423721582873782, 0.2848848009946323, -0.043070944615010376, 0.45173238501513424, -0.8087348808901424, 0.5754705266478197, -0.3179782787141221, 0.13521286345059025, -0.036775283986571594, 0.005473531121197084]]
W1->P3
T_min:200 K    T_max:3000 K    P_min:0.0001 atm    P_max:10 atm
[[-171.01065986357406, -33.67721392660677, 15.23879097382838, 83.32251490090222, -64.95901460805251, 27.1303864162136, -5.378656258465831, 293.91871826472476, 71.0526978973775, -33.14663763184727, -156.3752607725284, 122.746604927364, -51.40352585064045, 10.204658665973131, -208.82229962841512, -75.55207746464738, 39.50816539853706, 129.02220266563572, -103.49926493683562, 43.68781507116007, -8.70671573980513, 150.48216019710227, 79.23406432765029, -45.185863035480196, -92.63896984207854, 77.41100563033544, -33.152301159053536, 6.653295013884291, -94.1261508102331, -76.38153370008705, 46.85839717962259, 56.58877261566505, -50.809201634462866, 22.279367482196236, -4.521227095627914, 48.17531234712948, 65.7153832644961, -42.26934191785941, -28.188823785909705, 28.78442349744273, -13.09659846408546, 2.702238804612392, -19.02753401797949, -49.505902567673914, 32.91531602489207, 10.184384933366076, -13.634716344467272, 6.5938782727663465, -1.3957001021232074, 4.111805847195242, 32.002939757312376, -21.77947463556093, -1.4678307463159044, 5.08720285257742, -2.747150985929352, 0.6059712650640705, 0.9246669530009015, -17.314821474229745, 11.98304790193598, -1.2260339340519693, -1.2814408443398406, 0.8880153385248342, -0.210844135066651, -1.4414512153108845, 7.48643529438257, -5.247009323666028, 1.174253575994129, 0.08495122931432775, -0.19328504433549654, 0.0538926457109028, 0.7038937531566347, -2.388961824558251, 1.6910965387007266, -0.5326772468775332, 0.08794248771512514, 0.014934672121746928, -0.008102220187133469, -0.1750557584992123, 0.4504778311222246, -0.3227647222720549, 0.12483582815637817, -0.034202271310462606, 0.004368615871314319, 0.00013854481458430712]]
W1->P2
T_min:200 K    T_max:3000 K    P_min:0.0001 atm    P_max:10 atm
[[1646.1865337915433, -3298.39364462668, 2345.0379049724597, -1211.7173431692797, 473.85334806586116, -126.09736137031894, 18.432609029044414, -3162.7564632326475, 6277.2473802355225, -4461.656595042877, 2305.2384556388465, -901.454655414628, 239.87369650604995, -35.06254567239438, 2756.5925250726277, -5398.03480084987, 3837.679350158618, -1982.2669920029398, 774.9741217507849, -206.1731620149247, 30.13167443379666, -2136.6832223775355, 4184.305334050825, -2974.6643279388736, 1535.846477788402, -600.2202814891061, 159.62193915785963, -23.32227321744631, 1482.8338278357528, -2906.984889083721, 2066.9062186101555, -1066.4337718927447, 416.54966997057977, -110.71673259076306, 16.170166147982172, -914.744123169759, 1794.3164358877136, -1275.9584704163897, 657.7290861127872, -256.7139632741266, 68.1834614654299, -9.953046727127116, 494.30380743360524, -971.1447914523144, 690.7375539998093, -355.61205515704023, 138.65467823113568, -36.78957572460877, 5.366773336271763, -229.68290298126607, 451.85220444471213, -321.48081196140856, 165.22144829112835, -64.33156987359462, 17.045709618409887, -2.484251397693697, 88.82840596145161, -175.2206198149313, 124.72073460538024, -63.947613949414745, 24.85215919562347, -6.572933142683723, 0.9567955902107315, -27.15221785693757, 53.695437492761585, -38.24743170877741, 19.54291822863479, -7.574447440122356, 1.9980521731454246, -0.2904136306112832, 5.8975073921783405, -11.731671741268201, 8.366109674188465, -4.25132089547742, 1.6406049144661665, -0.43088385495502735, 0.062471761986557794, -0.6934771700230158, 1.3853675075879437, -0.99128179614479, 0.4977817756985985, -0.19033060514686895, 0.04952623915778531, -0.007133035363494855]]
W1->P1
T_min:200 K    T_max:3000 K    P_min:0.0001 atm    P_max:10 atm
[[-4379.595869231362, 7274.869481660146, -4809.277653478036, 2504.045998755962, -962.4169923270324, 251.6953096156825, -35.965270359029546, 8303.772743494932, -13838.253509225393, 9148.971843290366, -4763.568973239298, 1830.7286256744922, -478.73407477612784, 68.3991792187486, -7106.512997130238, 11904.531275284955, -7867.76432394126, 4095.604727091637, -1573.554177776086, 411.3484795745711, -58.75012085528152, 5511.055039223049, -9230.750423975513, 6097.872363761071, -3172.955871513739, 1218.4322039358867, -318.3396255228772, 45.43860640414766, -3833.19856109975, 6416.300339958466, -4235.5600932613215, 2202.6438525017525, -845.1611894885918, 220.63189001752698, -31.4640442284051, 2369.3303705012177, -3963.924435506412, 2614.122685692341, -1358.3289907478284, 520.6350025560541, -135.75602020012502, 19.33565985883729, -1285.6051705380041, 2148.710290272462, -1415.1610284410945, 734.5414976442107, -281.13845678206326, 73.19434187906427, -10.407365710837439, 600.2809298368351, -1002.2997250172486, 658.9719516622692, -341.55440828179735, 130.4786528509103, -33.90120371674868, 4.809669088224837, -234.14223530343497, 390.3177325621132, -256.01748770888526, 132.44653937042563, -50.468235870939, 13.076980486310731, -1.8497555948633817, 72.4437201126384, -120.56421589204001, 78.82467838415823, -40.674451153779955, 15.445325838140548, -3.987209279331182, 0.5616982055325934, -16.142831798373663, 26.78646241608658, -17.43262747241897, 8.96331866559558, -3.387103598531894, 0.8697933229241244, -0.12183198737250223, 2.001797713270207, -3.31560379918983, 2.1404806566047228, -1.094585754294485, 0.41049695199853886, -0.104559570220772, 0.01452455059006752]]
W1->P6
T_min:200 K    T_max:3000 K    P_min:0.0001 atm    P_max:10 atm
[[-1237396.2655354845, 2208868.080290384, -1562816.9933339928, 857111.0501080652, -348976.1806950946, 95740.43466627967, -14026.707518231124, 2355350.2187171746, -4204604.794535062, 2974856.2307333257, -1631535.34860243, 664289.0247168405, -182246.72063799284, 26700.81345314649, -2028632.0066850851, 3621459.183481258, -2562286.7355716806, 1405279.2305205564, -572174.5404052504, 156977.72208393677, -22999.19939172134, 1576394.696673213, -2814146.7575172377, 1991109.5731623517, -1092036.2556988196, 444643.4855956367, -121992.09890527383, 17873.921885214135, -1099140.3178704479, 1962170.145192615, -1388326.5450859824, 761454.5463056753, -310050.58073002717, 85068.43156782491, -12464.569086314645, 681781.9516885241, -1217115.615809374, 861183.719404842, -472348.65705226455, 192340.30517385097, -52775.06735280831, 7733.344568441797, -371380.9599940408, 662993.523330309, -469121.30841964204, 257318.6390791291, -104786.24443373503, 28753.663118761266, -4213.782765847631, 174237.70933708327, -311054.5206097068, 220104.08588224085, -120736.8211761635, 49170.74895531812, -13493.883737543452, 1977.7508273641579, -68271.66001594823, 121882.3279128017, -86248.9098199578, 47315.13169024163, -19271.437038426986, 5289.344892233261, -775.3821113426238, 21202.586179216392, -37852.777228816645, 26787.98931443435, -14697.226601047441, 5987.096501282911, -1643.567817317322, 241.00125965848565, -4720.360777316149, 8427.45074627758, -5964.63105467381, 3273.05881409999, -1333.6403795942897, 366.2202952916268, -53.72351580532268, 564.2562590758316, -1007.449156759074, 713.1880515075754, -391.5053544350085, 159.6092598621035, -43.86055816314183, 6.441296950215474]]
W1->P5
T_min:200 K    T_max:3000 K    P_min:0.0001 atm    P_max:10 atm
[[-601.8473227032976, 750.0714122486975, -526.4757108997293, 309.13107990106124, -93.28948951063157, 9.23860018222021, 1.7470866348884044, 1110.2555952244682, -1422.624295810024, 1003.3471485048008, -590.0440922197754, 178.21094493640092, -17.706611268243122, -3.3185377683030595, -910.5287411961526, 1215.0282932269204, -857.2164915776917, 505.5967698696576, -152.70649582948562, 15.052743769595693, 2.8893745104980724, 697.4394087625133, -926.8885293938072, 653.8397969010797, -386.6141527038532, 116.29154700827195, -11.07942540555564, -2.3331922140754386, -480.30523491552947, 633.6686569928116, -447.02746151909776, 265.30017246466497, -79.47113555549404, 7.294769069932556, 1.6913171819118986, 291.6589578292708, -381.62730193946527, 269.24296293389716, -160.69616249732087, 47.86381600308387, -4.153373918106013, -1.1023767975000283, -155.18836169830482, 200.47055031663749, -141.46724888086925, 85.07929347057382, -25.1642099934013, 2.0230964433771987, 0.6358021229317501, 70.68084151265543, -90.03982529051851, 63.56322383838662, -38.63966842447226, 11.349615374156372, -0.8311096601449748, -0.3157904806580518, -26.810516359095573, 33.452292383693376, -23.632065883734697, 14.583229915191808, -4.251660184774664, 0.27492532054120034, 0.13140367892333416, 8.044937231770632, -9.832592589907392, 6.949880708253261, -4.380929735172003, 1.274089859209397, -0.07365877894972073, -0.04273469116657225, -1.7291684765882565, 2.03906064520919, -1.4419454647827479, 0.939029986102355, -0.2729183029116484, 0.013588980329132028, 0.010022252286319144, 0.20564752443476664, -0.2372930885936455, 0.16521700241167991, -0.11352195895776163, 0.03357537764287599, -0.001648140785960095, -0.0012767214517452885]]
W1->P4
T_min:200 K    T_max:3000 K    P_min:0.0001 atm    P_max:10 atm
[[2339.2257746724313, -6106.146785266442, 4382.810605495892, -2340.4927472451222, 942.9946144120534, -263.57984066828425, 41.27009785418937, -4480.034416262582, 11621.354893016465, -8340.867806547602, 4454.156066422145, -1794.5482066981072, 501.5807425272707, -78.53714229208072, 3886.0364292859717, -10000.443719681261, 7179.278074402811, -3833.542205585163, 1544.2810224949894, -431.57580349417105, 67.5817836636406, -3012.911467684659, 7760.297208808329, -5572.1214498107765, 2975.0927931330325, -1198.1943521373837, 334.78364958409077, -52.432863475974955, 2095.8713640466603, -5399.679479466843, 3878.6851240311985, -2070.5715647502916, 833.619432596454, -232.8413934135906, 36.47426955180481, -1297.9958487420636, 3339.8296906683504, -2400.27924622477, 1281.0684196861912, -515.5121573498905, 143.92329074172085, -22.55170755529275, 705.4001523733032, -1812.718209292732, 1303.6532075244968, -695.5691883087757, 279.72068396436134, -78.04254367454541, 12.23280982997494, -330.22001680805784, 846.5283261266184, -609.3468975249584, 324.9786017908682, -130.57440201370036, 36.397177925309904, -5.707205620426066, 129.19865165225974, -329.7993785069932, 237.68650067946714, -126.68831933849197, 50.84074227043857, -14.153271471835524, 2.220212475376684, -40.28328266101653, 101.73319311212435, -73.43991361904, 39.10918000262518, -15.667739918308712, 4.3529190991635005, -0.6830784171611413, 9.075653361578588, -22.46942077919266, 16.254765103612954, -8.643259060049786, 3.453904963151217, -0.9563797093451285, 0.15001715605058052, -1.1491170647700528, 2.737672782721347, -1.986871242753864, 1.052969348513443, -0.419078433309096, 0.11538283744721411, -0.018043819128251926]]
P5->P6
T_min:200 K    T_max:3000 K    P_min:0.0001 atm    P_max:10 atm
[[-1295.9241105659833, 2291.8743927831583, -1640.4225989144866, 916.6822587544294, -384.2816062859438, 109.55649558284529, -17.13108551472658, 2435.5907900004595, -4354.337256913034, 3116.620365642532, -1741.6012466437007, 730.0838701569768, -208.1422790392595, 32.54406179535255, -2082.0270860111364, 3730.1458795010317, -2669.8397060116013, 1491.9561443248947, -625.4241673110589, 178.3062098760641, -27.87590962695981, 1604.144940792297, -2873.6158580748456, 2056.8112569611153, -1149.4178748366608, 481.8491626630568, -137.38002765457531, 21.478079355897975, -1104.6858463949172, 1979.1084519641922, -1416.6045314378578, 791.6868801650294, -331.9083555282847, 94.63895254114004, -14.797735121547134, 673.8902745101502, -1207.2792429400056, 864.1803963704864, -482.9923749350469, 202.51064090073524, -57.750574658308096, 9.03130552732955, -359.17368050009213, 643.5056071811355, -460.65367580530756, 257.4862752836375, -107.97511589109286, 30.797360808051508, -4.817401787427343, 163.8946117192438, -293.6523875943039, 210.22925142310896, -117.52650913179752, 49.294384779962, -14.063972231795958, 2.2007810088621227, -61.98638236547936, 111.0725349817398, -79.52805828415433, 44.468826311836324, -18.65744628656205, 5.325282356682692, -0.8338155453284344, 18.408333153452077, -32.99222031789418, 23.6269744368999, -13.215466084659965, 5.547369024189095, -1.5843597507334835, 0.2483145718047126, -3.8578345147398068, 6.91596926275929, -4.954329024220215, 2.7725938372757355, -1.1647522797375132, 0.33301010842842516, -0.05227909950406229, 0.4295352464091593, -0.7708980400852852, 0.5525489443896845, -0.3095182611854739, 0.13021092110614063, -0.03729895524384119, 0.005872693051514943]]
P5->P3
T_min:200 K    T_max:3000 K    P_min:0.0001 atm    P_max:10 atm
[[-248.11017952711217, 429.6583396527079, -312.0138126879604, 179.26808638162197, -75.61950400989198, 25.59723558573934, -4.215773744127034, 449.41992270410043, -815.8675757425248, 592.1945083389079, -340.3901682078044, 143.50686586741134, -48.59206007263224, 8.005163779699956, -385.0408021872336, 699.4740522569034, -507.3929257121477, 291.88867538123253, -122.99280204550924, 41.67119677047641, -6.868028282810744, 297.65436701713793, -540.7421178593725, 392.34175998216244, -225.93741052311321, 95.29016881090072, -32.33311934852689, 5.33261907512254, -205.11474823636723, 372.85534876228064, -270.75902164387537, 156.22365493760208, -66.02856107833273, 22.495384010164656, -3.7193522708404316, 124.69499778513892, -226.75931023198063, 164.81724543002358, -95.37734876345337, 40.41445392221892, -13.857030074258887, 2.302017450640392, -66.60699237059464, 121.25597667467754, -88.22999664846375, 51.23354070698264, -21.778281889819084, 7.517436664201796, -1.2555356669432172, 30.885319116408745, -56.26270866679025, 41.00202151839672, -23.916732760561516, 10.213656809138087, -3.5522703457284237, 0.5974722765303113, -11.942477850194791, 21.792940038231002, -15.914028032021577, 9.342078293371827, -4.015195621653518, 1.4108515600355247, -0.2401222469864024, 3.7550629161032703, -6.861120514201758, 5.021694639839069, -2.9686982223035443, 1.2860136816580336, -0.4557075632693852, 0.07862741218085034, -0.9259304297953577, 1.6942231306002213, -1.2429173744974946, 0.7403694488634756, -0.32418716223179445, 0.11506595272459208, -0.020227110838987983, 0.12549817877109604, -0.2307579998256415, 0.17023064746388172, -0.10312920746229537, 0.04614093300486388, -0.01663876504073869, 0.0030878718433200447]]
P6->P3
T_min:200 K    T_max:3000 K    P_min:0.0001 atm    P_max:10 atm
[[-518.9939852704747, 874.5585807636303, -632.5868255662792, 359.7014089318222, -155.3400515814857, 46.19194653716569, -7.86947019896715, 963.9777968089684, -1660.979201051589, 1201.4143727042238, -683.1417013963633, 295.0142297843805, -87.72319429498326, 14.943648947192827, -826.5251574143053, 1424.0994628312928, -1030.054670945977, 585.6846902365172, -252.91131438729974, 75.19735824607507, -12.80712662062809, 640.1485418835241, -1102.31125041322, 797.2738212583589, -453.2967855902994, 195.7212988716831, -58.183995475744666, 9.90650901380111, -444.8007134942587, 765.655271088067, -553.7465315056531, 314.8056171316423, -135.90174478023178, 40.391200345686286, -6.874178347825307, 274.61335651359457, -472.3024974384445, 341.5576838896733, -194.14966628795992, 83.7956922955826, -24.896813498447273, 4.234788654981571, -148.62480365715322, 255.3904082523186, -184.67356691418655, 104.95452342780914, -45.28566685258676, 13.449382492035511, -2.2860008150370845, 69.19079099275737, -118.72239594552639, 85.83725578424705, -48.7722665306772, 21.03631139412215, -6.2441984520663, 1.0603432317857369, -26.828255849815832, 45.95255546787452, -33.21852932129582, 18.86903413215174, -8.134649775390699, 2.412933895117476, -0.4092647607701565, 8.22540925896783, -14.04749322921964, 10.152608573059638, -5.7647811417562025, 2.483759790754675, -0.736092486799123, 0.12466955612256925, -1.794008588148472, 3.05087898335114, -2.2044014831843697, 1.2510867277391071, -0.5386294078055585, 0.15945163006915664, -0.026959188470328854, 0.20933484397085067, -0.3516793670910374, 0.2540473469151152, -0.14410977062263441, 0.06200014589376224, -0.01833251925006607, 0.0030951505299299242]]
P3->P4
T_min:200 K    T_max:3000 K    P_min:0.0001 atm    P_max:10 atm
[[-1528.197713248734, 2621.676323872824, -1666.742416190385, 842.0690419823925, -325.8607472671667, 82.18521367837297, -11.224139163046544, 2874.1587787939593, -4993.717706343397, 3173.674650635807, -1603.4160248469714, 620.491025839217, -156.49846583372994, 21.37530319569146, -2470.817442482314, 4306.364505163829, -2735.765142737208, 1382.178152402014, -534.9641133101661, 134.94599247441943, -18.4376718027074, 1922.6857543406493, -3350.91408057026, 2128.962313879104, -1075.5850250179083, 416.4453627280206, -105.0805267392833, 14.365292421033473, -1343.2009135252056, 2341.6911929768503, -1487.8102020408264, 751.65075239271, -291.1433766693298, 73.49336843976153, -10.055367297363546, 835.5299503143287, -1456.9392930185863, 925.540713004204, -467.57526244438986, 181.21501139759255, -45.76672628362758, 6.2688222918468455, -456.65360437259335, 796.788667862802, -506.1765654627404, 255.70264922740785, -99.18444571125747, 25.06588844086832, -3.437979083461869, 215.38814107213744, -375.9788190656781, 238.8242121199026, -120.63287184506197, 46.84030872373705, -11.847443747327588, 1.6276750705342238, -84.89533393276383, 148.35772885886632, -94.22271656525328, 47.58491913059299, -18.50411078127263, 4.685404478575265, -0.645184353240893, 26.590104780679667, -46.51793619684781, 29.54227840500107, -14.914721707906665, 5.811542472625092, -1.47340150045693, 0.2034523739857832, -5.975520639246042, 10.477512013115302, -6.645710565502895, 3.3507555992246125, -1.308992068251996, 0.3320939465695574, -0.04597821875557884, 0.719107039587243, -1.2681662465179215, 0.8051369587348063, -0.4050717730467568, 0.15948097568229969, -0.04053167067922914, 0.005620642141366261]]
P4->P3
T_min:200 K    T_max:3000 K    P_min:0.0001 atm    P_max:10 atm
[[-1406.2576046510756, 2356.838351028201, -1495.328345369117, 763.2542419921981, -304.11599363265594, 80.40997433185996, -12.160807073179683, 2606.3126743404105, -4480.268299722766, 2840.6954195192766, -1449.6364946451113, 577.5151159961326, -152.6625061339601, 23.085489463030314, -2203.550406042299, 3839.713368372579, -2431.4557902246215, 1239.8994274848403, -493.8014884414297, 130.44659584170952, -19.720229075783692, 1696.9415860500771, -2955.866356977579, 1869.2347688999746, -951.9748672403472, 378.9536047101425, -99.99775614384112, 15.10937993847024, -1167.4090983808612, 2033.2752546850986, -1283.072224953588, 652.2011834865739, -259.4092233209836, 68.33866808623566, -10.318023782630746, 711.0101277942299, -1237.8837107825248, 778.6489466978381, -394.73173461763236, 156.8286352012919, -41.21626587563969, 6.216880776923745, -377.7496709012289, 657.6049822417283, -411.9270408331756, 208.0453535836823, -82.54090503717566, 21.621442976491608, -3.2566445968634525, 171.65316368377387, -298.6408210164152, 185.98026256089219, -93.44226456943096, 36.99890136890235, -9.647868910790152, 1.4503371178479938, -64.36012909755323, 111.96212990193328, -69.1536180846187, 34.488604765497826, -13.621645260324726, 3.5294303905178595, -0.5293436988463327, 18.82730939508474, -32.73207634379196, 19.97966822659805, -9.85381069525556, 3.8783218649722357, -0.995193533045267, 0.14876623040856884, -3.839219319419499, 6.677108054277596, -3.9936457909598175, 1.9317821755250861, -0.7561578035258663, 0.1906948886637565, -0.028342118566740737, 0.38721902596853397, -0.6768152998806727, 0.3903572440688663, -0.18111376490617204, 0.07081706499923257, -0.017260037135201856, 0.0025369912880250922]]
P3->P6
T_min:200 K    T_max:3000 K    P_min:0.0001 atm    P_max:10 atm
[[-1317.9209694229326, 2246.1269302554897, -1596.7138657912283, 882.5160377324424, -363.7045524643592, 101.44725246176128, -15.276784446507548, 2466.028244657092, -4273.1152000493, 3037.6231651320745, -1678.895840855475, 691.8931993981544, -192.9814768920409, 29.058004053385673, -2108.608643168392, 3677.4301291107136, -2614.145229130194, 1444.8179100537834, -595.4089294118453, 166.06334446960392, -25.001626386837444, 1639.2860351058098, -2858.1022304386115, 2031.7359878458392, -1122.9433405790767, 462.7759900176581, -129.0757154509672, 19.433925870484202, -1144.3017290599005, 1994.9928162469562, -1418.2168358681822, 783.8860486828444, -323.07116494539713, 90.11925264038791, -13.571315015567393, 711.1796798460703, -1239.4424530486885, 881.1379286726226, -487.05844495689917, 200.7569113970941, -56.008240603479635, 8.43676314369884, -388.49567986808256, 676.9055489367947, -481.24743369209295, 266.0378020760879, -109.67180650494129, 30.602970206940427, -4.611660998120215, 183.1450416053434, -318.94079554680707, 226.76869460166745, -125.37534833985626, 51.695543210099686, -14.429350814125797, 2.175635849297578, -72.30059223268859, 125.84670988584588, -89.48690816992757, 49.48368106361136, -20.409122032002415, 5.698846633962717, -0.8599207254274006, 22.756217153499165, -39.57181069981198, 28.142819909755417, -15.565939841114186, 6.422614236213093, -1.7943853843091802, 0.2710599663918174, -5.174774524314671, 8.988849275903704, -6.394011724657048, 3.5377234963655155, -1.460483225574876, 0.40834168925812264, -0.061775424549296076, 0.654925619323194, -1.1331301820496265, 0.8062180552104792, -0.44623839064843196, 0.1843341149714206, -0.05158026401522875, 0.007814832460780963]]
P3->P1
T_min:200 K    T_max:3000 K    P_min:0.0001 atm    P_max:10 atm
[[1548.3815159435671, -2645.0407715525103, 1807.7789282502285, -1029.6495781926453, 434.195430565196, -127.11813338811237, 20.432202061964972, -2985.332841813798, 5043.367508565947, -3447.8873857791837, 1963.562107542639, -828.0007152809382, 242.40177452239118, -38.960610984555046, 2592.5700276092525, -4367.352700874569, 2986.6402867615207, -1700.6664263393557, 717.103982823086, -209.9127157034769, 33.73420303540158, -2033.374953390181, 3425.9338112694704, -2342.7852705336095, 1334.0392557557277, -562.4838559218838, 164.6171029150829, -26.448518860985246, 1436.5617310386385, -2421.179114283691, 1655.7582065636607, -942.763578379107, 397.4922641913089, -116.29409245206693, 18.67772880204484, -906.7629420935104, 1528.9524026988324, -1045.6780109019674, 595.3398937982229, -251.0011797063351, 73.40967045007301, -11.784627731399212, 505.1899457461849, -852.1332048890615, 582.7542309337894, -331.77527118128546, 139.87667264333322, -40.89307787073676, 6.561393537346021, -243.67183515969595, 411.27642842720275, -281.2409668818202, 160.11313534249558, -67.50500882987285, 19.726219000925994, -3.163464280986318, 98.89191693383054, -166.9454583477854, 114.11774758320337, -64.97625198440517, 27.397373746356834, -8.002537571266089, 1.2826484143952257, -32.10282031941733, 54.229783581624815, -37.041612629330075, 21.09725238141391, -8.897880726862468, 2.5979313538912265, -0.41620006666039444, 7.581968125351068, -12.799540067262342, 8.729163050860052, -4.975541718325076, 2.0997706937723706, -0.6130587333991571, 0.09821731803856437, -1.0063469376354988, 1.698126726471628, -1.151119709923023, 0.6579458409141807, -0.27821576389078473, 0.08127116067180395, -0.013037742178767076]]
P3->P2
T_min:200 K    T_max:3000 K    P_min:0.0001 atm    P_max:10 atm
[[-519.1498768256005, 835.5448584938616, -433.60477151852206, 176.61175807489522, -48.80065444621066, 2.1988186403414574, 1.593100267098805, 953.709955628813, -1591.8008776599133, 825.017226918678, -335.95043034306957, 92.76837741491917, -4.140245363443867, -3.0392886571628424, -813.8364517344108, 1371.6072976439618, -709.3896343372775, 288.50561291521154, -79.54389496486081, 3.445220557971396, 2.635309124161232, 631.8317175282011, -1064.4679939710122, 549.7515263173594, -223.04803513026417, 61.36208608078158, -2.5312201775409164, -2.068856926922116, -439.91350733688256, 741.4476515255426, -382.1475680510697, 154.56560211809366, -42.38265925714127, 1.6302014531351006, 1.4618281007617213, 272.7248355975107, -459.6136749636577, 236.1079609917395, -95.09346068148943, 25.958895890841745, -0.8960073438925065, -0.9232871534668163, -148.38189851578392, 250.28594329142135, -128.11434673454988, 51.316869063797185, -13.939771510384787, 0.4141796082130327, 0.514069064835212, 69.82556973677084, -117.80184245171966, 60.06220923199939, -23.91533420827787, 6.467855946495433, -0.16215304521750795, -0.24632214133953312, -27.51934751320664, 46.515025878091166, -23.613681683081964, 9.338074424238684, -2.5180204926858494, 0.05204986376884335, 0.0984498962041016, 8.678938112310675, -14.692498963393007, 7.436658196134431, -2.9217786397782675, 0.7894811894669829, -0.01492886358943224, -0.030915606042412946, -1.996902370769476, 3.3959963847029258, -1.713486103874743, 0.6684597594439765, -0.18206832845291387, 0.0036172821486388784, 0.006944346470788787, 0.2558344507137065, -0.43904390146255423, 0.22203033108212367, -0.08534408836959528, 0.023775752679227935, -0.0005407599596765067, -0.0008778685763104477]]
P1->P2
T_min:200 K    T_max:3000 K    P_min:0.0001 atm    P_max:10 atm
[[1524.0459351361962, -2716.4257166072707, 1969.53710962054, -1102.779164721555, 453.90078410555816, -131.6636880535704, 20.914961469848976, -2927.34529161088, 5173.003644946296, -3751.4597643347784, 2100.34035303731, -864.4832056560645, 250.76439687043245, -39.835060627574165, 2525.601214985138, -4462.613615248001, 3236.9929612133387, -1812.2132862551875, 745.854111043789, -216.35919659958716, 34.37137545125077, -1968.6011806811453, 3478.337189849001, -2522.774281059242, 1412.5135525644894, -581.3080534144437, 168.62984574805716, -26.790874974513358, 1379.0914143116133, -2436.174442244798, 1766.69713693758, -989.2849873074256, 407.1060042408234, -118.09598052114279, 18.763678383987212, -860.8152256943799, 1520.5266209732224, -1102.5863200195886, 617.4787049070437, -254.07881278322986, 73.70802239048908, -11.712103698263036, 473.06510328578236, -835.2768559032627, 605.5590832032753, -339.2058887541589, 139.55843381141176, -40.48920798605968, 6.434878520560687, -224.43322000344654, 396.2091009111403, -287.1821986317009, 160.9086886777194, -66.19214480996106, 19.20608736205253, -3.0533141552887173, 89.30497018392293, -157.54345223931392, 114.15353408012061, -63.986408963348936, 26.31583545864146, -7.637305239228681, 1.2146893916901718, -28.320635961623793, 49.940136015573216, -36.16510261528538, 20.284503105714975, -8.340038316284023, 2.4212076228141086, -0.3853590233043178, 6.495859996616673, -11.436640170516512, 8.277116115540593, -4.647094285777712, 1.909757586510409, -0.554868798318239, 0.08843971052181132, -0.8386211476361041, 1.4742074851114921, -1.0635211509899136, 0.5989123759688937, -0.2460279443040463, 0.0716180465042271, -0.011467445097650852]]
P1->P3
T_min:200 K    T_max:3000 K    P_min:0.0001 atm    P_max:10 atm
[[-271.47994419708414, 622.2719897299371, -532.2922682591004, 279.92576748951177, -116.53191754174348, 30.822599029860505, -4.6148810306989745, 491.7137422715374, -1182.8013759655003, 1011.301193624729, -531.9034792448186, 221.41785872137976, -58.54814719595303, 8.763415692258796, -420.0998343482341, 1012.8579533510056, -866.5805644014498, 455.600510042208, -189.61466889661818, 50.0923252371553, -7.491091403041835, 320.7354148100288, -777.9191877166286, 667.8265960057299, -350.59086199123783, 145.83518867911602, -38.46754355853248, 5.744132671756725, -217.66412285961076, 532.8888077220086, -459.6931127065499, 240.85520560426727, -100.0973867968261, 26.343101296332463, -3.925331535437806, 129.92725271934466, -322.229670559293, 279.8816706859216, -146.23375194555126, 60.692987360193605, -15.916004716989391, 2.3642034750290293, -66.85708445000722, 169.31629762474918, -148.59775871061294, 77.31014508692078, -32.025694928081066, 8.354738293705907, -1.2350003850538656, 29.007802436751575, -75.58216908820992, 67.30713294468649, -34.811934634218474, 14.380191543679643, -3.723429608072749, 0.5463671875052114, -10.06660895597355, 27.578037597178024, -25.12493965427055, 12.877274344479929, -5.296038383433654, 1.355451882064699, -0.19665262560113206, 2.5900521077592202, -7.696990070992911, 7.279213440618378, -3.676712169865027, 1.501138457337106, -0.3769284910645183, 0.0536245291604871, -0.39704163184126173, 1.4398894999571894, -1.4599950974487683, 0.7180463944513917, -0.28895114457375826, 0.06982655107714208, -0.009516409783714153, 0.0147433123376004, -0.1228560770064746, 0.15157336588872283, -0.0696755287377897, 0.02685706129329901, -0.005866446883715071, 0.0006911628142347581]]
P1->P6
T_min:200 K    T_max:3000 K    P_min:0.0001 atm    P_max:10 atm
[[130.4282171196711, -329.2984129110247, 242.3988070530458, -142.0196298222132, 64.34536091281299, -20.41296911938289, 3.844166974615721, -284.31975298984673, 635.9677707721019, -467.96729959580955, 274.0202068872976, -124.03969981888103, 39.30712695490174, -7.390520360810779, 261.6279009997025, -567.7960220183342, 417.4182807896237, -244.0619595178427, 110.227792725768, -34.83226489458613, 6.5223224840753815, -214.75851303675202, 462.7406794780189, -339.766136294043, 198.2619859144101, -89.26749241573135, 28.100450581169014, -5.231772208128602, 160.8543215695572, -342.7271275590951, 251.26290527077865, -146.25526096991976, 65.59934035347038, -20.550630810222458, 3.7982888418251264, -108.9657620921422, 229.63360454456506, -168.04457918631044, 97.52628584099375, -43.54122026134243, 13.560674680953298, -2.4838682028166232, 66.0263712801065, -137.28638095796353, 100.26254679772205, -57.99620334094453, 25.758361753266513, -7.9689785278479235, 1.4445131483394391, -34.97696336071255, 71.81481077208362, -52.33517635672146, 30.1663374525317, -13.323211902918658, 4.092038441933028, -0.7332203248983546, 15.794765892204907, -31.985315272199287, 23.257143883297175, -13.3559994228319, 5.863854104542639, -1.787016894496361, 0.31616952464435144, -5.780249439811769, 11.562396676643857, -8.387874491255246, 4.798511389629766, -2.093718226408484, 0.632819177697229, -0.11043563804780376, 1.5754931285965768, -3.1087871693716806, 2.2498185771093517, -1.2819021477293688, 0.5556589590004961, -0.1664651451134489, 0.028615524074794507, -0.2548406384623263, 0.4984090554331715, -0.3597471979432072, 0.20407049791914744, -0.08781288703953294, 0.02604554034303419, -0.004400233394591169]]
P1->P4
T_min:200 K    T_max:3000 K    P_min:0.0001 atm    P_max:10 atm
[[785.4803368259417, -1371.9510880727398, 1000.0278143570142, -574.1821864180434, 239.12464923833042, -72.74396478033482, 12.220792015317201, -1519.8423631520204, 2608.054117544865, -1901.8594710450284, 1091.8400406431547, -454.6822041049653, 138.32943990946563, -23.240488419589738, 1304.9838641891822, -2238.508840647499, 1633.0692361006884, -937.5272485828012, 390.3510915799881, -118.78669573190855, 19.960674158098172, -1009.2430230943652, 1730.2500935444211, -1261.9349580902951, 724.7413956268582, -301.6785633728082, 91.83681489366995, -15.436305726131309, 699.0927479412312, -1197.1376964278975, 872.8532690443312, -501.5132628468617, 208.69391033595716, -63.56218552664893, 10.68747118735439, -429.64377548508014, 734.8955378814697, -535.6766400927748, 307.960447192364, -128.09589563135353, 39.044396573541235, -6.567942373508089, 231.4575443167895, -395.03288112754717, 287.75935454284775, -165.5882617203681, 68.83667210325007, -21.004524654016336, 3.535835453215327, -106.95695663736745, 182.14630525802576, -132.5837055418478, 76.3861408178953, -31.73068250446886, 9.69621105534847, -1.6339252881361972, 41.18118081129364, -69.83688319247776, 50.76601486716936, -29.30115893775576, 12.159432151661008, -3.7233661696025138, 0.6283098041110406, -12.504927786493226, 21.108655897083167, -15.307791751755985, 8.860084788726681, -3.6718523416108724, 1.127686854684839, -0.1906818993417687, 2.7192453908728567, -4.546561553273932, 3.2847524376919637, -1.9096044391872056, 0.7898739224181099, -0.24376293972488838, 0.04136027799705744, -0.32236479132689055, 0.5305294762022186, -0.37713881206170186, 0.22199912760476082, -0.091675043263308, 0.028579027461773876, -0.004894879638868588]]
P1->P5
T_min:200 K    T_max:3000 K    P_min:0.0001 atm    P_max:10 atm
[[1741.1831980272627, -3164.8502276851214, 2251.8851978620255, -1244.9230348372703, 515.5044502548706, -140.55284946046703, 20.505575527705503, -3336.490608779273, 6020.225564135084, -4283.852878089124, 2368.1208915636544, -980.6648925240565, 267.37494433621, -39.00206945010797, 2868.1985643611843, -5172.179897742562, 3680.6929165741744, -2034.4189562711076, 842.4942508392361, -229.67406279301468, 33.48783511837166, -2217.79153035961, 4000.0915842448294, -2846.4479061955644, 1573.0140452884843, -651.2717377016136, 177.46110586739906, -25.852970217698626, 1536.447343235473, -2771.3059955654226, 1971.7906420885479, -1089.3196886585733, 450.82019485626904, -122.72501560607998, 17.851453286748665, -945.3652080272186, 1705.5974675941611, -1213.3816173040364, 670.0481958854916, -277.1650307071952, 75.35773566859507, -10.936642061752195, 509.39358386150093, -919.1922034351876, 653.8114939098996, -360.8514883777634, 149.16969824153284, -40.494115394994424, 5.859733191288569, -235.4479133318918, 425.03990852346317, -302.24588460592634, 166.6859327792355, -68.83990805839494, 18.644084700411952, -2.6865067827748135, 90.63055923433944, -163.6729898492748, 116.3486361420554, -64.09638488869336, 26.43743065908734, -7.1372135454003, 1.0219491441730497, -27.470044619243254, 49.6515919321339, -35.27808882364434, 19.40588967993881, -7.989779038766301, 2.147261689616471, -0.3046634192184001, 5.882431220854414, -10.643175954405251, 7.555085300247356, -4.1442346816120335, 1.7004192508481992, -0.45299132726222524, 0.06311520183282937, -0.6936952640623986, 1.2591087067712579, -0.8925397670147959, 0.4872923533295648, -0.19871792726314652, 0.052172611137848435, -0.0069807544637114916]]
P4->P6
T_min:200 K    T_max:3000 K    P_min:0.0001 atm    P_max:10 atm
[[63.44324594928893, -280.21616806365824, 208.02776481270072, -123.50548191664993, 56.28496277914264, -17.846346104045644, 3.174746896385482, -195.60886021378164, 534.8651226893422, -397.0840379527542, 235.7459268950993, -107.44272549583977, 34.067798348691966, -6.0624288995867595, 205.79617647698453, -461.6328572171816, 342.7878620730413, -203.56325106612215, 92.81684015617522, -29.44298183932517, 5.244594182861144, -157.84821244843013, 356.09791755683796, -264.5866369566955, 157.27093353825836, -71.79995211790231, 22.807658776120142, -4.06986281097702, 107.61725657741111, -244.05960903449318, 181.54241104861467, -108.09293313207944, 49.45836843110598, -15.7494759410026, 2.818333581485305, -64.31511235869849, 147.5888457014138, -109.9655616074686, 65.6402456871009, -30.133048968435013, 9.630350503780846, -1.730546016949404, 33.18948647103855, -77.33333323016697, 57.76476726508599, -34.61260626088571, 15.968006981562212, -5.130942836371958, 0.9276914485073746, -14.199764928955304, 34.05674061476411, -25.543000197471628, 15.399741500885597, -7.160377141686922, 2.32045370880153, -0.4235222660583986, 4.75568122418926, -11.995652199282972, 9.061684691670294, -5.5218971355499065, 2.602002596986729, -0.8552778517712056, 0.15852018047991123, -1.0658845193769366, 3.047287388403902, -2.3369912232683987, 1.4556537147605866, -0.70424670065632, 0.23782019542474586, -0.0453223689418536, 0.08119342800068807, -0.4156187382796759, 0.33486080447801214, -0.22289551179665068, 0.11596062533405416, -0.041899198910016366, 0.008507434832900174, 0.030855735339144985, -0.016040309946674824, 0.0062978430080562475, 0.001414553623181547, -0.0037144184223905086, 0.0022778463414852013, -0.0006309859171835797]]
R->P2
T_min:200 K    T_max:3000 K    P_min:0.0001 atm    P_max:10 atm
[[996.1699625235505, -1816.7512414428604, 1321.777748514906, -746.9477703410844, 321.30018305546906, -96.8981606819764, 15.48082857246203, -1917.5190416169085, 3453.3105126751025, -2513.2301769155633, 1420.1212571438596, -610.9151211361814, 184.2680527022083, -29.441354156113846, 1645.608903358023, -2962.4308472938847, 2156.99828296295, -1218.7903245240925, 524.3842350237704, -158.2368539740349, 25.28735892517564, -1270.3031251318162, 2287.063788929526, -1665.5900941722803, 941.3128780913565, -405.08183963302145, 122.31886849972386, -19.554117828950538, 877.1913470356977, -1579.3508383361552, 1150.4634492259402, -650.344153390082, 279.9735512103662, -84.6219052808757, 13.533894242218025, -536.7302572355063, 966.5094309825644, -704.3856097523883, 398.2922758247223, -171.55841997210473, 51.92702426751953, -8.309863837433625, 287.06670013803273, -516.9595406768735, 376.9810833931025, -213.26331748226085, 91.92589088971533, -27.879551830172886, 4.465650500168522, -131.32812062817533, 236.57136499549972, -172.66126756766647, 97.73845569166929, -42.17409251053789, 12.826343934092165, -2.057204342445857, 49.70359199523557, -89.55015831305292, 65.44188971401297, -37.07880153544352, 16.02319649400141, -4.893177619203129, 0.7863742709096186, -14.692964199946346, 26.489931305077107, -19.3935800226825, 11.00429694820241, -4.765724015301203, 1.4642796189384626, -0.23603394393603594, 3.0416475150536826, -5.4867737487145405, 4.030040519449358, -2.2919526444875373, 0.9961695076660817, -0.30926558325063525, 0.05009149820853054, -0.32848098809017756, 0.5944434900907254, -0.43919890871802636, 0.2512514940536903, -0.10984064774754643, 0.03486181887615203, -0.005726049259692445]]
R->P3
T_min:200 K    T_max:3000 K    P_min:0.0001 atm    P_max:10 atm
[[340.5285591745591, -627.4577436025943, 444.9906514066979, -241.7201498052543, 92.33067090256588, -26.814215197247655, 3.9358363596986123, -670.311643094561, 1192.659004573864, -846.566674754704, 459.68052677630925, -175.56813280715176, 50.995322797223295, -7.4856366086216894, 575.8489835222501, -1023.9962265290872, 727.6017719454736, -394.9314237066719, 150.7523178613902, -43.802375362128174, 6.4306077709803375, -445.8661692960834, 792.7430110203065, -563.1750032711614, 305.713525224754, -116.57026540586571, 33.87982099747501, -4.974463424501742, 309.3263825440799, -549.9469156844852, 390.55426105620325, -211.98814860709464, 80.72413895178954, -23.46783427099166, 3.4455414098408426, -190.63780067773752, 338.9098583314741, -240.6659280089643, 130.59986790908306, -49.64113352303272, 14.439935097023124, -2.1199009963795845, 103.12057655798031, -183.26247969214245, 130.08613257366824, -70.59129440813126, 26.765942523321428, -7.792321046803352, 1.1443414642977814, -47.95886943286391, 85.23841262708575, -60.4803749866246, 32.81522051143301, -12.403726486671587, 3.615090466911525, -0.5313065198274671, 18.593328334661976, -33.02666435328888, 23.42049549383526, -12.707077657139536, 4.781443150273333, -1.395952717998, 0.2054653949344356, -5.70285774429999, 10.134092890978252, -7.178191726425894, 3.895648477109148, -1.4568089549860872, 0.4262958249814801, -0.06291159038116234, 1.2511580563734697, -2.2210727035081845, 1.5716605621831832, -0.853538249614644, 0.3162521276126995, -0.09305068540106731, 0.013830134845022712, -0.1431776045241122, 0.2553278327502255, -0.17962528848198644, 0.0981671671538038, -0.03554376769309897, 0.01061165540500042, -0.001627102431655203]]
R->P1
T_min:200 K    T_max:3000 K    P_min:0.0001 atm    P_max:10 atm
[[-401.2753539170568, 679.5032354522853, -492.05716023701103, 266.699232453768, -114.26458223690851, 30.286464816944218, -4.252444244014313, 739.1723221355248, -1288.0528994417966, 932.1111263975293, -505.3270593592748, 216.52059184009394, -57.36256085766033, 8.047302692402035, -627.9729586939086, 1094.207735223097, -791.3373721776849, 428.95744174479296, -183.8979370675151, 48.65525609250116, -6.808451871306978, 476.08941031008123, -829.0923584514206, 599.9568165303981, -324.8759514019399, 139.42810604389783, -36.814719685579405, 5.129162711784577, -320.1452417197334, 556.6295365381395, -403.1509921613716, 217.99699437158017, -93.69133365041563, 24.66331024647161, -3.413820716634632, 188.64420326983463, -327.3179244850256, 237.3082242344779, -128.066685484927, 55.15986855439233, -14.451813214753315, 1.9809024569137819, -95.67877370658113, 165.50202812414048, -120.21288150795658, 64.66666935302476, -27.9461396280237, 7.270486330511744, -0.9815448512930516, 40.66285643411203, -69.9726986029166, 50.96196479468074, -27.282928953706772, 11.850201292269674, -3.0496690810118565, 0.40178189481366644, -13.823296675267159, 23.599960300394997, -17.26954604494057, 9.170328321355498, -4.018077103238397, 1.015646702060593, -0.12817264586749388, 3.4485302767618577, -5.7848594425675515, 4.274506690842031, -2.2336943690067983, 0.995586912993133, -0.24311945522862288, 0.027967401761543442, -0.5172886838480508, 0.8323066021177397, -0.6306036048090959, 0.3155521535044272, -0.14721178760285625, 0.03262972262530184, -0.0026542026226366033, 0.02411596819541728, -0.027374680225534576, 0.02586460200622298, -0.009057019658889942, 0.006075055758060444, -0.0005610952908909894, -0.00027270990779015847]]
R->P6
T_min:200 K    T_max:3000 K    P_min:0.0001 atm    P_max:10 atm
[[-972.5656284570712, 1696.1792923961302, -1216.0690501098761, 681.8486789625099, -287.3358123542663, 82.64244398692895, -13.098622197614475, 1822.0886570061755, -3229.3423920368336, 2315.2147180280363, -1298.096621047996, 546.9939112925033, -157.312014476513, 24.928704337318322, -1566.3353951048125, 2786.3299156363237, -1997.4999280878237, 1119.8677722997238, -471.82221905758314, 135.66669787135748, -21.489196635469185, 1223.3086305283118, -2175.842257822785, 1559.7363611006165, -874.3418446004471, 368.3071123722416, -105.87448625396672, 16.761766400853475, -859.7891537178534, 1529.3836216920818, -1096.2262531743784, 614.4170070194336, -258.75226485539594, 74.35583438738081, -11.764541899446499, 539.2027098396329, -959.038724298522, 687.3307899184086, -385.15758755088746, 162.14863311702953, -46.573733181018724, 7.3626530368592285, -297.9987181791223, 530.0292069409437, -379.80473556919367, 212.77342439278505, -89.53764625416886, 25.702387392631636, -4.058822096656854, 142.5131538750186, -253.46128966589913, 181.58767126449584, -101.69490752478424, 42.7716183479547, -12.268729733793947, 1.9348581426493183, -57.26699402148324, 101.84570414479464, -72.94759993483962, 40.8361712550585, -17.163814831975458, 4.918755349351613, -0.7744388300620813, 18.400188900057856, -32.720930748451565, 23.429569255382262, -13.109292557819344, 5.505506708393966, -1.5759595991082733, 0.2476316205219291, -4.300955295159383, 7.647591065925326, -5.47392735125004, 3.0608035532357007, -1.2841283277828666, 0.3670518031158281, -0.05752872709774692, 0.5668795978256185, -1.007565179722178, 0.7208253153912665, -0.40271534618361216, 0.16872502470948803, -0.04813500741920507, 0.0075184282095506205]]
P4->P5
T_min:200 K    T_max:3000 K    P_min:0.0001 atm    P_max:10 atm
[[767.7164314154031, -1499.9419796338334, 1065.3069266530729, -589.8898899223643, 245.57063393357578, -66.81042559476853, 10.516922001324815, -1524.0061091226469, 2845.908269245673, -2021.5156029446107, 1119.2355033352849, -466.0060117984533, 126.77249468483731, -19.956285744401782, 1331.3021605403203, -2425.2991224803677, 1723.0086046841182, -953.7235542741644, 397.15539921890166, -108.00169186072687, 17.004612927715257, -1014.0777713306475, 1848.8390637978644, -1313.3135308197866, 726.7041019529117, -302.5491553207535, 82.18167948099386, -12.943970469074408, 687.4768189737464, -1253.9434980316619, 890.4494172586334, -492.42940406454557, 204.8960478997065, -55.52942572479253, 8.746811047838207, -410.6021774326696, 749.773653113803, -532.2426923362679, 294.0780240749341, -122.27763911880939, 33.030876662641276, -5.200898656866002, 212.40135578305888, -388.3183271368784, 275.5231942623702, -152.0574580340067, 63.16754049240774, -16.988691987192965, 2.6743391083354027, -92.586036919418, 169.64869460430594, -120.2739026000406, 66.25634792303276, -27.48230385584918, 7.3394568221819725, -1.1549248885919496, 32.791755771819794, -60.26397798452655, 42.67223135836127, -23.436427227789352, 9.696755631121562, -2.559864198960554, 0.4019582119910865, -8.7474856719939, 16.169790463292316, -11.425439022753494, 6.243178010592601, -2.5719925909615995, 0.6654074613143166, -0.10409496082456826, 1.4523936388259244, -2.7192213328177104, 1.9105779808901389, -1.029736755354179, 0.41903953244553804, -0.10238317752509829, 0.015779556337776057, -0.08236426218104498, 0.16418974510952467, -0.11214909164050368, 0.055998063590237734, -0.02098210676228973, 0.003264105798507444, -0.00033727538698258286]]
R->P4
T_min:200 K    T_max:3000 K    P_min:0.0001 atm    P_max:10 atm
[[780.9997712451913, -1435.0033573078845, 1039.9139976185695, -577.7571836976654, 241.09665196058285, -71.31433708986646, 10.576413381984935, -1514.790790272555, 2736.1648787267886, -1983.5396074827188, 1101.8768630047177, -459.832267327455, 136.01953854847588, -20.176422622721915, 1312.641957349023, -2369.904244515768, 1718.777272168919, -954.7239831583809, 398.43443822627984, -117.86706026002406, 17.4934453565444, -1030.4544404293267, 1860.4666959026717, -1349.2230015434993, 749.5846595938642, -312.81967359821385, 92.54200372387857, -13.74722149461617, 729.3912054474557, -1316.7315381140838, 954.7591453152825, -530.5266951864971, 221.41727460462823, -65.50027478196421, 9.741899281132476, -461.7245266061477, 833.500667447765, -604.3535642656741, 335.8748074987609, -140.19167554621103, 41.47338917367051, -6.178045044686996, 258.43556153060047, -466.41357504950463, 338.139836905513, -187.98335233813737, 78.4687548071712, -23.21539410363164, 3.465546722150407, -125.5499216283041, 226.57960177664773, -164.2416009485192, 91.3391033501473, -38.13221531082388, 11.282697222480266, -1.6887620535289898, 51.48387988165291, -92.88220998654288, 67.31892743994962, -37.454415218780355, 15.637857348561454, -4.628012688758247, 0.6950369037551809, -16.978412812398574, 30.6306376678657, -22.19409087537929, 12.355745732350897, -5.1589571267225125, 1.5271725071939954, -0.2303015675437905, 4.108592790923012, -7.408905583856836, 5.367764506638878, -2.9903674334982497, 1.2486234108886265, -0.36991918777630417, 0.05608497128025647, -0.5703796825666814, 1.029249550038685, -0.7451965903377129, 0.41593315778811757, -0.17351659269104402, 0.05151320549043703, -0.007892999424029767]]
R->P5
T_min:200 K    T_max:3000 K    P_min:0.0001 atm    P_max:10 atm
[[1734.9064325244185, -3119.0617882570305, 2219.2258960690465, -1230.292996437262, 510.6162558655419, -142.18989339691274, 21.73838675841054, -3319.0824061780186, 5925.4347023732935, -4216.239601062581, 2337.2610549425444, -970.09808678997, 270.13431477371074, -41.296818922532, 2843.0687530821565, -5071.5802408352665, 3608.986465558747, -2000.4328213594026, 830.3399334934311, -231.20402985805325, 35.34274831116255, -2184.440090631937, 3896.6798279686464, -2772.8554325319624, 1536.835706277965, -637.8636920657827, 177.5765731914929, -27.144205844774874, 1498.1305622089233, -2672.116467796025, 1901.2878168785028, -1053.607099738336, 437.2183560810097, -121.65870466938532, 18.59334173778916, -909.0261857966912, 1621.1918887912957, -1153.416208977137, 639.0073391725928, -265.1081976695835, 73.714125961651, -11.260544020676434, 481.07222033740663, -857.8087275786935, 610.2246047668307, -337.9681682709579, 140.17390534184824, -38.94169334763819, 5.945484398519284, -217.1552887617977, 387.11959180037843, -275.33505125714265, 152.42333299732093, -63.190705359842696, 17.532046028906734, -2.674803538726337, 80.94878340542186, -144.25398761587218, 102.57166700107575, -56.74346475606774, 23.508633713222594, -6.509399560343354, 0.9916744836391445, -23.562533513118524, 41.965849076349286, -29.828418973471116, 16.485521966320903, -6.823557170701974, 1.8841712320506758, -0.28647219504819077, 4.769906351880309, -8.487384701820929, 6.028298259113399, -3.325468865844414, 1.3739208443894313, -0.3773201071571748, 0.05712870751034416, -0.5123871237560707, 0.9095131247461268, -0.6449726203402975, 0.35425758843308586, -0.14564901215771897, 0.039498872407421004, -0.005879803193693078]]
P2->P3
T_min:200 K    T_max:3000 K    P_min:0.0001 atm    P_max:10 atm
[[-1816.3561221142236, 3168.3980439657585, -2113.6875594718604, 1125.369861680177, -453.6822807699844, 120.63051714010635, -17.907277079462347, 3426.9535915960064, -6034.688074646271, 4024.650694574977, -2142.757210238744, 863.7823013243946, -229.65410096591404, 34.08787691040902, -2949.41864549102, 5204.143207686959, -3469.306766772196, 1846.8637986237375, -744.4360739767983, 197.88050027643027, -29.362709942638958, 2295.5628351266855, -4050.162060851535, 2699.6245783897666, -1436.7619500232922, 579.0740403322475, -153.87523069679514, 22.82120402260699, -1604.1007652737185, 2830.5816899223923, -1886.2371949974463, 1003.5133659409435, -404.3700933840033, 107.40001036268018, -15.916721597701098, 998.158566223864, -1761.3432220444363, 1173.1287241141092, -623.8185740217073, 251.29614309721057, -66.69609426371107, 9.874631996060543, -545.7752023053737, 963.3281421944215, -641.2643686904473, 340.76170874090667, -137.2233067664322, 36.385160273260226, -5.379617986134235, 257.49661158325927, -454.51401543160176, 302.31345756154747, -160.49683262873032, 64.59876170949792, -17.106639672574886, 2.52462409776399, -101.62745574146993, 179.46412298198004, -119.23267682499898, 63.21858098060363, -25.429437665310047, 6.722476483399305, -0.9898135959429055, 31.90690808664158, -56.35834257105125, 37.39090286729356, -19.7894659486833, 7.954131255820585, -2.0978038038390423, 0.30793065713464784, -7.222940259725874, 12.76895653188626, -8.448332193290753, 4.457760059524389, -1.7893520374775562, 0.4700203593711194, -0.0686579227796642, 0.905408044028718, -1.6037826432393558, 1.0582926609315564, -0.5552706559659555, 0.22269044979088903, -0.05810471024187791, 0.008403805363286665]]
P2->P5
T_min:200 K    T_max:3000 K    P_min:0.0001 atm    P_max:10 atm
[[-360.4544782068247, 588.6796375962936, -429.24771713857194, 245.05053885507684, -104.95031906436799, 33.04417681644725, -5.369693225089165, 649.4873072380753, -1113.972777225229, 812.071629559957, -463.7720718188458, 198.5797751210475, -62.55233950724022, 10.166181981506242, -542.4575470667598, 943.7944141261811, -687.8534335096347, 393.1401508407323, -168.316197542387, 53.08625765471718, -8.62855991711249, 411.2451451008911, -714.2968363330416, 520.8387427422813, -297.9758847549702, 127.67158850705954, -40.36788727299867, 6.56030342908937, -275.6092126877981, 478.2266677095437, -349.0924346655028, 200.06087763263673, -85.86497515501485, 27.283044081804064, -4.435979215252075, 161.1678174333956, -278.858482293503, 203.87015159470212, -117.16783389496379, 50.41028612076342, -16.144256686242045, 2.6296971258971666, -80.79598431039614, 139.34707615186502, -102.10397130877448, 58.91716829319381, -25.435534430640473, 8.2361771691576, -1.344440819104534, 33.94080523886984, -58.189523055004116, 42.790446149346806, -24.847016030363022, 10.78519345099977, -3.5507019244079245, 0.5811994973881838, -11.225369254964448, 19.06976861185153, -14.113386691220626, 8.290576815831315, -3.633887620116809, 1.23132194624705, -0.20297805220627652, 2.6144990341911125, -4.3434046015028684, 3.2603335374126914, -1.962452315725102, 0.8774826010558172, -0.3144263113496777, 0.0524932954689632, -0.3399590202343461, 0.5301582663446993, -0.4165063393587616, 0.27031629219743536, -0.12791808869468468, 0.05240046339474702, -0.009011326587511803, -0.01924845454715296, 0.04540441469373491, -0.026855725819615373, 0.008448417705857025, -0.0008724515673748101, -0.0022418733232143495, 0.0005497952028008513]]
P2->P4
T_min:200 K    T_max:3000 K    P_min:0.0001 atm    P_max:10 atm
[[2389.658432609706, -4398.656173508488, 3251.7208157838554, -1827.303519340615, 775.263372785307, -226.6703548628796, 35.54506721704604, -4581.480894834858, 8368.876255511119, -6188.11901442806, 3477.442869727167, -1475.4169196777539, 431.400773295354, -67.65047040916113, 3947.5985049881783, -7200.200159374448, 5325.982855703331, -2993.146760764333, 1270.0160867792763, -371.39075981138416, 58.24155967172072, -3062.4055127625716, 5586.877673591486, -4133.675738077264, 2323.402839838334, -985.9047607716591, 288.36356655054044, -45.22321217694605, 2130.6512889810697, -3887.258085526123, 2877.2518161752296, -1617.515949666188, 686.4661177706222, -200.8383998445545, 31.49873896822544, -1317.650922351766, 2404.646314426002, -1781.0036254193958, 1001.4942289744567, -425.1120941785487, 124.42535803541159, -19.515657722493643, 715.498344925524, -1305.9226951398857, 967.9825990548279, -544.5145149262112, 231.1862762936753, -67.70244325404883, 10.620065937217987, -334.35787852113504, 610.5322043965498, -453.0285303045739, 254.96625899112553, -108.28728176369964, 31.734792613058858, -4.9789366150198475, 130.52133461472613, -238.4052230358118, 177.1723550091349, -99.78376219520715, 42.39735903267615, -12.43733864958699, 1.951737406436223, -40.45064110916792, 73.93475325903091, -55.05310927661458, 31.03666697755216, -13.194064725597741, 3.8755959076693216, -0.6083363619961801, 9.010803955821757, -16.481990039958873, 12.314896411593054, -6.954199340958894, 2.958996892852383, -0.8710632332927162, 0.1367897465848955, -1.120873802904498, 2.0526133170972116, -1.5421111560424379, 0.8741531797136304, -0.3723706414057233, 0.11006262063665417, -0.01731940428589951]]
P2->P6
T_min:200 K    T_max:3000 K    P_min:0.0001 atm    P_max:10 atm
[[-845.0094157404191, 1410.8366418046899, -1001.7690820166523, 552.5561265281115, -226.42992557995964, 62.52765763806278, -9.116462482918507, 1567.9152812824514, -2682.960942271337, 1905.0272602702325, -1050.769907676297, 430.579428626842, -118.8998037708595, 17.332894896413535, -1336.3686478655757, 2306.784988801693, -1637.9249228114122, 903.457066318434, -370.2140030371793, 102.23316046773, -14.901584993127969, 1038.021417433447, -1790.8633710942477, 1271.6536473001688, -701.4855212504527, 287.4886038829187, -79.4054681793894, 11.578240049724407, -723.7049874290099, 1248.5259542011313, -886.6261592185672, 489.16522326131087, -200.52351804765613, 55.40671430695602, -8.085003639987178, 449.2610297445631, -774.6159664071394, 550.1448061734594, -303.58344384515294, 124.4883222692012, -34.41486759247641, 5.0267327000673845, -245.12769988144697, 422.50457947279364, -300.112642014415, 165.65205197575528, -67.95657999898435, 18.799047393929413, -2.749363871389619, 115.520824763528, -198.9614131321672, 141.3522819835954, -78.04773881452104, 32.03583015213985, -8.86983011235509, 1.2994256751969715, -45.66048916531042, 78.59236212538494, -55.84908216346719, 30.850009040165617, -12.671685365330802, 3.5122566668059108, -0.5156585006011483, 14.44512581613526, -24.8346604486336, 17.653195066129342, -9.756444081015616, 4.011055395035896, -1.1132996417060212, 0.1639140780845878, -3.3292877191081516, 5.7183902038426595, -4.066304241839362, 2.248813768144828, -0.9255706437219828, 0.25734935054958896, -0.038029392939108675, 0.43788817488371024, -0.7492034013354782, 0.5329416675399727, -0.29492096821286395, 0.12151727278984481, -0.03384569237800861, 0.005019985966896456]]
