==============================
colrel_FactorOne
W1->R
T_min:200 K    T_max:3000 K    P_min:0.0001 atm    P_max:10 atm
[[-31.11662886215438, 3.4249570239931906, -0.5345151299175285, 0.08517767543773001, 30.805551637268277, -2.623648839488089, 0.39141438859656563, -0.12505491536946386, 11.154542042721834, 2.81196048733115, -0.057258531545679114, 0.03297898697716714, -8.766400553298203, -1.938154345215137, 0.19502545859634485, -0.029532746343198024, 4.687607425919332, 1.2068326725655776, -0.11821693404383561, 0.03527591463699549, -2.5926221932023465, -0.5624670698116264, 0.047421483728992436, -0.010953664213864279, 0.855523019715652, 0.2005823259341891, -0.016500595024627127, 0.0034897225075177746, -0.2666066800236497, -0.05636929275191153, 0.007286629228475557, -0.0019090226786658406]]
W1->P3
T_min:200 K    T_max:3000 K    P_min:0.0001 atm    P_max:10 atm
[[-29.59682606557519, 2.330935872922428, -1.0896689997201996, 0.36694565439523535, 28.365254693632007, -3.399920379218949, 2.229785968572172, -0.7413584325200528, 11.291264330483937, 3.402898536893562, -1.6580832120871247, 0.5723732503509675, -8.739985377322299, -2.1282662193314796, 1.2890133591553115, -0.42190402346369565, 4.661344903874859, 1.390272942314003, -0.7397472847747991, 0.2615540410805994, -2.5884495480515812, -0.6439514745690779, 0.3635145933751489, -0.12396595301856904, 0.8250073001862073, 0.26766555948292386, -0.15190306359109815, 0.05287790389010067, -0.2668384110316674, -0.06584089585027138, 0.03631639810447235, -0.014794561776332947]]
W1->P2
T_min:200 K    T_max:3000 K    P_min:0.0001 atm    P_max:10 atm
[[-30.607320000682883, 0.09529773811669884, 0.6185872013951319, -0.14996944955442848, 27.698060681267027, 1.5549739352653302, -1.0745164969852439, 0.22585720874837564, 12.68078341266959, -0.37115325941883, 1.0279867526170823, -0.2221807148237577, -9.839942398906485, 0.5412707925547235, -0.5993313296464626, 0.14545268476598014, 5.299038709570806, -0.1896128900529732, 0.35449998213176886, -0.06879402752400239, -2.9041891430914837, 0.1434409142620539, -0.18806710204319696, 0.04177728549562145, 0.9498364519322651, -0.02815354401758161, 0.0536898997554994, -0.011958544280449191, -0.28950806397093776, -0.0012195654070659195, -0.008336513372896981, 0.00020632261963083915]]
W1->P1
T_min:200 K    T_max:3000 K    P_min:0.0001 atm    P_max:10 atm
[[-27.660499799276604, -1.7044062219727678, 1.043821156961062, -0.1366243858260296, 23.498617381762486, 6.624844242293674, -2.736055931707334, 0.3697161762322943, 16.881302249769075, -4.894350437811498, 2.4305194962595684, -0.3478812975450716, -12.893080402669174, 3.457420449726029, -1.5537655580409662, 0.2340244060498709, 7.101010429287522, -1.9635057917821526, 0.9238470423648477, -0.12170941758361893, -3.7784600677621087, 0.9925766621708236, -0.4551024510327796, 0.06629971308204269, 1.2722742994405662, -0.3428904571999931, 0.1589698233703624, -0.021474409538111455, -0.3742592182338027, 0.08261730649364904, -0.03696064203384074, 0.004415143098051818]]
W1->P7
T_min:200 K    T_max:3000 K    P_min:0.0001 atm    P_max:10 atm
[[-84.5467632837548, -0.924877176747497, 0.4323814839599594, 0.21844624221639236, 86.89156602655363, 4.464300355628311, -1.0497092328558235, -0.42922623654387293, -11.351227068068955, -2.185150861951575, 0.8014760793151453, 0.3390213464662948, 8.928689882329374, 1.589793465474468, -0.40939694235112806, -0.24427860579741362, -5.229451936187363, -0.9365321438446756, 0.27259028495838006, 0.15616248754750847, 2.6076087762852556, 0.3747289440502622, -0.11048211130172561, -0.07266352000380799, -0.9467276716312896, -0.02363965191491341, 0.0034722055391518264, 0.029956177895580544, 0.26767267746500734, -0.03217632812545234, 0.009592677518886428, -0.007932539743638127]]
W1->P6
T_min:200 K    T_max:3000 K    P_min:0.0001 atm    P_max:10 atm
[[-24.88744401047771, -53.805291450261585, 43.64258307521072, -10.045421897317729, 3.831224118909658, 103.4854788427565, -77.48520825367804, 17.46680209294592, 39.210410177457035, -82.69178097370695, 60.10435429261633, -12.983266673922827, -28.114153925566452, 57.9862675251194, -42.410178038473596, 9.168414156126973, 16.040380254772582, -33.82972620006146, 24.780124301510114, -5.355298367476055, -7.749906581161819, 16.059193520232608, -11.928610548523558, 2.58599147562569, 2.7043549533256153, -5.720516330257103, 4.249932089992766, -0.9198023921351987, -0.6939371327262503, 1.4071245956653948, -1.0727114576140124, 0.23783610430341456]]
W1->P5
T_min:200 K    T_max:3000 K    P_min:0.0001 atm    P_max:10 atm
[[-41.35509501733275, 9.30469249486233, -0.4072790648431897, -0.40043745140925713, 42.18676668882572, -9.286911596895273, -0.765550348198307, 0.832139458778746, 5.563794825413733, 4.815278718469083, 2.3532612698759063, -0.9805399118538866, -4.567045144100127, -3.6803996214512873, -1.4869302001255467, 0.7187644748637337, 2.2686948493856027, 2.2056358113395476, 0.8451584999801338, -0.3986910805134181, -1.3493991296504535, -1.103887293325022, -0.41573658088549403, 0.2004122564774269, 0.4095445730840638, 0.4063195617589064, 0.14099801221401692, -0.06972637484703816, -0.1437395687636068, -0.1142858709226317, -0.034275295426957786, 0.018265064634155365]]
W1->P4
T_min:200 K    T_max:3000 K    P_min:0.0001 atm    P_max:10 atm
[[-26.774920371534204, 3.1414570459465248, -0.7561301167416977, -0.03001091745417098, 20.672097113004426, -4.763192280971785, 1.6517147328258257, -0.013937628501291014, 16.7271502391073, 4.657087939748846, -1.1996770274660233, -0.016089316057069782, -12.195235790175758, -2.8954231982660237, 0.9717942618430768, -0.014743191254783043, 6.743289486262798, 1.864361940491187, -0.5845848611423663, 0.031916677241213054, -3.5805998452804033, -0.872196056815564, 0.2954180838270983, -0.016696125828254266, 1.1002052432442382, 0.3412229672500444, -0.13882035267416915, 0.01774739165224113, -0.2887357318021317, -0.07175351081479245, 0.03544785186222242, -0.008939103071851718]]
P5->P6
T_min:200 K    T_max:3000 K    P_min:0.0001 atm    P_max:10 atm
[[-16.094855676923025, -0.31515668027281174, 0.1451749087047522, -0.06755510241221664, 4.170254554229507, 0.3918730492980847, -0.1782548424347002, 0.08456486300769256, 0.6766156944282934, -0.09107547630321172, 0.03681550648981026, -0.020896504222313657, -0.2630523009247418, 0.05524234309568459, -0.020988055669645393, 0.013128245527055663, 0.26017685038364746, -0.05810651236639673, 0.024471551802163063, -0.013140896580012013, -0.09167117241147048, 0.022302247337428915, -0.009188388089144742, 0.005098423627197118, 0.042544119620457746, -0.00932791220063387, 0.003838797124043413, -0.002142067332438328, -0.009788490875803406, 0.004048944461908653, -0.0017819609053506364, 0.0008979740528588487]]
P5->P7
T_min:200 K    T_max:3000 K    P_min:0.0001 atm    P_max:10 atm
[[-36.00978826075806, 0.004594924103845877, -0.0023100346723416198, 0.000712474601037312, 22.157666146846328, -0.008893777178000814, 0.004453128541211235, -0.0014016685305746346, -0.2951240432698001, 0.007270401051190575, -0.0036271218048419085, 0.001158726243228773, 0.09020959481366787, -0.0048120254406973945, 0.0023997985148479597, -0.0007631666906821016, -0.07062341415601672, 0.0026926509149826252, -0.0013374464100451755, 0.00042913474794564337, 0.042688280481294395, -0.001175693538723338, 0.0005809434858883142, -0.00018816220987983163, -0.011273742279552511, 0.00034031315489221794, -0.00016608104156517852, 5.486242447011222e-05, 0.0058176854823023235, -5.819775805870641e-05, 2.7498706424097916e-05, -9.794732247848194e-06]]
P6->P7
T_min:200 K    T_max:3000 K    P_min:0.0001 atm    P_max:10 atm
[[-32.133094771867896, -0.010415259675161437, 0.005617038600629796, -0.001822200947861552, 18.765431581610745, 0.018432315146296504, -0.010017775867058085, 0.0031855665376874344, -0.9441183971157548, -0.014068700812924733, 0.007700473992161296, -0.0024046319984151383, 0.6968118183953407, 0.009633233364876544, -0.005259681992427302, 0.0016539009386825228, -0.3804680144493576, -0.005258671171674036, 0.0028809250537211745, -0.0008982357075386059, 0.21525788894110007, 0.0022497079596650116, -0.0012375681861271797, 0.00038192454640539945, -0.06806656247561821, -0.0006945053417673234, 0.00038289592056029126, -0.00011732035393519785, 0.02337693079768369, 7.617638149082996e-05, -4.4187824669012713e-05, 1.1625430898965228e-05]]
P3->P4
T_min:200 K    T_max:3000 K    P_min:0.0001 atm    P_max:10 atm
[[-22.517017749914263, -7.41683009990181, 0.37467157038335125, 0.17325963572289804, 7.165227354011347, 12.183113900809724, -0.7005982771540235, -0.370372643067652, 0.46077316646751276, -8.447327191710915, 0.6367729452397829, 0.2937630223755857, -0.06809656888852232, 6.238881201203731, -0.4575308836981655, -0.17132740175563263, 0.0967975283544989, -3.7062400154717356, 0.21409218999538784, 0.128835908764884, 0.12237905890061394, 1.6969616570469201, -0.125655766114071, -0.06143524936017648, 0.0388633438399178, -0.6965911607202061, 0.06713511650239612, 0.012350835427023523, 0.05031592785484011, 0.13463641747137609, -0.006925933191561468, -0.006183091916655715]]
P3->P5
T_min:200 K    T_max:3000 K    P_min:0.0001 atm    P_max:10 atm
[[-24.01888900194629, -3.1332714262676875, 1.1666976693845055, -0.8235319947359439, 10.750802333883858, 5.799719210397226, -2.3705595434196574, 1.4495222387659426, 1.0214228760988906, -5.0845356847906125, 2.3874455016580023, -1.1660648119909713, -0.7502180924764493, 3.999385054150532, -1.9212987277944462, 0.9101709178025618, 0.46947871233013305, -2.2763838089241974, 1.0570925034859855, -0.5345615815423548, -0.11803223644303174, 1.0228405833071494, -0.47618283484873797, 0.23958226718208625, 0.08643227481870976, -0.41381445897956576, 0.19437090628720619, -0.0967994511654557, 0.0073410129399493545, 0.07907492179584441, -0.033773916288688394, 0.020336217189235086]]
P3->P6
T_min:200 K    T_max:3000 K    P_min:0.0001 atm    P_max:10 atm
[[-31.62059892248196, -0.15210084465066753, 0.08039145604113179, -0.029354997475084504, 18.811820299467836, 0.20920961311715042, -0.11076371503752964, 0.040830159005476964, -2.234937250810196, -0.09224949760042489, 0.048786393507842585, -0.018873854417876892, 1.80784153787797, 0.07169233514904631, -0.037684614201494306, 0.01473331919639029, -0.9412863090764252, -0.052106437362177765, 0.02751718431415593, -0.01045759643453441, 0.5299420360896628, 0.021930616400972453, -0.011599703876779133, 0.004427470411774225, -0.1699821581186027, -0.00977518573447896, 0.00515086118795084, -0.0019651738710747264, 0.05409438785340366, 0.0031706907514768806, -0.0016889643179471346, 0.0006149272594009165]]
P3->P7
T_min:200 K    T_max:3000 K    P_min:0.0001 atm    P_max:10 atm
[[-51.559524314598725, -0.0032968297836895033, 0.0016658572740506263, -0.0003488264760059014, 36.40802208098521, 0.005787533470445483, -0.002934592662366072, 0.0005780330640990822, -2.622193768025677, -0.0043303437867057105, 0.002199357354951503, -0.00040255889014215374, 1.8771547142908098, 0.0027720325973867904, -0.001401288342736427, 0.0002428472880119685, -1.0647074679261121, -0.00132926468337862, 0.0006690700071781975, -9.289403148218542e-05, 0.5628780589234537, 0.0004780628535382785, -0.00023810261148255685, 1.863614423291106e-05, -0.18942068878908022, -7.581601047801705e-05, 3.575807574822684e-05, 8.655382895233563e-06, 0.05760414380776426, -8.875260932711562e-06, 5.034443610780596e-06, -6.130263913182402e-06]]
P1->P2
T_min:200 K    T_max:3000 K    P_min:0.0001 atm    P_max:10 atm
[[-17.771807764596208, -0.23092865533338758, -2.178313897170293, 0.6576323356658497, 8.982249002736316, -0.2033747972002134, 3.6810348647752726, -1.2128035170030234, -7.451530086298155, 0.6627294106595737, -2.5654798925112408, 0.9182993478525436, 5.377817528895954, -0.37571789360580793, 1.8531441429689766, -0.6164410908479768, -3.1447787891250494, 0.2939983371620138, -1.1713393364167055, 0.3926434761830237, 1.6422740701234866, -0.1610363475062672, 0.5273335349810557, -0.18721856980314197, -0.5507188220904261, 0.029940187598430146, -0.19366583669041432, 0.06469771093958275, 0.1760546113412023, -0.01973706467775081, 0.04526088741217147, -0.01702865409149458]]
P1->P3
T_min:200 K    T_max:3000 K    P_min:0.0001 atm    P_max:10 atm
[[-19.519130339108344, 1.0700160062966422, -1.4004494093941537, 0.40670634931378596, 13.310767616150574, -2.7505673521262866, 2.188609904202278, -0.728597680833733, -11.414146323840797, 2.796404164392779, -1.3596221599809786, 0.5187320613140904, 8.00150602350238, -1.8558192604248382, 1.0407779945883453, -0.345867291390922, -4.7715715544548525, 1.1962152482257338, -0.6651598298137781, 0.22677145654224662, 2.4036624603459877, -0.5880040879461571, 0.2760531206447452, -0.10295952935141808, -0.8390063437957674, 0.19071818820861752, -0.10307708839344848, 0.033904066545022524, 0.24926453631105888, -0.06475039381697677, 0.020143767997780348, -0.008468653819147364]]
P1->P6
T_min:200 K    T_max:3000 K    P_min:0.0001 atm    P_max:10 atm
[[-21.642649511667464, -0.10803008022736682, 0.06406232657546981, -0.018025301992615976, 10.134726707604564, 0.15959570352954655, -0.09480242811021139, 0.02702340992887601, -2.8256689675661146, -0.08702574729745642, 0.05174496531613657, -0.015440289111137328, 2.2661494770951234, 0.06767605087771296, -0.03992232009129344, 0.012122282104928944, -1.1875258453662063, -0.046645722542305194, 0.02739309594513982, -0.008226475627904715, 0.6595863032777546, 0.020369898901840953, -0.011970407184113685, 0.0036064804963375128, -0.21468763037170527, -0.008843415755395188, 0.005158447727902825, -0.001570426626419859, 0.06616408910141643, 0.002855452797401555, -0.001636109385844849, 0.0005009522001185505]]
P1->P7
T_min:200 K    T_max:3000 K    P_min:0.0001 atm    P_max:10 atm
[[-41.382974360018615, -0.0050224957537299275, 0.002661840755287019, -0.0007766812808262492, 27.14814412644127, 0.009241145942321052, -0.004906866517957501, 0.0014203423992885796, -2.67844349508951, -0.007369928247849207, 0.003917711041904585, -0.0011259333478412445, 1.9975987363294863, 0.005103757488298869, -0.0027109749501385023, 0.0007775765536498921, -1.093823455721282, -0.00291885162862239, 0.001551366016352102, -0.0004403435076647718, 0.5922991398716173, 0.0013499709821500248, -0.0007174244660620051, 0.0002014651625129054, -0.19624313108518412, -0.0004375644392009689, 0.00023279095864781507, -6.368734322655855e-05, 0.06019279328664818, 7.533683285027958e-05, -4.027026637822583e-05, 1.0244658404045262e-05]]
P1->P4
T_min:200 K    T_max:3000 K    P_min:0.0001 atm    P_max:10 atm
[[-18.980304699816706, -0.20717347672259034, -2.0494165187328153, 0.6027119776158056, 9.785039933101187, -0.3096142673322557, 3.4299792771740867, -1.1031032915691992, -8.26693168682025, 0.7958313426609758, -2.368239672057626, 0.8269058786944266, 5.92796907758472, -0.46149111087700345, 1.72831162414166, -0.5566325626054932, -3.4805854734106476, 0.35651628486010284, -1.0893633035348835, 0.3547783207061403, 1.8143475764226922, -0.1940886034307874, 0.48429658605006537, -0.16709284266910895, -0.6123463552996591, 0.04206630500370792, -0.17866231790154752, 0.05718001460389484, 0.19730933970937103, -0.02765825741540855, 0.04070403621023934, -0.014717412841613148]]
P1->P5
T_min:200 K    T_max:3000 K    P_min:0.0001 atm    P_max:10 atm
[[-14.516129403706664, -2.3765503662895364, 0.7007292589490347, -0.7029178434115367, 3.1292225476196123, 4.356716765284086, -1.491945853351046, 1.2190783696978946, -0.5125302220587707, -3.882818767912524, 1.6650223235213384, -0.9772359391599402, 0.35959441887487265, 3.13588943130463, -1.4027901722163174, 0.7768255625593996, -0.17939878067629497, -1.7461154293570826, 0.740281677062189, -0.4506763471127345, 0.20224468166647028, 0.768870617964362, -0.32497797386672334, 0.19899402605034794, -0.031838094048703025, -0.3155343341929077, 0.13582014101908185, -0.08124633269640245, 0.03888362190397329, 0.0517155295522885, -0.01795113311500952, 0.01559306638624829]]
P4->P7
T_min:200 K    T_max:3000 K    P_min:0.0001 atm    P_max:10 atm
[[-82.77897942198125, 0.003866694674332649, -0.0020218286589114213, 0.0005668745061972618, 63.37167430496097, -0.007561996653990963, 0.003928568641726708, -0.001136043697574771, -2.823666022777902, 0.006263947870296534, -0.003240798210484249, 0.0009566482562824618, 2.0721944057033768, -0.004182518355625004, 0.0021687679750740556, -0.0006348346993372676, -1.1607462920218479, 0.0024124510644826878, -0.001248743517083766, 0.00036995001185520916, 0.6157964435098539, -0.0010932127662811853, 0.0005658984301787464, -0.0001689947976934787, -0.20728582462401196, 0.00036627903599034054, -0.00018978094673809188, 5.7343689831781036e-05, 0.06265584424840896, -8.407482571792368e-05, 4.3544277181732816e-05, -1.3989085423560208e-05]]
P4->P6
T_min:200 K    T_max:3000 K    P_min:0.0001 atm    P_max:10 atm
[[-62.959831454993186, -0.22546595186237894, 0.11093730606533246, -0.04610836602990751, 45.75457611936928, 0.31182535130386635, -0.15252083473751712, 0.06438675763623503, -2.3527576494017235, -0.13646968502072435, 0.06495094672154562, -0.029337302697856574, 1.9843001781487029, 0.10147245476212184, -0.04809072630382507, 0.021942723655533614, -1.0096637578747265, -0.07364177184128032, 0.03546443113064101, -0.015605229407115484, 0.5745634958823594, 0.031179676186809994, -0.014973875070393404, 0.006640470305513626, -0.18371914229964367, -0.013346815934695732, 0.006420851179526007, -0.0028378458218931116, 0.05813597497187745, 0.004232829154021803, -0.002094075268568384, 0.0008708562246064233]]
R->P2
T_min:200 K    T_max:3000 K    P_min:0.0001 atm    P_max:10 atm
[[-15.92929909236794, 1.94857866473754, -2.56340923182775, 0.5326034567606555, 6.393597894996293, -4.13564567194432, 4.474555877974721, -1.0128163687158236, -4.71437151360481, 3.7707509471015555, -3.2350107827396117, 0.7759680403751633, 3.4223027735888443, -2.629901895067785, 2.287049255099976, -0.5031131132204257, -2.058101598291889, 1.6340909641515782, -1.4593038523715418, 0.3310724206341646, 1.0295738736277855, -0.799564586728302, 0.6844343808669481, -0.16515580388934692, -0.36019575044880314, 0.2826523441255296, -0.25302283586800606, 0.05746157057224462, 0.1019575848296962, -0.07454428865060223, 0.06546298697751773, -0.017241082154572554]]
R->P3
T_min:200 K    T_max:3000 K    P_min:0.0001 atm    P_max:10 atm
[[-15.092022906680713, 1.2574869189638864, -2.2644995801048267, 0.661833157997473, 5.810014274395771, -2.9225075911098815, 3.8814894021211916, -1.2436118578639137, -4.66733827164347, 2.862879632825333, -2.756384598904222, 0.9557029391063445, 3.2786612488939166, -1.9870032853010489, 1.9810520893720853, -0.6360408190321835, -1.9955530723727868, 1.2264824844002775, -1.2512086446248518, 0.4070499454773167, 0.9777065250256056, -0.5910062824478663, 0.5703477630296079, -0.19626811122363264, -0.34205946303387386, 0.2000163824308935, -0.21041568089695672, 0.06881790849514764, 0.09334709634016307, -0.04884008619936386, 0.0486312067213235, -0.018270617836875724]]
R->P1
T_min:200 K    T_max:3000 K    P_min:0.0001 atm    P_max:10 atm
[[-14.598007950632676, 1.3324730654312855, -1.915888499565653, 0.6253800936880225, 6.14191249714968, -2.873397983643583, 3.1454186033230545, -1.1645076788640478, -4.83864625639869, 2.5673153620917226, -2.0612205873744007, 0.8737221045304905, 3.2556963927297735, -1.7484517355804514, 1.4833794419448867, -0.575060724503836, -2.0377827095410717, 1.1141851406644305, -0.9555905227708581, 0.3708095901304913, 0.9741130484815944, -0.5305718169167865, 0.4263766578937258, -0.17720132767568078, -0.34821162955391605, 0.18000330982760132, -0.15829221277551953, 0.062228837885002795, 0.09232611715998011, -0.04557300971080593, 0.03519485071344851, -0.01635394067739281]]
R->P6
T_min:200 K    T_max:3000 K    P_min:0.0001 atm    P_max:10 atm
[[-18.98535403766668, -0.22262124928890348, 0.1141221297070694, -0.043675264610711105, 6.614321365053078, 0.31577166946400226, -0.16140512665990142, 0.06232462278894693, 0.05379520616151916, -0.14484449715053585, 0.0732869756088929, -0.029249170433490016, 0.08949255134884326, 0.10357558541347488, -0.052311028269200074, 0.021039127006186004, 0.02995983585872157, -0.07489672887171406, 0.03797924161819715, -0.015068802871470329, 0.018031494460529193, 0.03210022919913065, -0.01625383229257286, 0.0064772332572332475, 0.0030332767453367074, -0.01326871004066864, 0.006713962199414556, -0.002682641811353916, 0.0010355636328732115, 0.004243894038350475, -0.0021584914959778215, 0.0008474845702385868]]
P4->P5
T_min:200 K    T_max:3000 K    P_min:0.0001 atm    P_max:10 atm
[[-55.01991778230242, -3.6951852673367664, 1.5314097767822974, -0.8782091627355108, 36.903036756650955, 6.802977941208955, -3.0262436835934343, 1.552547381351053, 1.6002423927210165, -5.817236826785425, 2.8794562102285455, -1.2429770369179858, -1.039296957925519, 4.508425431935523, -2.2679382600768587, 0.9614872490827038, 0.7037523593519734, -2.6151067465261586, 1.281086059719889, -0.5717214777221961, -0.21963780688170567, 1.1866688162853385, -0.5836102891336098, 0.2583007178233319, 0.1285456888452986, -0.47681422814783153, 0.23588513465061678, -0.10383074101724167, -0.006538913108650933, 0.10099089231838349, -0.04709595647678266, 0.02343996710854687]]
R->P4
T_min:200 K    T_max:3000 K    P_min:0.0001 atm    P_max:10 atm
[[-16.691937253971307, 1.7393150639839137, -2.6376038361156593, 0.6050781833435759, 6.322800501156498, -3.786595249240041, 4.603474419493557, -1.143115460221974, -4.809236910922805, 3.5394775752950056, -3.347060435054106, 0.879700488144251, 3.4822060697736403, -2.466359091001779, 2.378629472805542, -0.5793877508009645, -2.080939007847124, 1.5202572930429556, -1.5030983923797312, 0.37512356927967894, 1.0435699665006157, -0.7411213162176808, 0.6998713022319548, -0.18457392615406143, -0.3615538862150472, 0.2577375838752039, -0.2583668973560825, 0.06447000750398091, 0.10211482037913108, -0.06541511883977104, 0.06407427257831745, -0.018311194561722904]]
R->P5
T_min:200 K    T_max:3000 K    P_min:0.0001 atm    P_max:10 atm
[[-11.986154789955336, -2.3194009282150843, 0.8087775325968807, -0.5735735564753546, -0.2639896345696053, 4.092999330747737, -1.611227828968724, 0.9699078595560058, 2.4198104604723762, -3.4453738658384916, 1.6493182700683688, -0.7546979049111407, -1.8137250400559224, 2.813522654344612, -1.3921057031067952, 0.6145644124115587, 1.0745196573416802, -1.6259276454286031, 0.7730016824088589, -0.3656453994878316, -0.4692896100303309, 0.7156016524516987, -0.34154973857534787, 0.16027773393708838, 0.1947846754085996, -0.29664346694034394, 0.14337754163456845, -0.06621810268321784, -0.0387698929960069, 0.060150281834402713, -0.026931108037522498, 0.014374710513358523]]
P2->P3
T_min:200 K    T_max:3000 K    P_min:0.0001 atm    P_max:10 atm
[[-20.517017299526728, -5.345578438438137, -0.4205516334529917, 0.27939481355769097, 7.250225224309869, 8.589832966462765, 0.7127230553293532, -0.5613409791562739, -1.1010858426664312, -5.7104894700636555, -0.4554642912826339, 0.44354218652488875, 0.9800104774714516, 4.2206673207059024, 0.32591079087403557, -0.27699330437266306, -0.49308024420413726, -2.5352741315902536, -0.2480320367911815, 0.19080929462339472, 0.3819536953446908, 1.156681749965042, 0.0974305382904344, -0.09381618708436384, -0.0670032362518771, -0.4875442395720953, -0.019242545869329195, 0.02614167890643684, 0.05893202072032077, 0.10511190908787367, 0.007200931716647447, -0.008583173946506786]]
P2->P5
T_min:200 K    T_max:3000 K    P_min:0.0001 atm    P_max:10 atm
[[-21.441917797987717, -3.5513382666904287, 1.4790963798768928, -0.8273290000228053, 7.876696110436453, 6.493541751743642, -2.9074747387758575, 1.4554863235745596, 1.5973616388809524, -5.505900375498654, 2.753718673246648, -1.158950880782903, -1.0669162109748827, 4.282930800399321, -2.178725568495868, 0.9007630703709815, 0.7164181750350739, -2.498775991323363, 1.2376809759571812, -0.5381480649600107, -0.23089727756722347, 1.132301585205644, -0.5632449130462204, 0.24267249560221454, 0.13174491010569964, -0.4565527476296442, 0.22860906131731376, -0.09782117503866601, -0.009440605090648245, 0.0991779060317723, -0.04708584906165995, 0.022482936786825117]]
P2->P4
T_min:200 K    T_max:3000 K    P_min:0.0001 atm    P_max:10 atm
[[-22.165185603827013, -4.06118364682356, -1.0642886879992492, 0.24060649764778655, 7.776428811755252, 6.32380764184732, 1.90627439329864, -0.4896861992101297, -1.1582017220442204, -3.928283323122278, -1.4167077125697223, 0.3883690133243828, 1.1559307688696179, 2.923832436021014, 0.9962048411996866, -0.23672460693874928, -0.5220092077848988, -1.8109594427587195, -0.6447760109836891, 0.16614323219722502, 0.4035493612798391, 0.8197586774252306, 0.29248498566504544, -0.08551418948600467, -0.07052367968167612, -0.3601276840216041, -0.09107353689567699, 0.023461861876875503, 0.0488903942011771, 0.0905979133561135, 0.021658718336925405, -0.007691388108687589]]
P2->P7
T_min:200 K    T_max:3000 K    P_min:0.0001 atm    P_max:10 atm
[[-49.148518060870344, -0.011567366893926234, 0.006016897328535561, -0.0018347424507462263, 34.27064688391322, 0.02116936998622405, -0.011035849593761447, 0.00333498086411762, -2.794672123608562, -0.016851312003586076, 0.008799250410496296, -0.0026401337204607052, 2.009178075782804, 0.01167186233584393, -0.0060900672552312764, 0.0018306265211461917, -1.1364225084620367, -0.006685442368398398, 0.003491180791629507, -0.0010437699874336832, 0.6018079292329281, 0.003070420626134671, -0.0016038264324204356, 0.000476921771375448, -0.20229866303048888, -0.0010391936114357262, 0.0005431682048314501, -0.00016032941740027866, 0.06153190593968242, 0.0001958868130889518, -0.00010266327305167199, 2.9022738846704593e-05]]
P2->P6
T_min:200 K    T_max:3000 K    P_min:0.0001 atm    P_max:10 atm
[[-29.187296644244572, -0.24446079048419644, 0.11938155392055144, -0.05024186057756942, 16.393801898185732, 0.3370432809179353, -0.16354210635981659, 0.0698636180650414, -2.105526828264173, -0.1442374885054236, 0.06792330319320021, -0.031036590307189815, 1.7736348688370085, 0.10547990814399326, -0.04938958599277666, 0.02286275602429635, -0.8957355755029808, -0.0773551961935481, 0.03684538585127996, -0.01644727982572928, 0.5170338075911569, 0.03273327164529894, -0.015539180597938226, 0.006989364014489486, -0.16300326973898677, -0.013839064901213444, 0.0065751605033694755, -0.002954808244530508, 0.05288688750301289, 0.004417016765617224, -0.0021583020255127724, 0.0009160996070247387]]
