==============================
W1_Energy_1
W1->P3
[[0.0019962325276480807, -0.002529569807816361, 0.0005181005049431176, -0.00042990812500235043, 0.00018600971914262647, -4.8941261848818755e-05]]
W1->P2
[[0.00148909645941614, -0.00152663360422944, -3.9555483410340135e-05, 1.2942461277068584e-05, -4.777314766289992e-06, 2.4177181092073207e-06]]
W1->P1
[[0.00160461615770997, -0.0014685242624997562, -7.542449627951107e-05, 6.3685816799982245e-06, -1.6247099234660666e-05, 3.511885328553905e-06]]
P1->P2
[[8.892354552919357e-05, -0.00012665220374622374, 5.079931198081036e-05, -2.4229436537753582e-05, 1.7143377226762602e-05, -4.686861916722771e-06]]
P1->P3
[[-0.0005640421753345089, 0.0010736213976209016, -0.0008777593867845225, 0.0005532226462370221, -0.00023133881576726232, 4.929360493096034e-05]]
P2->P3
[[-5.8968112362640976e-05, 0.00012566321247299447, -0.00012470888148345327, 9.585228702121312e-05, -4.7019633542578254e-05, 1.2718649954033056e-05]]
