==============================
W1_Energy_1
R->P2
T_min:200 K    T_max:3000 K    P_min:0.0001 atm    P_max:100 atm
[[53.85740908430039, -137.86549297715305, 98.91099980123872, -70.64519556779034, 37.13341758522413, -14.703964695785825, 4.8527056814555785, -127.38745256590906, 267.5735338781332, -191.97141020177702, 137.11034025301245, -72.07019900752285, 28.537869251259803, -9.418298474339354, 117.08737077307289, -244.45834091964792, 175.38647050118692, -125.26533426235528, 65.84320803136787, -26.07229223908419, 8.60429290387844, -100.2324214526712, 209.98503791783185, -150.65303066507997, 107.60015403837653, -56.55706645500223, 22.39528655225945, -7.39050674385042, 80.9454502649097, -169.27732218461327, 121.44506465094871, -86.74025356836114, 45.59100849859047, -18.053312998242404, 5.957135317688497, -60.983953727815646, 127.65147573446158, -91.5803813242529, 65.41008492477927, -34.378729761028524, 13.613561549429662, -4.491728757807071, 42.86842435830666, -89.68615830306618, 64.3410273842784, -45.95573410171123, 24.152288035532287, -9.564309597472409, 3.1552268528985934, -27.878817889592654, 58.34194332303416, -41.853841686802895, 29.894415130819233, -15.710329703602866, 6.2214059759859595, -2.052099464191137, 16.66616311115041, -34.87152920567176, 25.015073904656724, -17.867862661225704, 9.389086256500775, -3.7183439341246967, 1.226168963578587, -9.041901480347846, 18.92001736822116, -13.571866823813252, 9.69426381797534, -5.093631511385976, 2.0172820548974926, -0.6650526569136517, 4.3855450743947415, -9.176498114014713, 6.581891664267893, -4.7017246481793435, 2.469956052096265, -0.9783004602232879, 0.3223783493765282, -1.8502757456231933, 3.871322356719773, -2.7766093060384094, 1.9834710523161618, -1.0418292418854662, 0.412666527299308, -0.1359270748070287, 0.6541828070286755, -1.3690100575991693, 0.9816461010235003, -0.7013679024219925, 0.3682433492030661, -0.14589661442263946, 0.04800912567755233, -0.17670807489919582, 0.3696711358825837, -0.26505994757512497, 0.18937935441103093, -0.09940978632353037, 0.03938800724131397, -0.012951984202786093, 0.03142435860867465, -0.06585921893325875, 0.04716771813704668, -0.03373087158178123, 0.017674793978175174, -0.007011075499804065, 0.002296312701133729]]
R->P3
T_min:200 K    T_max:3000 K    P_min:0.0001 atm    P_max:100 atm
[[9.98445808676681, -46.310742207282686, 33.23407873796017, -23.762024574481277, 12.789585548451761, -4.979265607541185, 1.7906836001654831, -41.15702943524301, 89.90097994537018, -64.51835229061795, 46.12805581719103, -24.82800994123357, 9.665888222670656, -3.475920014319521, 38.054767325762995, -82.19179281075374, 58.98917404238522, -42.17202960885449, 22.69794111768214, -8.836545012694886, 3.1768776521915205, -32.505339486758366, 70.68073371553757, -50.733110410315845, 36.26516494105888, -19.517940578329174, 7.598317953272347, -2.7306488810313114, 26.368957768429652, -57.073431516550414, 40.9715601613464, -29.282702134004097, 15.75865834800608, -6.134708665434339, 2.2033324467876554, -19.884200954103726, 43.131840041738826, -30.969409576325774, 22.128944387047326, -11.907823043962255, 4.635379949008652, -1.6635782125508265, 14.043667736123766, -30.389291821557606, 21.825020514746832, -15.590633052219301, 8.388315566883097, -3.2652140497205338, 1.1706456287850528, -9.162830691331248, 19.83640195526123, -14.250555888156988, 10.176131577731311, -5.474364589131399, 2.1307737219341902, -0.763004009771354, 5.510675067697651, -11.907857498995249, 8.557615550775573, -6.108333998678457, 3.285323289936576, -1.2786681207041353, 0.4571508776358435, -3.0067887587048645, 6.493869936991548, -4.668977971744724, 3.3308642393116443, -1.791102203489702, 0.6970281701439802, -0.24875051248823254, 1.4706916044046565, -3.1703333177368886, 2.280557209447629, -1.6259601965392196, 0.8740127915270701, -0.3401086843490333, 0.12107952927880916, -0.6260851416333253, 1.3476855364718432, -0.9701056440960443, 0.6910953916789886, -0.37137032828387184, 0.14448699791034159, -0.05129821699355119, 0.22420282569481742, -0.48160620446585334, 0.34692398858088325, -0.2469205887474546, 0.13259668016820036, -0.05158643185497169, 0.018239950159738783, -0.061430709526646865, 0.13155789223856118, -0.09486564666134267, 0.06743574846733225, -0.03619605400468018, 0.014077250651180151, -0.004957052240513349, 0.011198957094777029, -0.02397892783426947, 0.017309097212034885, -0.012285575482184896, 0.006580268114017684, -0.00256041294754894, 0.0008922862844187307]]
R->P1
T_min:200 K    T_max:3000 K    P_min:0.0001 atm    P_max:100 atm
[[144.52097659639338, -312.9561496564512, 232.0802598960165, -160.3903023762718, 87.09312160324083, -33.278085359520105, 11.450014363309094, -299.89042271069184, 607.3562578796739, -450.4035269395318, 311.27073235511784, -169.02391516679646, 64.58310780965996, -22.221476310855657, 274.08168784459616, -554.8259352695737, 411.44135927301386, -284.3484843279604, 154.40258614618153, -58.99717626843397, 20.29914854581287, -235.32154209222045, 476.49055283144617, -353.3504007949209, 244.2014078545687, -132.6032017384203, 50.667445988574585, -17.433364019588396, 189.66896522098943, -384.01716810837576, 284.76775038853987, -196.8082926173513, 106.86622945385264, -40.834197334089765, 14.04970255945534, -142.96685914631314, 289.4748276850564, -214.65800681254424, 148.35518949660798, -80.55638616899566, 30.781099532619777, -10.590891604370285, 100.39584314078702, -203.2845725626377, 150.73837709250543, -104.18245468673662, 56.569088595856826, -21.61603172960946, 7.437242982821829, -65.26622273802047, 132.15383523474435, -97.99192078019026, 67.72803340213235, -36.77485269357163, 14.052418386744051, -4.834960807884272, 38.97592007264174, -78.92710378552815, 58.520790841664365, -40.44940074041768, 21.96215442734652, -8.392573710311474, 2.8874703501428414, -21.1244134356304, 42.77735005171729, -31.716249353209207, 21.922869727243892, -11.902978214302323, 4.548652302584401, -1.5649984497826779, 10.22987242278117, -20.719358920974912, 15.36024870293818, -10.61830612271072, 5.764725105952181, -2.2031405508680564, 0.7579420548651967, -4.307912405851312, 8.72505874242762, -6.467901908339911, 4.471398789668768, -2.42750551362775, 0.9277585062924345, -0.3191884221947703, 1.5184552962571445, -3.0768295628490137, 2.2803302134940395, -1.5767732641789962, 0.8558670536419513, -0.3271646394201184, 0.11253410263827845, -0.4087508540849285, 0.8281453735409059, -0.6137068284561238, 0.4243907987104194, -0.2303578968118245, 0.08805878089128782, -0.030293300251841515, 0.07187651239809156, -0.14598745352660103, 0.108080403388783, -0.07480664680605287, 0.04057300142170561, -0.015523190700619693, 0.0053350693895311]]
P1->P2
T_min:200 K    T_max:3000 K    P_min:0.0001 atm    P_max:100 atm
[[613.3559318556563, -1297.6050270303876, 953.067203323288, -665.2266312246641, 354.2014248563745, -137.90799969307014, 45.24015540496217, -1229.2098806085176, 2518.293421222391, -1849.6586686825756, 1291.0220106665572, -687.4145862436247, 267.64180846939087, -87.79995249461838, 1136.319228725222, -2300.4896416492916, 1689.6573819686707, -1179.3615404324664, 627.9504427338666, -244.49323676252362, 80.2042160287408, -975.9443683634885, 1975.7252385158993, -1451.130433586244, 1012.8683222414248, -539.3038776961351, 209.97781418361146, -68.88192464441349, 786.5463499723938, -1592.3114434998167, 1169.493929400262, -816.3066393663197, 434.6347900205187, -169.22844797242578, 55.51240439390972, -592.9217711490162, 1200.3370939717943, -881.600086563516, 615.3578892553528, -327.6412324833424, 127.5699572465287, -41.84677122548885, 416.38433519376576, -842.9596490270856, 619.0999229123356, -432.1450240308192, 230.08418353130972, -89.58797910515159, 29.385983957360395, -270.7049110050817, 548.0327171554405, -402.48999602253286, 280.9491570270434, -149.58279016632997, 58.243655436585414, -19.10426763907958, 161.6739508578089, -327.316593788831, 240.37779934988816, -167.79782272509166, 89.33449771160628, -34.78616649126235, 11.40909706422508, -87.63364642867191, 177.41733422542586, -130.29022565415312, 90.95189513895991, -48.42141977881522, 18.85527024146927, -6.183885260168836, 42.443847812504146, -85.93642538927321, 63.10360855948795, -44.05424340609835, 23.451796641542728, -9.13287062512319, 2.9948050932702017, -17.876246684573516, 36.19424675676146, -26.576543092124894, 18.55433773224297, -9.876936141759302, 3.8465016349414327, -1.261252106447273, 6.302592154863078, -12.763899467374074, 9.370334263948507, -6.543009824471071, 3.482318214271004, -1.3564175998495784, 0.44460415738490155, -1.6969104469931153, 3.4366091154802234, -2.522768621348945, 1.7616359552969243, -0.9375542461370117, 0.3652021615865806, -0.11969780189303947, 0.2987018030607942, -0.6057025664309208, 0.44425276923561796, -0.3104526518482089, 0.16508325526064027, -0.06435585509552766, 0.021060894315496625]]
W2->P1
T_min:200 K    T_max:3000 K    P_min:0.0001 atm    P_max:100 atm
[[83597.72878840678, -153316.4791611125, 121777.07440171245, -78810.8735712193, 42717.305999738215, -16226.314251608965, 4556.493019158606, -161618.6528776872, 296395.9896085077, -235420.82992541834, 152357.44808969778, -82582.3069990724, 31368.84524449707, -8808.926231594935, 145915.61766920754, -267557.76938932517, 212520.1790378155, -137535.6498222284, 74551.21562660822, -28317.348505244256, 7952.748954735303, -122848.0848590359, 225255.73527254173, -178925.9173094762, 115793.25699420243, -62769.585557335275, 23840.95395025378, -6696.592412582228, 96231.89408874085, -176449.6079588134, 140164.9239422105, -90707.28210455822, 49175.09372670057, -18676.0550179602, 5246.915521661416, -69891.52643282787, 128149.08720154161, -101803.38160267218, 65880.34313850808, -35719.54368786909, 13564.344775125035, -3811.759357493065, 46828.75135440989, -85860.37951133648, 68214.2021195147, -44142.567003803306, 23936.673012912397, -9088.54527145969, 2554.7043663805816, -28746.76291785699, 52705.48146163807, -41877.553485101824, 27098.901379812727, -14696.76560610118, 5579.1854210724705, -1568.692685021575, 16014.572194534208, -29360.831207799143, 23331.709275907033, -15097.450846364554, 8189.219458664527, -3108.024674026845, 874.0860680231235, -7988.888880191531, 14646.224214235277, -11640.39559584437, 7532.024740853049, -4086.201910574302, 1550.3145934252534, -436.05592047201935, 3500.102891296381, -6416.638970220214, 5100.665512742031, -3300.346855659489, 1790.7208661617915, -679.1022216698257, 190.98729790895595, -1307.446559713033, 2396.8817737286154, -1905.7312292842253, 1233.0773454267255, -669.104523902417, 253.58951154456008, -71.27476425166242, 396.4301956039417, -726.7652135693861, 578.0040309206815, -374.00247336090615, 202.93360764023237, -76.84167286937009, 21.562156506399333, -88.69767116407456, 162.62620541268552, -129.38783338324174, 83.73059816999012, -45.41487784827041, 17.171429429174168, -4.801075706345728, 11.498930390633177, -21.08393393753977, 16.780075773072895, -10.863058265735162, 5.886064096619521, -2.220686282889801, 0.6146895079218666]]
P2->P3
T_min:200 K    T_max:3000 K    P_min:0.0001 atm    P_max:100 atm
[[174.56808706976426, -375.722363583981, 276.2566742814222, -192.57650877149942, 103.318538277878, -39.96971009134157, 13.434040445301136, -357.0054635642317, 729.1888220633924, -536.1538743493851, 373.745858700231, -200.51869472107546, 77.57187248754927, -26.072549474066356, 326.3390772872583, -666.1548240686385, 489.8004599724874, -341.43723504419864, 183.18216662384168, -70.86598305270066, 23.81799832696829, -280.14781714069784, 572.1546619149999, -420.68465274079495, 293.25709867332324, -157.33286889281936, 60.86599290582336, -20.456707092451143, 225.89833678119413, -461.17154086989456, 339.07462152083167, -236.37204547163267, 126.81052848480445, -49.05918435735305, 16.487627693357354, -170.2706380371244, 347.6950819585713, -255.63884706303978, 178.2094792526921, -95.60584499396288, 36.987360731340516, -12.43011464124437, 119.62250342375911, -244.22083996323798, 179.5535781589727, -125.17352922705476, 67.15019898514188, -25.979565586687784, 8.730040239739935, -77.78015014577153, 158.81004049525802, -116.75613806783312, 81.39643690670357, -43.66459272249975, 16.89359471007532, -5.676481043318603, 46.47237044283585, -94.87776978747871, 69.74899800056869, -48.62816833923809, 26.084432243960535, -10.092525203903136, 3.390767816324029, -25.197576197708997, 51.44382468649361, -37.817195574442735, 26.36652654115622, -14.142575126088005, 5.472186497824225, -1.8383081645800132, 12.210509257242563, -24.929445877605403, 18.32384317984281, -12.776900296847671, 6.852464031825647, -2.6517114575629535, 0.8906041838281737, -5.145268575349206, 10.504556304591517, -7.72060282593111, 5.383745060748723, -2.8872081312585465, 1.1173257056976809, -0.375216769321014, 1.8155957171265982, -3.7076976141319022, 2.7243142427723797, -1.900190241631556, 1.018754490885911, -0.394348331409617, 0.13236635649624873, -0.48915666080284836, 0.9989181822198816, -0.7338959665206133, 0.5119324671079539, -0.27444197077931776, 0.10624015960772226, -0.03565563896165713, 0.08634186596822246, -0.17669794727029853, 0.12966440290097125, -0.09054378319277134, 0.04848287532260542, -0.01878860382467451, 0.006293949983415814]]
