0	0.0
5	1.00E+01
10	1.00E+15
15	1.00E+02
20	1.00E+02
25	1.00E+02
30	1.00E+02
35	1.00E+02
40	1.00E+02
45	1.00E+02
50	1.00E+02
55	1.00E+02
60	1.00E+02
65	1.00E+02
70	1.00E+02
75	1.00E+02
80	1.00E+02
85	1.00E+02
90	1.00E+02
95	1.00E+02
100	1.00E+02
105	1.00E+02
110	1.00E+02
115	1.00E+02
120	1.00E+02
125	1.00E+02
130	1.00E+02
135	1.00E+02
140	1.00E+02
145	1.00E+02
150	1.00E+02
155	1.00E+02
160	1.00E+02
165	1.00E+02
170	1.00E+02
175	1.00E+02
180	1.00E+02
185	1.00E+02
190	1.00E+02
195	1.00E+02
200	1.00E+02
205	1.00E+02
210	1.00E+02
215	1.00E+02
220	1.00E+02
225	1.00E+02
230	1.00E+02
235	1.00E+02
240	1.00E+02
245	1.00E+02
250	1.00E+02
255	1.00E+02
260	1.00E+02
265	1.00E+02
270	1.00E+02
275	1.00E+02
280	1.00E+02
285	1.00E+02
290	1.00E+02
295	1.00E+02
300	1.00E+02
305	1.00E+02
310	1.00E+02
315	1.00E+02
320	1.00E+02
325	1.00E+02
330	1.00E+02
335	1.00E+02
340	1.00E+02
345	1.00E+02
350	1.00E+02
355	1.00E+02
360	1.00E+02
365	1.00E+02
370	1.00E+02
375	1.00E+02
380	1.00E+02
385	1.00E+02
390	1.00E+02
395	1.00E+02
400	1.00E+02
405	1.00E+02
410	1.00E+02
415	1.00E+02
420	1.00E+02
425	1.00E+02
430	1.00E+02
435	1.00E+02
440	1.00E+02
445	1.00E+02
450	1.00E+02
455	1.00E+02
460	1.00E+02
465	1.00E+02
470	1.00E+02
475	1.00E+02
480	1.00E+02
485	1.00E+02
490	1.00E+02
495	1.00E+02
500	1.00E+02
505	1.00E+02
510	1.00E+02
515	1.00E+02
520	1.00E+02
525	1.00E+02
530	1.00E+02
535	1.00E+02
540	1.00E+02
545	1.00E+02
550	1.00E+02
555	1.00E+02
560	1.00E+02
565	1.00E+02
570	1.00E+02
575	1.00E+02
580	1.00E+02
585	1.00E+02
590	1.00E+02
595	1.00E+02
600	1.00E+02
605	1.00E+02
610	1.00E+02
615	1.00E+02
620	1.00E+02
625	1.00E+02
630	1.00E+02
635	1.00E+02
640	1.00E+02
645	1.00E+02
650	1.00E+02
655	1.00E+02
660	1.00E+02
665	1.00E+02
670	1.00E+02
675	1.00E+02
680	1.00E+02
685	1.00E+02
690	1.00E+02
695	1.00E+02
700	1.00E+02
705	1.00E+02
710	1.00E+02
715	1.00E+02
720	1.00E+02
725	1.00E+02
730	1.00E+02
735	1.00E+02
740	1.00E+02
745	1.00E+02
750	1.00E+02
755	1.00E+02
760	1.00E+02
765	1.00E+02
770	1.00E+02
775	1.00E+02
780	1.00E+02
785	1.00E+02
790	1.00E+02
795	1.00E+02
800	1.00E+02
805	1.00E+02
810	1.00E+02
815	1.00E+02
820	1.00E+02
825	1.00E+02
830	1.00E+02
835	1.00E+02
840	1.00E+02
845	1.00E+02
850	1.00E+02
855	1.00E+02
860	1.00E+02
865	1.00E+02
870	1.00E+02
875	1.00E+02
880	1.00E+02
885	1.00E+02
890	1.00E+02
895	1.00E+02
900	1.00E+02
905	1.00E+02
910	1.00E+02
915	1.00E+02
920	1.00E+02
925	1.00E+02
930	1.00E+02
935	1.00E+02
940	1.00E+02
945	1.00E+02
950	1.00E+02
955	1.00E+02
960	1.00E+02
965	1.00E+02
970	1.00E+02
975	1.00E+02
980	1.00E+02
985	1.00E+02
990	1.00E+02
995	1.00E+02
1000	1.00E+02
1005	1.00E+02
1010	1.00E+02
1015	1.00E+02
1020	1.00E+02
1025	1.00E+02
1030	1.00E+02
1035	1.00E+02
1040	1.00E+02
1045	1.00E+02
1050	1.00E+02
1055	1.00E+02
1060	1.00E+02
1065	1.00E+02
1070	1.00E+02
1075	1.00E+02
1080	1.00E+02
1085	1.00E+02
1090	1.00E+02
1095	1.00E+02
1100	1.00E+02
1105	1.00E+02
1110	1.00E+02
1115	1.00E+02
1120	1.00E+02
1125	1.00E+02
1130	1.00E+02
1135	1.00E+02
1140	1.00E+02
1145	1.00E+02
1150	1.00E+02
1155	1.00E+02
1160	1.00E+02
1165	1.00E+02
1170	1.00E+02
1175	1.00E+02
1180	1.00E+02
1185	1.00E+02
1190	1.00E+02
1195	1.00E+02
1200	1.00E+02
1205	1.00E+02
1210	1.00E+02
1215	1.00E+02
1220	1.00E+02
1225	1.00E+02
1230	1.00E+02
1235	1.00E+02
1240	1.00E+02
1245	1.00E+02
1250	1.00E+02
1255	1.00E+02
1260	1.00E+02
1265	1.00E+02
1270	1.00E+02
1275	1.00E+02
1280	1.00E+02
1285	1.00E+02
1290	1.00E+02
1295	1.00E+02
1300	1.00E+02
1305	1.00E+02
1310	1.00E+02
1315	1.00E+02
1320	1.00E+02
1325	1.00E+02
1330	1.00E+02
1335	1.00E+02
1340	1.00E+02
1345	1.00E+02
1350	1.00E+02
1355	1.00E+02
1360	1.00E+02
1365	1.00E+02
1370	1.00E+02
1375	1.00E+02
1380	1.00E+02
1385	1.00E+02
1390	1.00E+02
1395	1.00E+02
1400	1.00E+02
1405	1.00E+02
1410	1.00E+02
1415	1.00E+02
1420	1.00E+02
1425	1.00E+02
1430	1.00E+02
1435	1.00E+02
1440	1.00E+02
1445	1.00E+02
1450	1.00E+02
1455	1.00E+02
1460	1.00E+02
1465	1.00E+02
1470	1.00E+02
1475	1.00E+02
1480	1.00E+02
1485	1.00E+02
1490	1.00E+02
1495	1.00E+02
1500	1.00E+02
1505	1.00E+02
1510	1.00E+02
1515	1.00E+02
1520	1.00E+02
1525	1.00E+02
1530	1.00E+02
1535	1.00E+02
1540	1.00E+02
1545	1.00E+02
1550	1.00E+02
1555	1.00E+02
1560	1.00E+02
1565	1.00E+02
1570	1.00E+02
1575	1.00E+02
1580	1.00E+02
1585	1.00E+02
1590	1.00E+02
1595	1.00E+02
1600	1.00E+02
1605	1.00E+02
1610	1.00E+02
1615	1.00E+02
1620	1.00E+02
1625	1.00E+02
1630	1.00E+02
1635	1.00E+02
1640	1.00E+02
1645	1.00E+02
1650	1.00E+02
1655	1.00E+02
1660	1.00E+02
1665	1.00E+02
1670	1.00E+02
1675	1.00E+02
1680	1.00E+02
1685	1.00E+02
1690	1.00E+02
1695	1.00E+02
1700	1.00E+02
1705	1.00E+02
1710	1.00E+02
1715	1.00E+02
1720	1.00E+02
1725	1.00E+02
1730	1.00E+02
1735	1.00E+02
1740	1.00E+02
1745	1.00E+02
1750	1.00E+02
1755	1.00E+02
1760	1.00E+02
1765	1.00E+02
1770	1.00E+02
1775	1.00E+02
1780	1.00E+02
1785	1.00E+02
1790	1.00E+02
1795	1.00E+02
1800	1.00E+02
1805	1.00E+02
1810	1.00E+02
1815	1.00E+02
1820	1.00E+02
1825	1.00E+02
1830	1.00E+02
1835	1.00E+02
1840	1.00E+02
1845	1.00E+02
1850	1.00E+02
1855	1.00E+02
1860	1.00E+02
1865	1.00E+02
1870	1.00E+02
1875	1.00E+02
1880	1.00E+02
1885	1.00E+02
1890	1.00E+02
1895	1.00E+02
1900	1.00E+02
1905	1.00E+02
1910	1.00E+02
1915	1.00E+02
1920	1.00E+02
1925	1.00E+02
1930	1.00E+02
1935	1.00E+02
1940	1.00E+02
1945	1.00E+02
1950	1.00E+02
1955	1.00E+02
1960	1.00E+02
1965	1.00E+02
1970	1.00E+02
1975	1.00E+02
1980	1.00E+02
1985	1.00E+02
1990	1.00E+02
1995	1.00E+02
2000	1.00E+02
2005	1.00E+02
2010	1.00E+02
2015	1.00E+02
2020	1.00E+02
2025	1.00E+02
2030	1.00E+02
2035	1.00E+02
2040	1.00E+02
2045	1.00E+02
2050	1.00E+02
2055	1.00E+02
2060	1.00E+02
2065	1.00E+02
2070	1.00E+02
2075	1.00E+02
2080	1.00E+02
2085	1.00E+02
2090	1.00E+02
2095	1.00E+02
2100	1.00E+02
2105	1.00E+02
2110	1.00E+02
2115	1.00E+02
2120	1.00E+02
2125	1.00E+02
2130	1.00E+02
2135	1.00E+02
2140	1.00E+02
2145	1.00E+02
2150	1.00E+02
2155	1.00E+02
2160	1.00E+02
2165	1.00E+02
2170	1.00E+02
2175	1.00E+02
2180	1.00E+02
2185	1.00E+02
2190	1.00E+02
2195	1.00E+02
2200	1.00E+02
2205	1.00E+02
2210	1.00E+02
2215	1.00E+02
2220	1.00E+02
2225	1.00E+02
2230	1.00E+02
2235	1.00E+02
2240	1.00E+02
2245	1.00E+02
2250	1.00E+02
2255	1.00E+02
2260	1.00E+02
2265	1.00E+02
2270	1.00E+02
2275	1.00E+02
2280	1.00E+02
2285	1.00E+02
2290	1.00E+02
2295	1.00E+02
2300	1.00E+02
2305	1.00E+02
2310	1.00E+02
2315	1.00E+02
2320	1.00E+02
2325	1.00E+02
2330	1.00E+02
2335	1.00E+02
2340	1.00E+02
2345	1.00E+02
2350	1.00E+02
2355	1.00E+02
2360	1.00E+02
2365	1.00E+02
2370	1.00E+02
2375	1.00E+02
2380	1.00E+02
2385	1.00E+02
2390	1.00E+02
2395	1.00E+02
2400	1.00E+02
2405	1.00E+02
2410	1.00E+02
2415	1.00E+02
2420	1.00E+02
2425	1.00E+02
2430	1.00E+02
2435	1.00E+02
2440	1.00E+02
2445	1.00E+02
2450	1.00E+02
2455	1.00E+02
2460	1.00E+02
2465	1.00E+02
2470	1.00E+02
2475	1.00E+02
2480	1.00E+02
2485	1.00E+02
2490	1.00E+02
2495	1.00E+02
2500	1.00E+02
2505	1.00E+02
2510	1.00E+02
2515	1.00E+02
2520	1.00E+02
2525	1.00E+02
2530	1.00E+02
2535	1.00E+02
2540	1.00E+02
2545	1.00E+02
2550	1.00E+02
2555	1.00E+02
2560	1.00E+02
2565	1.00E+02
2570	1.00E+02
2575	1.00E+02
2580	1.00E+02
2585	1.00E+02
2590	1.00E+02
2595	1.00E+02
2600	1.00E+02
2605	1.00E+02
2610	1.00E+02
2615	1.00E+02
2620	1.00E+02
2625	1.00E+02
2630	1.00E+02
2635	1.00E+02
2640	1.00E+02
2645	1.00E+02
2650	1.00E+02
2655	1.00E+02
2660	1.00E+02
2665	1.00E+02
2670	1.00E+02
2675	1.00E+02
2680	1.00E+02
2685	1.00E+02
2690	1.00E+02
2695	1.00E+02
2700	1.00E+02
2705	1.00E+02
2710	1.00E+02
2715	1.00E+02
2720	1.00E+02
2725	1.00E+02
2730	1.00E+02
2735	1.00E+02
2740	1.00E+02
2745	1.00E+02
2750	1.00E+02
2755	1.00E+02
2760	1.00E+02
2765	1.00E+02
2770	1.00E+02
2775	1.00E+02
2780	1.00E+02
2785	1.00E+02
2790	1.00E+02
2795	1.00E+02
2800	1.00E+02
2805	1.00E+02
2810	1.00E+02
2815	1.00E+02
2820	1.00E+02
2825	1.00E+02
2830	1.00E+02
2835	1.00E+02
2840	1.00E+02
2845	1.00E+02
2850	1.00E+02
2855	1.00E+02
2860	1.00E+02
2865	1.00E+02
2870	1.00E+02
2875	1.00E+02
2880	1.00E+02
2885	1.00E+02
2890	1.00E+02
2895	1.00E+02
2900	1.00E+02
2905	1.00E+02
2910	1.00E+02
2915	1.00E+02
2920	1.00E+02
2925	1.00E+02
2930	1.00E+02
2935	1.00E+02
2940	1.00E+02
2945	1.00E+02
2950	1.00E+02
2955	1.00E+02
2960	1.00E+02
2965	1.00E+02
2970	1.00E+02
2975	1.00E+02
2980	1.00E+02
2985	1.00E+02
2990	1.00E+02
2995	1.00E+02
3000	1.00E+02
3005	1.00E+02
3010	1.00E+02
3015	1.00E+02
3020	1.00E+02
3025	1.00E+02
3030	1.00E+02
3035	1.00E+02
3040	1.00E+02
3045	1.00E+02
3050	1.00E+02
3055	1.00E+02
3060	1.00E+02
3065	1.00E+02
3070	1.00E+02
3075	1.00E+02
3080	1.00E+02
3085	1.00E+02
3090	1.00E+02
3095	1.00E+02
3100	1.00E+02
3105	1.00E+02
3110	1.00E+02
3115	1.00E+02
3120	1.00E+02
3125	1.00E+02
3130	1.00E+02
3135	1.00E+02
3140	1.00E+02
3145	1.00E+02
3150	1.00E+02
3155	1.00E+02
3160	1.00E+02
3165	1.00E+02
3170	1.00E+02
3175	1.00E+02
3180	1.00E+02
3185	1.00E+02
3190	1.00E+02
3195	1.00E+02
3200	1.00E+02
3205	1.00E+02
3210	1.00E+02
3215	1.00E+02
3220	1.00E+02
3225	1.00E+02
3230	1.00E+02
3235	1.00E+02
3240	1.00E+02
3245	1.00E+02
3250	1.00E+02
3255	1.00E+02
3260	1.00E+02
3265	1.00E+02
3270	1.00E+02
3275	1.00E+02
3280	1.00E+02
3285	1.00E+02
3290	1.00E+02
3295	1.00E+02
3300	1.00E+02
3305	1.00E+02
3310	1.00E+02
3315	1.00E+02
3320	1.00E+02
3325	1.00E+02
3330	1.00E+02
3335	1.00E+02
3340	1.00E+02
3345	1.00E+02
3350	1.00E+02
3355	1.00E+02
3360	1.00E+02
3365	1.00E+02
3370	1.00E+02
3375	1.00E+02
3380	1.00E+02
3385	1.00E+02
3390	1.00E+02
3395	1.00E+02
3400	1.00E+02
3405	1.00E+02
3410	1.00E+02
3415	1.00E+02
3420	1.00E+02
3425	1.00E+02
3430	1.00E+02
3435	1.00E+02
3440	1.00E+02
3445	1.00E+02
3450	1.00E+02
3455	1.00E+02
3460	1.00E+02
3465	1.00E+02
3470	1.00E+02
3475	1.00E+02
3480	1.00E+02
3485	1.00E+02
3490	1.00E+02
3495	1.00E+02
3500	1.00E+02
3505	1.00E+02
3510	1.00E+02
3515	1.00E+02
3520	1.00E+02
3525	1.00E+02
3530	1.00E+02
3535	1.00E+02
3540	1.00E+02
3545	1.00E+02
3550	1.00E+02
3555	1.00E+02
3560	1.00E+02
3565	1.00E+02
3570	1.00E+02
3575	1.00E+02
3580	1.00E+02
3585	1.00E+02
3590	1.00E+02
3595	1.00E+02
3600	1.00E+02
3605	1.00E+02
3610	1.00E+02
3615	1.00E+02
3620	1.00E+02
3625	1.00E+02
3630	1.00E+02
3635	1.00E+02
3640	1.00E+02
3645	1.00E+02
3650	1.00E+02
3655	1.00E+02
3660	1.00E+02
3665	1.00E+02
3670	1.00E+02
3675	1.00E+02
3680	1.00E+02
3685	1.00E+02
3690	1.00E+02
3695	1.00E+02
3700	1.00E+02
3705	1.00E+02
3710	1.00E+02
3715	1.00E+02
3720	1.00E+02
3725	1.00E+02
3730	1.00E+02
3735	1.00E+02
3740	1.00E+02
3745	1.00E+02
3750	1.00E+02
3755	1.00E+02
3760	1.00E+02
3765	1.00E+02
3770	1.00E+02
3775	1.00E+02
3780	1.00E+02
3785	1.00E+02
3790	1.00E+02
3795	1.00E+02
3800	1.00E+02
3805	1.00E+02
3810	1.00E+02
3815	1.00E+02
3820	1.00E+02
3825	1.00E+02
3830	1.00E+02
3835	1.00E+02
3840	1.00E+02
3845	1.00E+02
3850	1.00E+02
3855	1.00E+02
3860	1.00E+02
3865	1.00E+02
3870	1.00E+02
3875	1.00E+02
3880	1.00E+02
3885	1.00E+02
3890	1.00E+02
3895	1.00E+02
3900	1.00E+02
3905	1.00E+02
3910	1.00E+02
3915	1.00E+02
3920	1.00E+02
3925	1.00E+02
3930	1.00E+02
3935	1.00E+02
3940	1.00E+02
3945	1.00E+02
3950	1.00E+02
3955	1.00E+02
3960	1.00E+02
3965	1.00E+02
3970	1.00E+02
3975	1.00E+02
3980	1.00E+02
3985	1.00E+02
3990	1.00E+02
3995	1.00E+02
4000	1.00E+02
4005	1.00E+02
4010	1.00E+02
4015	1.00E+02
4020	1.00E+02
4025	1.00E+02
4030	1.00E+02
4035	1.00E+02
4040	1.00E+02
4045	1.00E+02
4050	1.00E+02
4055	1.00E+02
4060	1.00E+02
4065	1.00E+02
4070	1.00E+02
4075	1.00E+02
4080	1.00E+02
4085	1.00E+02
4090	1.00E+02
4095	1.00E+02
4100	1.00E+02
4105	1.00E+02
4110	1.00E+02
4115	1.00E+02
4120	1.00E+02
4125	1.00E+02
4130	1.00E+02
4135	1.00E+02
4140	1.00E+02
4145	1.00E+02
4150	1.00E+02
4155	1.00E+02
4160	1.00E+02
4165	1.00E+02
4170	1.00E+02
4175	1.00E+02
4180	1.00E+02
4185	1.00E+02
4190	1.00E+02
4195	1.00E+02
4200	1.00E+02
4205	1.00E+02
4210	1.00E+02
4215	1.00E+02
4220	1.00E+02
4225	1.00E+02
4230	1.00E+02
4235	1.00E+02
4240	1.00E+02
4245	1.00E+02
4250	1.00E+02
4255	1.00E+02
4260	1.00E+02
4265	1.00E+02
4270	1.00E+02
4275	1.00E+02
4280	1.00E+02
4285	1.00E+02
4290	1.00E+02
4295	1.00E+02
4300	1.00E+02
4305	1.00E+02
4310	1.00E+02
4315	1.00E+02
4320	1.00E+02
4325	1.00E+02
4330	1.00E+02
4335	1.00E+02
4340	1.00E+02
4345	1.00E+02
4350	1.00E+02
4355	1.00E+02
4360	1.00E+02
4365	1.00E+02
4370	1.00E+02
4375	1.00E+02
4380	1.00E+02
4385	1.00E+02
4390	1.00E+02
4395	1.00E+02
4400	1.00E+02
4405	1.00E+02
4410	1.00E+02
4415	1.00E+02
4420	1.00E+02
4425	1.00E+02
4430	1.00E+02
4435	1.00E+02
4440	1.00E+02
4445	1.00E+02
4450	1.00E+02
4455	1.00E+02
4460	1.00E+02
4465	1.00E+02
4470	1.00E+02
4475	1.00E+02
4480	1.00E+02
4485	1.00E+02
4490	1.00E+02
4495	1.00E+02
4500	1.00E+02
4505	1.00E+02
4510	1.00E+02
4515	1.00E+02
4520	1.00E+02
4525	1.00E+02
4530	1.00E+02
4535	1.00E+02
4540	1.00E+02
4545	1.00E+02
4550	1.00E+02
4555	1.00E+02
4560	1.00E+02
4565	1.00E+02
4570	1.00E+02
4575	1.00E+02
4580	1.00E+02
4585	1.00E+02
4590	1.00E+02
4595	1.00E+02
4600	1.00E+02
4605	1.00E+02
4610	1.00E+02
4615	1.00E+02
4620	1.00E+02
4625	1.00E+02
4630	1.00E+02
4635	1.00E+02
4640	1.00E+02
4645	1.00E+02
4650	1.00E+02
4655	1.00E+02
4660	1.00E+02
4665	1.00E+02
4670	1.00E+02
4675	1.00E+02
4680	1.00E+02
4685	1.00E+02
4690	1.00E+02
4695	1.00E+02
4700	1.00E+02
4705	1.00E+02
4710	1.00E+02
4715	1.00E+02
4720	1.00E+02
4725	1.00E+02
4730	1.00E+02
4735	1.00E+02
4740	1.00E+02
4745	1.00E+02
4750	1.00E+02
4755	1.00E+02
4760	1.00E+02
4765	1.00E+02
4770	1.00E+02
4775	1.00E+02
4780	1.00E+02
4785	1.00E+02
4790	1.00E+02
4795	1.00E+02
4800	1.00E+02
4805	1.00E+02
4810	1.00E+02
4815	1.00E+02
4820	1.00E+02
4825	1.00E+02
4830	1.00E+02
4835	1.00E+02
4840	1.00E+02
4845	1.00E+02
4850	1.00E+02
4855	1.00E+02
4860	1.00E+02
4865	1.00E+02
4870	1.00E+02
4875	1.00E+02
4880	1.00E+02
4885	1.00E+02
4890	1.00E+02
4895	1.00E+02
4900	1.00E+02
4905	1.00E+02
4910	1.00E+02
4915	1.00E+02
4920	1.00E+02
4925	1.00E+02
4930	1.00E+02
4935	1.00E+02
4940	1.00E+02
4945	1.00E+02
4950	1.00E+02
4955	1.00E+02
4960	1.00E+02
4965	1.00E+02
4970	1.00E+02
4975	1.00E+02
4980	1.00E+02
4985	1.00E+02
4990	1.00E+02
4995	1.00E+02
5000	1.00E+02
5005	1.00E+02
5010	1.00E+02
5015	1.00E+02
5020	1.00E+02
5025	1.00E+02
5030	1.00E+02
5035	1.00E+02
5040	1.00E+02
5045	1.00E+02
5050	1.00E+02
5055	1.00E+02
5060	1.00E+02
5065	1.00E+02
5070	1.00E+02
5075	1.00E+02
5080	1.00E+02
5085	1.00E+02
5090	1.00E+02
5095	1.00E+02
5100	1.00E+02
5105	1.00E+02
5110	1.00E+02
5115	1.00E+02
5120	1.00E+02
5125	1.00E+02
5130	1.00E+02
5135	1.00E+02
5140	1.00E+02
5145	1.00E+02
5150	1.00E+02
5155	1.00E+02
5160	1.00E+02
5165	1.00E+02
5170	1.00E+02
5175	1.00E+02
5180	1.00E+02
5185	1.00E+02
5190	1.00E+02
5195	1.00E+02
5200	1.00E+02
5205	1.00E+02
5210	1.00E+02
5215	1.00E+02
5220	1.00E+02
5225	1.00E+02
5230	1.00E+02
5235	1.00E+02
5240	1.00E+02
5245	1.00E+02
5250	1.00E+02
5255	1.00E+02
5260	1.00E+02
5265	1.00E+02
5270	1.00E+02
5275	1.00E+02
5280	1.00E+02
5285	1.00E+02
5290	1.00E+02
5295	1.00E+02
5300	1.00E+02
5305	1.00E+02
5310	1.00E+02
5315	1.00E+02
5320	1.00E+02
5325	1.00E+02
5330	1.00E+02
5335	1.00E+02
5340	1.00E+02
5345	1.00E+02
5350	1.00E+02
5355	1.00E+02
5360	1.00E+02
5365	1.00E+02
5370	1.00E+02
5375	1.00E+02
5380	1.00E+02
5385	1.00E+02
5390	1.00E+02
5395	1.00E+02
5400	1.00E+02
5405	1.00E+02
5410	1.00E+02
5415	1.00E+02
5420	1.00E+02
5425	1.00E+02
5430	1.00E+02
5435	1.00E+02
5440	1.00E+02
5445	1.00E+02
5450	1.00E+02
5455	1.00E+02
5460	1.00E+02
5465	1.00E+02
5470	1.00E+02
5475	1.00E+02
5480	1.00E+02
5485	1.00E+02
5490	1.00E+02
5495	1.00E+02
5500	1.00E+02
5505	1.00E+02
5510	1.00E+02
5515	1.00E+02
5520	1.00E+02
5525	1.00E+02
5530	1.00E+02
5535	1.00E+02
5540	1.00E+02
5545	1.00E+02
5550	1.00E+02
5555	1.00E+02
5560	1.00E+02
5565	1.00E+02
5570	1.00E+02
5575	1.00E+02
5580	1.00E+02
5585	1.00E+02
5590	1.00E+02
5595	1.00E+02
5600	1.00E+02
5605	1.00E+02
5610	1.00E+02
5615	1.00E+02
5620	1.00E+02
5625	1.00E+02
5630	1.00E+02
5635	1.00E+02
5640	1.00E+02
5645	1.00E+02
5650	1.00E+02
5655	1.00E+02
5660	1.00E+02
5665	1.00E+02
5670	1.00E+02
5675	1.00E+02
5680	1.00E+02
5685	1.00E+02
5690	1.00E+02
5695	1.00E+02
5700	1.00E+02
5705	1.00E+02
5710	1.00E+02
5715	1.00E+02
5720	1.00E+02
5725	1.00E+02
5730	1.00E+02
5735	1.00E+02
5740	1.00E+02
5745	1.00E+02
5750	1.00E+02
5755	1.00E+02
5760	1.00E+02
5765	1.00E+02
5770	1.00E+02
5775	1.00E+02
5780	1.00E+02
5785	1.00E+02
5790	1.00E+02
5795	1.00E+02
5800	1.00E+02
5805	1.00E+02
5810	1.00E+02
5815	1.00E+02
5820	1.00E+02
5825	1.00E+02
5830	1.00E+02
5835	1.00E+02
5840	1.00E+02
5845	1.00E+02
5850	1.00E+02
5855	1.00E+02
5860	1.00E+02
5865	1.00E+02
5870	1.00E+02
5875	1.00E+02
5880	1.00E+02
5885	1.00E+02
5890	1.00E+02
5895	1.00E+02
5900	1.00E+02
5905	1.00E+02
5910	1.00E+02
5915	1.00E+02
5920	1.00E+02
5925	1.00E+02
5930	1.00E+02
5935	1.00E+02
5940	1.00E+02
5945	1.00E+02
5950	1.00E+02
5955	1.00E+02
5960	1.00E+02
5965	1.00E+02
5970	1.00E+02
5975	1.00E+02
5980	1.00E+02
5985	1.00E+02
5990	1.00E+02
5995	1.00E+02
6000	1.00E+02
6005	1.00E+02
6010	1.00E+02
6015	1.00E+02
6020	1.00E+02
6025	1.00E+02
6030	1.00E+02
6035	1.00E+02
6040	1.00E+02
6045	1.00E+02
6050	1.00E+02
6055	1.00E+02
6060	1.00E+02
6065	1.00E+02
6070	1.00E+02
6075	1.00E+02
6080	1.00E+02
6085	1.00E+02
6090	1.00E+02
6095	1.00E+02
6100	1.00E+02
6105	1.00E+02
6110	1.00E+02
6115	1.00E+02
6120	1.00E+02
6125	1.00E+02
6130	1.00E+02
6135	1.00E+02
6140	1.00E+02
6145	1.00E+02
6150	1.00E+02
6155	1.00E+02
6160	1.00E+02
6165	1.00E+02
6170	1.00E+02
6175	1.00E+02
6180	1.00E+02
6185	1.00E+02
6190	1.00E+02
6195	1.00E+02
6200	1.00E+02
6205	1.00E+02
6210	1.00E+02
6215	1.00E+02
6220	1.00E+02
6225	1.00E+02
6230	1.00E+02
6235	1.00E+02
6240	1.00E+02
6245	1.00E+02
6250	1.00E+02
6255	1.00E+02
6260	1.00E+02
6265	1.00E+02
6270	1.00E+02
6275	1.00E+02
6280	1.00E+02
6285	1.00E+02
6290	1.00E+02
6295	1.00E+02
6300	1.00E+02
6305	1.00E+02
6310	1.00E+02
6315	1.00E+02
6320	1.00E+02
6325	1.00E+02
6330	1.00E+02
6335	1.00E+02
6340	1.00E+02
6345	1.00E+02
6350	1.00E+02
6355	1.00E+02
6360	1.00E+02
6365	1.00E+02
6370	1.00E+02
6375	1.00E+02
6380	1.00E+02
6385	1.00E+02
6390	1.00E+02
6395	1.00E+02
6400	1.00E+02
6405	1.00E+02
6410	1.00E+02
6415	1.00E+02
6420	1.00E+02
6425	1.00E+02
6430	1.00E+02
6435	1.00E+02
6440	1.00E+02
6445	1.00E+02
6450	1.00E+02
6455	1.00E+02
6460	1.00E+02
6465	1.00E+02
6470	1.00E+02
6475	1.00E+02
6480	1.00E+02
6485	1.00E+02
6490	1.00E+02
6495	1.00E+02
6500	1.00E+02
6505	1.00E+02
6510	1.00E+02
6515	1.00E+02
6520	1.00E+02
6525	1.00E+02
6530	1.00E+02
6535	1.00E+02
6540	1.00E+02
6545	1.00E+02
6550	1.00E+02
6555	1.00E+02
6560	1.00E+02
6565	1.00E+02
6570	1.00E+02
6575	1.00E+02
6580	1.00E+02
6585	1.00E+02
6590	1.00E+02
6595	1.00E+02
6600	1.00E+02
6605	1.00E+02
6610	1.00E+02
6615	1.00E+02
6620	1.00E+02
6625	1.00E+02
6630	1.00E+02
6635	1.00E+02
6640	1.00E+02
6645	1.00E+02
6650	1.00E+02
6655	1.00E+02
6660	1.00E+02
6665	1.00E+02
6670	1.00E+02
6675	1.00E+02
6680	1.00E+02
6685	1.00E+02
6690	1.00E+02
6695	1.00E+02
6700	1.00E+02
6705	1.00E+02
6710	1.00E+02
6715	1.00E+02
6720	1.00E+02
6725	1.00E+02
6730	1.00E+02
6735	1.00E+02
6740	1.00E+02
6745	1.00E+02
6750	1.00E+02
6755	1.00E+02
6760	1.00E+02
6765	1.00E+02
6770	1.00E+02
6775	1.00E+02
6780	1.00E+02
6785	1.00E+02
6790	1.00E+02
6795	1.00E+02
6800	1.00E+02
6805	1.00E+02
6810	1.00E+02
6815	1.00E+02
6820	1.00E+02
6825	1.00E+02
6830	1.00E+02
6835	1.00E+02
6840	1.00E+02
6845	1.00E+02
6850	1.00E+02
6855	1.00E+02
6860	1.00E+02
6865	1.00E+02
6870	1.00E+02
6875	1.00E+02
6880	1.00E+02
6885	1.00E+02
6890	1.00E+02
6895	1.00E+02
6900	1.00E+02
6905	1.00E+02
6910	1.00E+02
6915	1.00E+02
6920	1.00E+02
6925	1.00E+02
6930	1.00E+02
6935	1.00E+02
6940	1.00E+02
6945	1.00E+02
6950	1.00E+02
6955	1.00E+02
6960	1.00E+02
6965	1.00E+02
6970	1.00E+02
6975	1.00E+02
6980	1.00E+02
6985	1.00E+02
6990	1.00E+02
6995	1.00E+02
7000	1.00E+02
7005	1.00E+02
7010	1.00E+02
7015	1.00E+02
7020	1.00E+02
7025	1.00E+02
7030	1.00E+02
7035	1.00E+02
7040	1.00E+02
7045	1.00E+02
7050	1.00E+02
7055	1.00E+02
7060	1.00E+02
7065	1.00E+02
7070	1.00E+02
7075	1.00E+02
7080	1.00E+02
7085	1.00E+02
7090	1.00E+02
7095	1.00E+02
7100	1.00E+02
7105	1.00E+02
7110	1.00E+02
7115	1.00E+02
7120	1.00E+02
7125	1.00E+02
7130	1.00E+02
7135	1.00E+02
7140	1.00E+02
7145	1.00E+02
7150	1.00E+02
7155	1.00E+02
7160	1.00E+02
7165	1.00E+02
7170	1.00E+02
7175	1.00E+02
7180	1.00E+02
7185	1.00E+02
7190	1.00E+02
7195	1.00E+02
7200	1.00E+02
7205	1.00E+02
7210	1.00E+02
7215	1.00E+02
7220	1.00E+02
7225	1.00E+02
7230	1.00E+02
7235	1.00E+02
7240	1.00E+02
7245	1.00E+02
7250	1.00E+02
7255	1.00E+02
7260	1.00E+02
7265	1.00E+02
7270	1.00E+02
7275	1.00E+02
7280	1.00E+02
7285	1.00E+02
7290	1.00E+02
7295	1.00E+02
7300	1.00E+02
7305	1.00E+02
7310	1.00E+02
7315	1.00E+02
7320	1.00E+02
7325	1.00E+02
7330	1.00E+02
7335	1.00E+02
7340	1.00E+02
7345	1.00E+02
7350	1.00E+02
7355	1.00E+02
7360	1.00E+02
7365	1.00E+02
7370	1.00E+02
7375	1.00E+02
7380	1.00E+02
7385	1.00E+02
7390	1.00E+02
7395	1.00E+02
7400	1.00E+02
7405	1.00E+02
7410	1.00E+02
7415	1.00E+02
7420	1.00E+02
7425	1.00E+02
7430	1.00E+02
7435	1.00E+02
7440	1.00E+02
7445	1.00E+02
7450	1.00E+02
7455	1.00E+02
7460	1.00E+02
7465	1.00E+02
7470	1.00E+02
7475	1.00E+02
7480	1.00E+02
7485	1.00E+02
7490	1.00E+02
7495	1.00E+02
7500	1.00E+02
7505	1.00E+02
7510	1.00E+02
7515	1.00E+02
7520	1.00E+02
7525	1.00E+02
7530	1.00E+02
7535	1.00E+02
7540	1.00E+02
7545	1.00E+02
7550	1.00E+02
7555	1.00E+02
7560	1.00E+02
7565	1.00E+02
7570	1.00E+02
7575	1.00E+02
7580	1.00E+02
7585	1.00E+02
7590	1.00E+02
7595	1.00E+02
7600	1.00E+02
7605	1.00E+02
7610	1.00E+02
7615	1.00E+02
7620	1.00E+02
7625	1.00E+02
7630	1.00E+02
7635	1.00E+02
7640	1.00E+02
7645	1.00E+02
7650	1.00E+02
7655	1.00E+02
7660	1.00E+02
7665	1.00E+02
7670	1.00E+02
7675	1.00E+02
7680	1.00E+02
7685	1.00E+02
7690	1.00E+02
7695	1.00E+02
7700	1.00E+02
7705	1.00E+02
7710	1.00E+02
7715	1.00E+02
7720	1.00E+02
7725	1.00E+02
7730	1.00E+02
7735	1.00E+02
7740	1.00E+02
7745	1.00E+02
7750	1.00E+02
7755	1.00E+02
7760	1.00E+02
7765	1.00E+02
7770	1.00E+02
7775	1.00E+02
7780	1.00E+02
7785	1.00E+02
7790	1.00E+02
7795	1.00E+02
7800	1.00E+02
7805	1.00E+02
7810	1.00E+02
7815	1.00E+02
7820	1.00E+02
7825	1.00E+02
7830	1.00E+02
7835	1.00E+02
7840	1.00E+02
7845	1.00E+02
7850	1.00E+02
7855	1.00E+02
7860	1.00E+02
7865	1.00E+02
7870	1.00E+02
7875	1.00E+02
7880	1.00E+02
7885	1.00E+02
7890	1.00E+02
7895	1.00E+02
7900	1.00E+02
7905	1.00E+02
7910	1.00E+02
7915	1.00E+02
7920	1.00E+02
7925	1.00E+02
7930	1.00E+02
7935	1.00E+02
7940	1.00E+02
7945	1.00E+02
7950	1.00E+02
7955	1.00E+02
7960	1.00E+02
7965	1.00E+02
7970	1.00E+02
7975	1.00E+02
7980	1.00E+02
7985	1.00E+02
7990	1.00E+02
7995	1.00E+02
8000	1.00E+02
8005	1.00E+02
8010	1.00E+02
8015	1.00E+02
8020	1.00E+02
8025	1.00E+02
8030	1.00E+02
8035	1.00E+02
8040	1.00E+02
8045	1.00E+02
8050	1.00E+02
8055	1.00E+02
8060	1.00E+02
8065	1.00E+02
8070	1.00E+02
8075	1.00E+02
8080	1.00E+02
8085	1.00E+02
8090	1.00E+02
8095	1.00E+02
8100	1.00E+02
8105	1.00E+02
8110	1.00E+02
8115	1.00E+02
8120	1.00E+02
8125	1.00E+02
8130	1.00E+02
8135	1.00E+02
8140	1.00E+02
8145	1.00E+02
8150	1.00E+02
8155	1.00E+02
8160	1.00E+02
8165	1.00E+02
8170	1.00E+02
8175	1.00E+02
8180	1.00E+02
8185	1.00E+02
8190	1.00E+02
8195	1.00E+02
8200	1.00E+02
8205	1.00E+02
8210	1.00E+02
8215	1.00E+02
8220	1.00E+02
8225	1.00E+02
8230	1.00E+02
8235	1.00E+02
8240	1.00E+02
8245	1.00E+02
8250	1.00E+02
8255	1.00E+02
8260	1.00E+02
8265	1.00E+02
8270	1.00E+02
8275	1.00E+02
8280	1.00E+02
8285	1.00E+02
8290	1.00E+02
8295	1.00E+02
8300	1.00E+02
8305	1.00E+02
8310	1.00E+02
8315	1.00E+02
8320	1.00E+02
8325	1.00E+02
8330	1.00E+02
8335	1.00E+02
8340	1.00E+02
8345	1.00E+02
8350	1.00E+02
8355	1.00E+02
8360	1.00E+02
8365	1.00E+02
8370	1.00E+02
8375	1.00E+02
8380	1.00E+02
8385	1.00E+02
8390	1.00E+02
8395	1.00E+02
8400	1.00E+02
8405	1.00E+02
8410	1.00E+02
8415	1.00E+02
8420	1.00E+02
8425	1.00E+02
8430	1.00E+02
8435	1.00E+02
8440	1.00E+02
8445	1.00E+02
8450	1.00E+02
8455	1.00E+02
8460	1.00E+02
8465	1.00E+02
8470	1.00E+02
8475	1.00E+02
8480	1.00E+02
8485	1.00E+02
8490	1.00E+02
8495	1.00E+02
8500	1.00E+02
8505	1.00E+02
8510	1.00E+02
8515	1.00E+02
8520	1.00E+02
8525	1.00E+02
8530	1.00E+02
8535	1.00E+02
8540	1.00E+02
8545	1.00E+02
8550	1.00E+02
8555	1.00E+02
8560	1.00E+02
8565	1.00E+02
8570	1.00E+02
8575	1.00E+02
8580	1.00E+02
8585	1.00E+02
8590	1.00E+02
8595	1.00E+02
8600	1.00E+02
8605	1.00E+02
8610	1.00E+02
8615	1.00E+02
8620	1.00E+02
8625	1.00E+02
8630	1.00E+02
8635	1.00E+02
8640	1.00E+02
8645	1.00E+02
8650	1.00E+02
8655	1.00E+02
8660	1.00E+02
8665	1.00E+02
8670	1.00E+02
8675	1.00E+02
8680	1.00E+02
8685	1.00E+02
8690	1.00E+02
8695	1.00E+02
8700	1.00E+02
8705	1.00E+02
8710	1.00E+02
8715	1.00E+02
8720	1.00E+02
8725	1.00E+02
8730	1.00E+02
8735	1.00E+02
8740	1.00E+02
8745	1.00E+02
8750	1.00E+02
8755	1.00E+02
8760	1.00E+02
8765	1.00E+02
8770	1.00E+02
8775	1.00E+02
8780	1.00E+02
8785	1.00E+02
8790	1.00E+02
8795	1.00E+02
8800	1.00E+02
8805	1.00E+02
8810	1.00E+02
8815	1.00E+02
8820	1.00E+02
8825	1.00E+02
8830	1.00E+02
8835	1.00E+02
8840	1.00E+02
8845	1.00E+02
8850	1.00E+02
8855	1.00E+02
8860	1.00E+02
8865	1.00E+02
8870	1.00E+02
8875	1.00E+02
8880	1.00E+02
8885	1.00E+02
8890	1.00E+02
8895	1.00E+02
8900	1.00E+02
8905	1.00E+02
8910	1.00E+02
8915	1.00E+02
8920	1.00E+02
8925	1.00E+02
8930	1.00E+02
8935	1.00E+02
8940	1.00E+02
8945	1.00E+02
8950	1.00E+02
8955	1.00E+02
8960	1.00E+02
8965	1.00E+02
8970	1.00E+02
8975	1.00E+02
8980	1.00E+02
8985	1.00E+02
8990	1.00E+02
8995	1.00E+02
9000	1.00E+02
9005	1.00E+02
9010	1.00E+02
9015	1.00E+02
9020	1.00E+02
9025	1.00E+02
9030	1.00E+02
9035	1.00E+02
9040	1.00E+02
9045	1.00E+02
9050	1.00E+02
9055	1.00E+02
9060	1.00E+02
9065	1.00E+02
9070	1.00E+02
9075	1.00E+02
9080	1.00E+02
9085	1.00E+02
9090	1.00E+02
9095	1.00E+02
9100	1.00E+02
9105	1.00E+02
9110	1.00E+02
9115	1.00E+02
9120	1.00E+02
9125	1.00E+02
9130	1.00E+02
9135	1.00E+02
9140	1.00E+02
9145	1.00E+02
9150	1.00E+02
9155	1.00E+02
9160	1.00E+02
9165	1.00E+02
9170	1.00E+02
9175	1.00E+02
9180	1.00E+02
9185	1.00E+02
9190	1.00E+02
9195	1.00E+02
9200	1.00E+02
9205	1.00E+02
9210	1.00E+02
9215	1.00E+02
9220	1.00E+02
9225	1.00E+02
9230	1.00E+02
9235	1.00E+02
9240	1.00E+02
9245	1.00E+02
9250	1.00E+02
9255	1.00E+02
9260	1.00E+02
9265	1.00E+02
9270	1.00E+02
9275	1.00E+02
9280	1.00E+02
9285	1.00E+02
9290	1.00E+02
9295	1.00E+02
9300	1.00E+02
9305	1.00E+02
9310	1.00E+02
9315	1.00E+02
9320	1.00E+02
9325	1.00E+02
9330	1.00E+02
9335	1.00E+02
9340	1.00E+02
9345	1.00E+02
9350	1.00E+02
9355	1.00E+02
9360	1.00E+02
9365	1.00E+02
9370	1.00E+02
9375	1.00E+02
9380	1.00E+02
9385	1.00E+02
9390	1.00E+02
9395	1.00E+02
9400	1.00E+02
9405	1.00E+02
9410	1.00E+02
9415	1.00E+02
9420	1.00E+02
9425	1.00E+02
9430	1.00E+02
9435	1.00E+02
9440	1.00E+02
9445	1.00E+02
9450	1.00E+02
9455	1.00E+02
9460	1.00E+02
9465	1.00E+02
9470	1.00E+02
9475	1.00E+02
9480	1.00E+02
9485	1.00E+02
9490	1.00E+02
9495	1.00E+02
9500	1.00E+02
9505	1.00E+02
9510	1.00E+02
9515	1.00E+02
9520	1.00E+02
9525	1.00E+02
9530	1.00E+02
9535	1.00E+02
9540	1.00E+02
9545	1.00E+02
9550	1.00E+02
9555	1.00E+02
9560	1.00E+02
9565	1.00E+02
9570	1.00E+02
9575	1.00E+02
9580	1.00E+02
9585	1.00E+02
9590	1.00E+02
9595	1.00E+02
9600	1.00E+02
9605	1.00E+02
9610	1.00E+02
9615	1.00E+02
9620	1.00E+02
9625	1.00E+02
9630	1.00E+02
9635	1.00E+02
9640	1.00E+02
9645	1.00E+02
9650	1.00E+02
9655	1.00E+02
9660	1.00E+02
9665	1.00E+02
9670	1.00E+02
9675	1.00E+02
9680	1.00E+02
9685	1.00E+02
9690	1.00E+02
9695	1.00E+02
9700	1.00E+02
9705	1.00E+02
9710	1.00E+02
9715	1.00E+02
9720	1.00E+02
9725	1.00E+02
9730	1.00E+02
9735	1.00E+02
9740	1.00E+02
9745	1.00E+02
9750	1.00E+02
9755	1.00E+02
9760	1.00E+02
9765	1.00E+02
9770	1.00E+02
9775	1.00E+02
9780	1.00E+02
9785	1.00E+02
9790	1.00E+02
9795	1.00E+02
9800	1.00E+02
9805	1.00E+02
9810	1.00E+02
9815	1.00E+02
9820	1.00E+02
9825	1.00E+02
9830	1.00E+02
9835	1.00E+02
9840	1.00E+02
9845	1.00E+02
9850	1.00E+02
9855	1.00E+02
9860	1.00E+02
9865	1.00E+02
9870	1.00E+02
9875	1.00E+02
9880	1.00E+02
9885	1.00E+02
9890	1.00E+02
9895	1.00E+02
9900	1.00E+02
9905	1.00E+02
9910	1.00E+02
9915	1.00E+02
9920	1.00E+02
9925	1.00E+02
9930	1.00E+02
9935	1.00E+02
9940	1.00E+02
9945	1.00E+02
9950	1.00E+02
9955	1.00E+02
9960	1.00E+02
9965	1.00E+02
9970	1.00E+02
9975	1.00E+02
9980	1.00E+02
9985	1.00E+02
9990	1.00E+02
9995	1.00E+02
10000	1.00E+02
10005	1.00E+02
10010	1.00E+02
10015	1.00E+02
10020	1.00E+02
10025	1.00E+02
10030	1.00E+02
10035	1.00E+02
10040	1.00E+02
10045	1.00E+02
10050	1.00E+02
10055	1.00E+02
10060	1.00E+02
10065	1.00E+02
10070	1.00E+02
10075	1.00E+02
10080	1.00E+02
10085	1.00E+02
10090	1.00E+02
10095	1.00E+02
10100	1.00E+02
10105	1.00E+02
10110	1.00E+02
10115	1.00E+02
10120	1.00E+02
10125	1.00E+02
10130	1.00E+02
10135	1.00E+02
10140	1.00E+02
10145	1.00E+02
10150	1.00E+02
10155	1.00E+02
10160	1.00E+02
10165	1.00E+02
10170	1.00E+02
10175	1.00E+02
10180	1.00E+02
10185	1.00E+02
10190	1.00E+02
10195	1.00E+02
10200	1.00E+02
10205	1.00E+02
10210	1.00E+02
10215	1.00E+02
10220	1.00E+02
10225	1.00E+02
10230	1.00E+02
10235	1.00E+02
10240	1.00E+02
10245	1.00E+02
10250	1.00E+02
10255	1.00E+02
10260	1.00E+02
10265	1.00E+02
10270	1.00E+02
10275	1.00E+02
10280	1.00E+02
10285	1.00E+02
10290	1.00E+02
10295	1.00E+02
10300	1.00E+02
10305	1.00E+02
10310	1.00E+02
10315	1.00E+02
10320	1.00E+02
10325	1.00E+02
10330	1.00E+02
10335	1.00E+02
10340	1.00E+02
10345	1.00E+02
10350	1.00E+02
10355	1.00E+02
10360	1.00E+02
10365	1.00E+02
10370	1.00E+02
10375	1.00E+02
10380	1.00E+02
10385	1.00E+02
10390	1.00E+02
10395	1.00E+02
10400	1.00E+02
10405	1.00E+02
10410	1.00E+02
10415	1.00E+02
10420	1.00E+02
10425	1.00E+02
10430	1.00E+02
10435	1.00E+02
10440	1.00E+02
10445	1.00E+02
10450	1.00E+02
10455	1.00E+02
10460	1.00E+02
10465	1.00E+02
10470	1.00E+02
10475	1.00E+02
10480	1.00E+02
10485	1.00E+02
10490	1.00E+02
10495	1.00E+02
10500	1.00E+02
10505	1.00E+02
10510	1.00E+02
10515	1.00E+02
10520	1.00E+02
10525	1.00E+02
10530	1.00E+02
10535	1.00E+02
10540	1.00E+02
10545	1.00E+02
10550	1.00E+02
10555	1.00E+02
10560	1.00E+02
10565	1.00E+02
10570	1.00E+02
10575	1.00E+02
10580	1.00E+02
10585	1.00E+02
10590	1.00E+02
10595	1.00E+02
10600	1.00E+02
10605	1.00E+02
10610	1.00E+02
10615	1.00E+02
10620	1.00E+02
10625	1.00E+02
10630	1.00E+02
10635	1.00E+02
10640	1.00E+02
10645	1.00E+02
10650	1.00E+02
10655	1.00E+02
10660	1.00E+02
10665	1.00E+02
10670	1.00E+02
10675	1.00E+02
10680	1.00E+02
10685	1.00E+02
10690	1.00E+02
10695	1.00E+02
10700	1.00E+02
10705	1.00E+02
10710	1.00E+02
10715	1.00E+02
10720	1.00E+02
10725	1.00E+02
10730	1.00E+02
10735	1.00E+02
10740	1.00E+02
10745	1.00E+02
10750	1.00E+02
10755	1.00E+02
10760	1.00E+02
10765	1.00E+02
10770	1.00E+02
10775	1.00E+02
10780	1.00E+02
10785	1.00E+02
10790	1.00E+02
10795	1.00E+02
10800	1.00E+02
10805	1.00E+02
10810	1.00E+02
10815	1.00E+02
10820	1.00E+02
10825	1.00E+02
10830	1.00E+02
10835	1.00E+02
10840	1.00E+02
10845	1.00E+02
10850	1.00E+02
10855	1.00E+02
10860	1.00E+02
10865	1.00E+02
10870	1.00E+02
10875	1.00E+02
10880	1.00E+02
10885	1.00E+02
10890	1.00E+02
10895	1.00E+02
10900	1.00E+02
10905	1.00E+02
10910	1.00E+02
10915	1.00E+02
10920	1.00E+02
10925	1.00E+02
10930	1.00E+02
10935	1.00E+02
10940	1.00E+02
10945	1.00E+02
10950	1.00E+02
10955	1.00E+02
10960	1.00E+02
10965	1.00E+02
10970	1.00E+02
10975	1.00E+02
10980	1.00E+02
10985	1.00E+02
10990	1.00E+02
10995	1.00E+02
11000	1.00E+02
11005	1.00E+02
11010	1.00E+02
11015	1.00E+02
11020	1.00E+02
11025	1.00E+02
11030	1.00E+02
11035	1.00E+02
11040	1.00E+02
11045	1.00E+02
11050	1.00E+02
11055	1.00E+02
11060	1.00E+02
11065	1.00E+02
11070	1.00E+02
11075	1.00E+02
11080	1.00E+02
11085	1.00E+02
11090	1.00E+02
11095	1.00E+02
11100	1.00E+02
11105	1.00E+02
11110	1.00E+02
11115	1.00E+02
11120	1.00E+02
11125	1.00E+02
11130	1.00E+02
11135	1.00E+02
11140	1.00E+02
11145	1.00E+02
11150	1.00E+02
11155	1.00E+02
11160	1.00E+02
11165	1.00E+02
11170	1.00E+02
11175	1.00E+02
11180	1.00E+02
11185	1.00E+02
11190	1.00E+02
11195	1.00E+02
11200	1.00E+02
11205	1.00E+02
11210	1.00E+02
11215	1.00E+02
11220	1.00E+02
11225	1.00E+02
11230	1.00E+02
11235	1.00E+02
11240	1.00E+02
11245	1.00E+02
11250	1.00E+02
11255	1.00E+02
11260	1.00E+02
11265	1.00E+02
11270	1.00E+02
11275	1.00E+02
11280	1.00E+02
11285	1.00E+02
11290	1.00E+02
11295	1.00E+02
11300	1.00E+02
11305	1.00E+02
11310	1.00E+02
11315	1.00E+02
11320	1.00E+02
11325	1.00E+02
11330	1.00E+02
11335	1.00E+02
11340	1.00E+02
11345	1.00E+02
11350	1.00E+02
11355	1.00E+02
11360	1.00E+02
11365	1.00E+02
11370	1.00E+02
11375	1.00E+02
11380	1.00E+02
11385	1.00E+02
11390	1.00E+02
11395	1.00E+02
11400	1.00E+02
11405	1.00E+02
11410	1.00E+02
11415	1.00E+02
11420	1.00E+02
11425	1.00E+02
11430	1.00E+02
11435	1.00E+02
11440	1.00E+02
11445	1.00E+02
11450	1.00E+02
11455	1.00E+02
11460	1.00E+02
11465	1.00E+02
11470	1.00E+02
11475	1.00E+02
11480	1.00E+02
11485	1.00E+02
11490	1.00E+02
11495	1.00E+02
11500	1.00E+02
11505	1.00E+02
11510	1.00E+02
11515	1.00E+02
11520	1.00E+02
11525	1.00E+02
11530	1.00E+02
11535	1.00E+02
11540	1.00E+02
11545	1.00E+02
11550	1.00E+02
11555	1.00E+02
11560	1.00E+02
11565	1.00E+02
11570	1.00E+02
11575	1.00E+02
11580	1.00E+02
11585	1.00E+02
11590	1.00E+02
11595	1.00E+02
11600	1.00E+02
11605	1.00E+02
11610	1.00E+02
11615	1.00E+02
11620	1.00E+02
11625	1.00E+02
11630	1.00E+02
11635	1.00E+02
11640	1.00E+02
11645	1.00E+02
11650	1.00E+02
11655	1.00E+02
11660	1.00E+02
11665	1.00E+02
11670	1.00E+02
11675	1.00E+02
11680	1.00E+02
11685	1.00E+02
11690	1.00E+02
11695	1.00E+02
11700	1.00E+02
11705	1.00E+02
11710	1.00E+02
11715	1.00E+02
11720	1.00E+02
11725	1.00E+02
11730	1.00E+02
11735	1.00E+02
11740	1.00E+02
11745	1.00E+02
11750	1.00E+02
11755	1.00E+02
11760	1.00E+02
11765	1.00E+02
11770	1.00E+02
11775	1.00E+02
11780	1.00E+02
11785	1.00E+02
11790	1.00E+02
11795	1.00E+02
11800	1.00E+02
11805	1.00E+02
11810	1.00E+02
11815	1.00E+02
11820	1.00E+02
11825	1.00E+02
11830	1.00E+02
11835	1.00E+02
11840	1.00E+02
11845	1.00E+02
11850	1.00E+02
11855	1.00E+02
11860	1.00E+02
11865	1.00E+02
11870	1.00E+02
11875	1.00E+02
11880	1.00E+02
11885	1.00E+02
11890	1.00E+02
11895	1.00E+02
11900	1.00E+02
11905	1.00E+02
11910	1.00E+02
11915	1.00E+02
11920	1.00E+02
11925	1.00E+02
11930	1.00E+02
11935	1.00E+02
11940	1.00E+02
11945	1.00E+02
11950	1.00E+02
11955	1.00E+02
11960	1.00E+02
11965	1.00E+02
11970	1.00E+02
11975	1.00E+02
11980	1.00E+02
11985	1.00E+02
11990	1.00E+02
11995	1.00E+02
12000	1.00E+02
12005	1.00E+02
12010	1.00E+02
12015	1.00E+02
12020	1.00E+02
12025	1.00E+02
12030	1.00E+02
12035	1.00E+02
12040	1.00E+02
12045	1.00E+02
12050	1.00E+02
12055	1.00E+02
12060	1.00E+02
12065	1.00E+02
12070	1.00E+02
12075	1.00E+02
12080	1.00E+02
12085	1.00E+02
12090	1.00E+02
12095	1.00E+02
12100	1.00E+02
12105	1.00E+02
12110	1.00E+02
12115	1.00E+02
12120	1.00E+02
12125	1.00E+02
12130	1.00E+02
12135	1.00E+02
12140	1.00E+02
12145	1.00E+02
12150	1.00E+02
12155	1.00E+02
12160	1.00E+02
12165	1.00E+02
12170	1.00E+02
12175	1.00E+02
12180	1.00E+02
12185	1.00E+02
12190	1.00E+02
12195	1.00E+02
12200	1.00E+02
12205	1.00E+02
12210	1.00E+02
12215	1.00E+02
12220	1.00E+02
12225	1.00E+02
12230	1.00E+02
12235	1.00E+02
12240	1.00E+02
12245	1.00E+02
12250	1.00E+02
12255	1.00E+02
12260	1.00E+02
12265	1.00E+02
12270	1.00E+02
12275	1.00E+02
12280	1.00E+02
12285	1.00E+02
12290	1.00E+02
12295	1.00E+02
12300	1.00E+02
12305	1.00E+02
12310	1.00E+02
12315	1.00E+02
12320	1.00E+02
12325	1.00E+02
12330	1.00E+02
12335	1.00E+02
12340	1.00E+02
12345	1.00E+02
12350	1.00E+02
12355	1.00E+02
12360	1.00E+02
12365	1.00E+02
12370	1.00E+02
12375	1.00E+02
12380	1.00E+02
12385	1.00E+02
12390	1.00E+02
12395	1.00E+02
12400	1.00E+02
12405	1.00E+02
12410	1.00E+02
12415	1.00E+02
12420	1.00E+02
12425	1.00E+02
12430	1.00E+02
12435	1.00E+02
12440	1.00E+02
12445	1.00E+02
12450	1.00E+02
12455	1.00E+02
12460	1.00E+02
12465	1.00E+02
12470	1.00E+02
12475	1.00E+02
12480	1.00E+02
12485	1.00E+02
12490	1.00E+02
12495	1.00E+02
12500	1.00E+02
12505	1.00E+02
12510	1.00E+02
12515	1.00E+02
12520	1.00E+02
12525	1.00E+02
12530	1.00E+02
12535	1.00E+02
12540	1.00E+02
12545	1.00E+02
12550	1.00E+02
12555	1.00E+02
12560	1.00E+02
12565	1.00E+02
12570	1.00E+02
12575	1.00E+02
12580	1.00E+02
12585	1.00E+02
12590	1.00E+02
12595	1.00E+02
12600	1.00E+02
12605	1.00E+02
12610	1.00E+02
12615	1.00E+02
12620	1.00E+02
12625	1.00E+02
12630	1.00E+02
12635	1.00E+02
12640	1.00E+02
12645	1.00E+02
12650	1.00E+02
12655	1.00E+02
12660	1.00E+02
12665	1.00E+02
12670	1.00E+02
12675	1.00E+02
12680	1.00E+02
12685	1.00E+02
12690	1.00E+02
12695	1.00E+02
12700	1.00E+02
12705	1.00E+02
12710	1.00E+02
12715	1.00E+02
12720	1.00E+02
12725	1.00E+02
12730	1.00E+02
12735	1.00E+02
12740	1.00E+02
12745	1.00E+02
12750	1.00E+02
12755	1.00E+02
12760	1.00E+02
12765	1.00E+02
12770	1.00E+02
12775	1.00E+02
12780	1.00E+02
12785	1.00E+02
12790	1.00E+02
12795	1.00E+02
12800	1.00E+02
12805	1.00E+02
12810	1.00E+02
12815	1.00E+02
12820	1.00E+02
12825	1.00E+02
12830	1.00E+02
12835	1.00E+02
12840	1.00E+02
12845	1.00E+02
12850	1.00E+02
12855	1.00E+02
12860	1.00E+02
12865	1.00E+02
12870	1.00E+02
12875	1.00E+02
12880	1.00E+02
12885	1.00E+02
12890	1.00E+02
12895	1.00E+02
12900	1.00E+02
12905	1.00E+02
12910	1.00E+02
12915	1.00E+02
12920	1.00E+02
12925	1.00E+02
12930	1.00E+02
12935	1.00E+02
12940	1.00E+02
12945	1.00E+02
12950	1.00E+02
12955	1.00E+02
12960	1.00E+02
12965	1.00E+02
12970	1.00E+02
12975	1.00E+02
12980	1.00E+02
12985	1.00E+02
12990	1.00E+02
12995	1.00E+02
13000	1.00E+02
13005	1.00E+02
13010	1.00E+02
13015	1.00E+02
13020	1.00E+02
13025	1.00E+02
13030	1.00E+02
13035	1.00E+02
13040	1.00E+02
13045	1.00E+02
13050	1.00E+02
13055	1.00E+02
13060	1.00E+02
13065	1.00E+02
13070	1.00E+02
13075	1.00E+02
13080	1.00E+02
13085	1.00E+02
13090	1.00E+02
13095	1.00E+02
13100	1.00E+02
13105	1.00E+02
13110	1.00E+02
13115	1.00E+02
13120	1.00E+02
13125	1.00E+02
13130	1.00E+02
13135	1.00E+02
13140	1.00E+02
13145	1.00E+02
13150	1.00E+02
13155	1.00E+02
13160	1.00E+02
13165	1.00E+02
13170	1.00E+02
13175	1.00E+02
13180	1.00E+02
13185	1.00E+02
13190	1.00E+02
13195	1.00E+02
13200	1.00E+02
13205	1.00E+02
13210	1.00E+02
13215	1.00E+02
13220	1.00E+02
13225	1.00E+02
13230	1.00E+02
13235	1.00E+02
13240	1.00E+02
13245	1.00E+02
13250	1.00E+02
13255	1.00E+02
13260	1.00E+02
13265	1.00E+02
13270	1.00E+02
13275	1.00E+02
13280	1.00E+02
13285	1.00E+02
13290	1.00E+02
13295	1.00E+02
13300	1.00E+02
13305	1.00E+02
13310	1.00E+02
13315	1.00E+02
13320	1.00E+02
13325	1.00E+02
13330	1.00E+02
13335	1.00E+02
13340	1.00E+02
13345	1.00E+02
13350	1.00E+02
13355	1.00E+02
13360	1.00E+02
13365	1.00E+02
13370	1.00E+02
13375	1.00E+02
13380	1.00E+02
13385	1.00E+02
13390	1.00E+02
13395	1.00E+02
13400	1.00E+02
13405	1.00E+02
13410	1.00E+02
13415	1.00E+02
13420	1.00E+02
13425	1.00E+02
13430	1.00E+02
13435	1.00E+02
13440	1.00E+02
13445	1.00E+02
13450	1.00E+02
13455	1.00E+02
13460	1.00E+02
13465	1.00E+02
13470	1.00E+02
13475	1.00E+02
13480	1.00E+02
13485	1.00E+02
13490	1.00E+02
13495	1.00E+02
13500	1.00E+02
13505	1.00E+02
13510	1.00E+02
13515	1.00E+02
13520	1.00E+02
13525	1.00E+02
13530	1.00E+02
13535	1.00E+02
13540	1.00E+02
13545	1.00E+02
13550	1.00E+02
13555	1.00E+02
13560	1.00E+02
13565	1.00E+02
13570	1.00E+02
13575	1.00E+02
13580	1.00E+02
13585	1.00E+02
13590	1.00E+02
13595	1.00E+02
13600	1.00E+02
13605	1.00E+02
13610	1.00E+02
13615	1.00E+02
13620	1.00E+02
13625	1.00E+02
13630	1.00E+02
13635	1.00E+02
13640	1.00E+02
13645	1.00E+02
13650	1.00E+02
13655	1.00E+02
13660	1.00E+02
13665	1.00E+02
13670	1.00E+02
13675	1.00E+02
13680	1.00E+02
13685	1.00E+02
13690	1.00E+02
13695	1.00E+02
13700	1.00E+02
13705	1.00E+02
13710	1.00E+02
13715	1.00E+02
13720	1.00E+02
13725	1.00E+02
13730	1.00E+02
13735	1.00E+02
13740	1.00E+02
13745	1.00E+02
13750	1.00E+02
13755	1.00E+02
13760	1.00E+02
13765	1.00E+02
13770	1.00E+02
13775	1.00E+02
13780	1.00E+02
13785	1.00E+02
13790	1.00E+02
13795	1.00E+02
13800	1.00E+02
13805	1.00E+02
13810	1.00E+02
13815	1.00E+02
13820	1.00E+02
13825	1.00E+02
13830	1.00E+02
13835	1.00E+02
13840	1.00E+02
13845	1.00E+02
13850	1.00E+02
13855	1.00E+02
13860	1.00E+02
13865	1.00E+02
13870	1.00E+02
13875	1.00E+02
13880	1.00E+02
13885	1.00E+02
13890	1.00E+02
13895	1.00E+02
13900	1.00E+02
13905	1.00E+02
13910	1.00E+02
13915	1.00E+02
13920	1.00E+02
13925	1.00E+02
13930	1.00E+02
13935	1.00E+02
13940	1.00E+02
13945	1.00E+02
13950	1.00E+02
13955	1.00E+02
13960	1.00E+02
13965	1.00E+02
13970	1.00E+02
13975	1.00E+02
13980	1.00E+02
13985	1.00E+02
13990	1.00E+02
13995	1.00E+02
14000	1.00E+02
14005	1.00E+02
14010	1.00E+02
14015	1.00E+02
14020	1.00E+02
14025	1.00E+02
14030	1.00E+02
14035	1.00E+02
14040	1.00E+02
14045	1.00E+02
14050	1.00E+02
14055	1.00E+02
14060	1.00E+02
14065	1.00E+02
14070	1.00E+02
14075	1.00E+02
14080	1.00E+02
14085	1.00E+02
14090	1.00E+02
14095	1.00E+02
14100	1.00E+02
14105	1.00E+02
14110	1.00E+02
14115	1.00E+02
14120	1.00E+02
14125	1.00E+02
14130	1.00E+02
14135	1.00E+02
14140	1.00E+02
14145	1.00E+02
14150	1.00E+02
14155	1.00E+02
14160	1.00E+02
14165	1.00E+02
14170	1.00E+02
14175	1.00E+02
14180	1.00E+02
14185	1.00E+02
14190	1.00E+02
14195	1.00E+02
14200	1.00E+02
14205	1.00E+02
14210	1.00E+02
14215	1.00E+02
14220	1.00E+02
14225	1.00E+02
14230	1.00E+02
14235	1.00E+02
14240	1.00E+02
14245	1.00E+02
14250	1.00E+02
14255	1.00E+02
14260	1.00E+02
14265	1.00E+02
14270	1.00E+02
14275	1.00E+02
14280	1.00E+02
14285	1.00E+02
14290	1.00E+02
14295	1.00E+02
14300	1.00E+02
14305	1.00E+02
14310	1.00E+02
14315	1.00E+02
14320	1.00E+02
14325	1.00E+02
14330	1.00E+02
14335	1.00E+02
14340	1.00E+02
14345	1.00E+02
14350	1.00E+02
14355	1.00E+02
14360	1.00E+02
14365	1.00E+02
14370	1.00E+02
14375	1.00E+02
14380	1.00E+02
14385	1.00E+02
14390	1.00E+02
14395	1.00E+02
14400	1.00E+02
14405	1.00E+02
14410	1.00E+02
14415	1.00E+02
14420	1.00E+02
14425	1.00E+02
14430	1.00E+02
14435	1.00E+02
14440	1.00E+02
14445	1.00E+02
14450	1.00E+02
14455	1.00E+02
14460	1.00E+02
14465	1.00E+02
14470	1.00E+02
14475	1.00E+02
14480	1.00E+02
14485	1.00E+02
14490	1.00E+02
14495	1.00E+02
14500	1.00E+02
14505	1.00E+02
14510	1.00E+02
14515	1.00E+02
14520	1.00E+02
14525	1.00E+02
14530	1.00E+02
14535	1.00E+02
14540	1.00E+02
14545	1.00E+02
14550	1.00E+02
14555	1.00E+02
14560	1.00E+02
14565	1.00E+02
14570	1.00E+02
14575	1.00E+02
14580	1.00E+02
14585	1.00E+02
14590	1.00E+02
14595	1.00E+02
14600	1.00E+02
14605	1.00E+02
14610	1.00E+02
14615	1.00E+02
14620	1.00E+02
14625	1.00E+02
14630	1.00E+02
14635	1.00E+02
14640	1.00E+02
14645	1.00E+02
14650	1.00E+02
14655	1.00E+02
14660	1.00E+02
14665	1.00E+02
14670	1.00E+02
14675	1.00E+02
14680	1.00E+02
14685	1.00E+02
14690	1.00E+02
14695	1.00E+02
14700	1.00E+02
14705	1.00E+02
14710	1.00E+02
14715	1.00E+02
14720	1.00E+02
14725	1.00E+02
14730	1.00E+02
14735	1.00E+02
14740	1.00E+02
14745	1.00E+02
14750	1.00E+02
14755	1.00E+02
14760	1.00E+02
14765	1.00E+02
14770	1.00E+02
14775	1.00E+02
14780	1.00E+02
14785	1.00E+02
14790	1.00E+02
14795	1.00E+02
14800	1.00E+02
14805	1.00E+02
14810	1.00E+02
14815	1.00E+02
14820	1.00E+02
14825	1.00E+02
14830	1.00E+02
14835	1.00E+02
14840	1.00E+02
14845	1.00E+02
14850	1.00E+02
14855	1.00E+02
14860	1.00E+02
14865	1.00E+02
14870	1.00E+02
14875	1.00E+02
14880	1.00E+02
14885	1.00E+02
14890	1.00E+02
14895	1.00E+02
14900	1.00E+02
14905	1.00E+02
14910	1.00E+02
14915	1.00E+02
14920	1.00E+02
14925	1.00E+02
14930	1.00E+02
14935	1.00E+02
14940	1.00E+02
14945	1.00E+02
14950	1.00E+02
14955	1.00E+02
14960	1.00E+02
14965	1.00E+02
14970	1.00E+02
14975	1.00E+02
14980	1.00E+02
14985	1.00E+02
14990	1.00E+02
14995	1.00E+02
15000	1.00E+02
15005	1.00E+02
15010	1.00E+02
15015	1.00E+02
15020	1.00E+02
15025	1.00E+02
15030	1.00E+02
15035	1.00E+02
15040	1.00E+02
15045	1.00E+02
15050	1.00E+02
15055	1.00E+02
15060	1.00E+02
15065	1.00E+02
15070	1.00E+02
15075	1.00E+02
15080	1.00E+02
15085	1.00E+02
15090	1.00E+02
15095	1.00E+02
15100	1.00E+02
15105	1.00E+02
15110	1.00E+02
15115	1.00E+02
15120	1.00E+02
15125	1.00E+02
15130	1.00E+02
15135	1.00E+02
15140	1.00E+02
15145	1.00E+02
15150	1.00E+02
15155	1.00E+02
15160	1.00E+02
15165	1.00E+02
15170	1.00E+02
15175	1.00E+02
15180	1.00E+02
15185	1.00E+02
15190	1.00E+02
15195	1.00E+02
15200	1.00E+02
15205	1.00E+02
15210	1.00E+02
15215	1.00E+02
15220	1.00E+02
15225	1.00E+02
15230	1.00E+02
15235	1.00E+02
15240	1.00E+02
15245	1.00E+02
15250	1.00E+02
15255	1.00E+02
15260	1.00E+02
15265	1.00E+02
15270	1.00E+02
15275	1.00E+02
15280	1.00E+02
15285	1.00E+02
15290	1.00E+02
15295	1.00E+02
15300	1.00E+02
15305	1.00E+02
15310	1.00E+02
15315	1.00E+02
15320	1.00E+02
15325	1.00E+02
15330	1.00E+02
15335	1.00E+02
15340	1.00E+02
15345	1.00E+02
15350	1.00E+02
15355	1.00E+02
15360	1.00E+02
15365	1.00E+02
15370	1.00E+02
15375	1.00E+02
15380	1.00E+02
15385	1.00E+02
15390	1.00E+02
15395	1.00E+02
15400	1.00E+02
15405	1.00E+02
15410	1.00E+02
15415	1.00E+02
15420	1.00E+02
15425	1.00E+02
15430	1.00E+02
15435	1.00E+02
15440	1.00E+02
15445	1.00E+02
15450	1.00E+02
15455	1.00E+02
15460	1.00E+02
15465	1.00E+02
15470	1.00E+02
15475	1.00E+02
15480	1.00E+02
15485	1.00E+02
15490	1.00E+02
15495	1.00E+02
15500	1.00E+02
15505	1.00E+02
15510	1.00E+02
15515	1.00E+02
15520	1.00E+02
15525	1.00E+02
15530	1.00E+02
15535	1.00E+02
15540	1.00E+02
15545	1.00E+02
15550	1.00E+02
15555	1.00E+02
15560	1.00E+02
15565	1.00E+02
15570	1.00E+02
15575	1.00E+02
15580	1.00E+02
15585	1.00E+02
15590	1.00E+02
15595	1.00E+02
15600	1.00E+02
15605	1.00E+02
15610	1.00E+02
15615	1.00E+02
15620	1.00E+02
15625	1.00E+02
15630	1.00E+02
15635	1.00E+02
15640	1.00E+02
15645	1.00E+02
15650	1.00E+02
15655	1.00E+02
15660	1.00E+02
15665	1.00E+02
15670	1.00E+02
15675	1.00E+02
15680	1.00E+02
15685	1.00E+02
15690	1.00E+02
15695	1.00E+02
15700	1.00E+02
15705	1.00E+02
15710	1.00E+02
15715	1.00E+02
15720	1.00E+02
15725	1.00E+02
15730	1.00E+02
15735	1.00E+02
15740	1.00E+02
15745	1.00E+02
15750	1.00E+02
15755	1.00E+02
15760	1.00E+02
15765	1.00E+02
15770	1.00E+02
15775	1.00E+02
15780	1.00E+02
15785	1.00E+02
15790	1.00E+02
15795	1.00E+02
15800	1.00E+02
15805	1.00E+02
15810	1.00E+02
15815	1.00E+02
15820	1.00E+02
15825	1.00E+02
15830	1.00E+02
15835	1.00E+02
15840	1.00E+02
15845	1.00E+02
15850	1.00E+02
15855	1.00E+02
15860	1.00E+02
15865	1.00E+02
15870	1.00E+02
15875	1.00E+02
15880	1.00E+02
15885	1.00E+02
15890	1.00E+02
15895	1.00E+02
15900	1.00E+02
15905	1.00E+02
15910	1.00E+02
15915	1.00E+02
15920	1.00E+02
15925	1.00E+02
15930	1.00E+02
15935	1.00E+02
15940	1.00E+02
15945	1.00E+02
15950	1.00E+02
15955	1.00E+02
15960	1.00E+02
15965	1.00E+02
15970	1.00E+02
15975	1.00E+02
15980	1.00E+02
15985	1.00E+02
15990	1.00E+02
15995	1.00E+02
16000	1.00E+02
16005	1.00E+02
16010	1.00E+02
16015	1.00E+02
16020	1.00E+02
16025	1.00E+02
16030	1.00E+02
16035	1.00E+02
16040	1.00E+02
16045	1.00E+02
16050	1.00E+02
16055	1.00E+02
16060	1.00E+02
16065	1.00E+02
16070	1.00E+02
16075	1.00E+02
16080	1.00E+02
16085	1.00E+02
16090	1.00E+02
16095	1.00E+02
16100	1.00E+02
16105	1.00E+02
