==============================
B1_Frequencies_1
P1->P2
T_min:200 K    T_max:3000 K    P_min:0.0001 atm    P_max:10 atm
[[-12.165112611366155, 9.00390872971002e-14, -4.5283369719588615e-14, 1.5583613573270405e-14, 1.9218923944953614, -1.0566710912144453e-13, 5.476647559295722e-14, -1.3154178739904742e-14, 0.5153703345521522, 8.041708897646448e-14, -4.022288243849631e-14, 7.77696677386395e-15, 0.1296048506057195, -6.663061662299293e-14, 3.596903550424493e-14, -1.3295239361398652e-14, 0.04807671511884286, 2.903929745848868e-14, -1.4699071026716598e-14, 1.7724488716802404e-15, 0.022791847624796063, -3.405158782699712e-14, 1.5038848844842682e-14, 2.2865524549527713e-15, 0.009382173461104214, 3.0885163959923103e-15, 1.5017960525012465e-16, 2.336949637182058e-15, 0.005094785639769942, -7.726952962475982e-15, 3.815613415020601e-15, -3.3035232809258792e-15]]
==============================
B1_Energy_1
P1->P2
T_min:200 K    T_max:3000 K    P_min:0.0001 atm    P_max:10 atm
[[-12.16510668338233, -3.1794750517399883e-06, 4.6885470997041897e-07, 5.1219397003520085e-08, 1.9219135860050913, 4.80276188901521e-06, -5.062714046834384e-07, -1.9320610014893034e-07, 0.5153806815455813, -1.105470500378711e-06, -9.17350622742612e-07, 6.374717861718064e-07, 0.12961944006623038, -2.250130787088561e-06, 1.9043632862744204e-06, -8.657170168312622e-07, 0.04808379953989321, 3.453479844505601e-06, -1.579057571120193e-06, 5.579677155255835e-07, 0.022799234545627205, -2.6202684588639692e-06, 4.727808809583085e-07, -7.338668172967186e-09, 0.00938567832277238, 1.111248241439283e-06, 4.96034577578205e-07, -3.964002851978413e-07, 0.005097893724313562, -7.924209088942078e-08, -9.59575599211864e-07, 5.583603962342676e-07]]
==============================
W1_Frequencies_1
P1->P2
T_min:200 K    T_max:3000 K    P_min:0.0001 atm    P_max:10 atm
[[-12.165103561954579, 8.698597397938101e-14, -4.3547941191415426e-14, 1.6165287183362436e-14, 1.9219089991145806, -1.318108527346758e-13, 6.731628069760521e-14, -1.6881531379081597e-14, 0.5153852935782478, 1.0844524398311453e-13, -5.3410515532416934e-14, 1.014467979532561e-14, 0.12961664424227068, -8.561046490009527e-14, 4.533187559191847e-14, -1.6059800302641477e-14, 0.048085896418171965, 6.511422035724543e-14, -3.308265784668222e-14, 7.700169297893315e-15, 0.022798380556037882, -4.538155143871837e-14, 1.9676342978086223e-14, 1.930318869118948e-15, 0.009385843140028546, 2.0520713925987973e-14, -8.260032907997514e-15, 4.335755608691149e-15, 0.005098131462188759, -1.0006160213856266e-14, 4.577274769136174e-15, -3.4740743129171552e-15]]
==============================
P2_Frequencies_1
P1->P2
T_min:200 K    T_max:3000 K    P_min:0.0001 atm    P_max:10 atm
[[-12.165103561954579, 8.698597397938101e-14, -4.3547941191415426e-14, 1.6165287183362436e-14, 1.9219089991145806, -1.318108527346758e-13, 6.731628069760521e-14, -1.6881531379081597e-14, 0.5153852935782478, 1.0844524398311453e-13, -5.3410515532416934e-14, 1.014467979532561e-14, 0.12961664424227068, -8.561046490009527e-14, 4.533187559191847e-14, -1.6059800302641477e-14, 0.048085896418171965, 6.511422035724543e-14, -3.308265784668222e-14, 7.700169297893315e-15, 0.022798380556037882, -4.538155143871837e-14, 1.9676342978086223e-14, 1.930318869118948e-15, 0.009385843140028546, 2.0520713925987973e-14, -8.260032907997514e-15, 4.335755608691149e-15, 0.005098131462188759, -1.0006160213856266e-14, 4.577274769136174e-15, -3.4740743129171552e-15]]
==============================
B2_Energy_1
P1->P2
T_min:200 K    T_max:3000 K    P_min:0.0001 atm    P_max:10 atm
[[-12.223382437222035, 1.0258460747536446e-13, -5.196874891859497e-14, 1.7339971626742975e-14, 1.9729036730068772, -1.1762506675510691e-13, 5.983542703095549e-14, -1.3679384716333911e-14, 0.5153855957942731, 1.2610000229164016e-13, -6.240348324876185e-14, 1.2947407675749181e-14, 0.12961678079770494, -1.060099353455294e-13, 5.5724172807828575e-14, -1.8947775183800527e-14, 0.04808619318018422, 7.981643460682743e-14, -4.022147153415387e-14, 9.147886907199078e-15, 0.02279842116658653, -6.509996320841043e-14, 2.970132048644554e-14, -7.713756939233701e-16, 0.00938593434338644, 3.7871704144670283e-14, -1.6609464328782234e-14, 6.658244776117368e-15, 0.005098237670700427, -1.956419621896874e-14, 9.046913571386463e-15, -5.024659639538234e-15]]
==============================
W1_SymmetryFactor_1
P1->P2
T_min:200 K    T_max:3000 K    P_min:0.0001 atm    P_max:10 atm
[[-12.165103561954579, 8.698597397938101e-14, -4.3547941191415426e-14, 1.6165287183362436e-14, 1.9219089991145806, -1.318108527346758e-13, 6.731628069760521e-14, -1.6881531379081597e-14, 0.5153852935782478, 1.0844524398311453e-13, -5.3410515532416934e-14, 1.014467979532561e-14, 0.12961664424227068, -8.561046490009527e-14, 4.533187559191847e-14, -1.6059800302641477e-14, 0.048085896418171965, 6.511422035724543e-14, -3.308265784668222e-14, 7.700169297893315e-15, 0.022798380556037882, -4.538155143871837e-14, 1.9676342978086223e-14, 1.930318869118948e-15, 0.009385843140028546, 2.0520713925987973e-14, -8.260032907997514e-15, 4.335755608691149e-15, 0.005098131462188759, -1.0006160213856266e-14, 4.577274769136174e-15, -3.4740743129171552e-15]]
==============================
colrel_PowerOne
P1->P2
T_min:200 K    T_max:3000 K    P_min:0.0001 atm    P_max:10 atm
[[-12.165103561954579, 8.698597397938101e-14, -4.3547941191415426e-14, 1.6165287183362436e-14, 1.9219089991145806, -1.318108527346758e-13, 6.731628069760521e-14, -1.6881531379081597e-14, 0.5153852935782478, 1.0844524398311453e-13, -5.3410515532416934e-14, 1.014467979532561e-14, 0.12961664424227068, -8.561046490009527e-14, 4.533187559191847e-14, -1.6059800302641477e-14, 0.048085896418171965, 6.511422035724543e-14, -3.308265784668222e-14, 7.700169297893315e-15, 0.022798380556037882, -4.538155143871837e-14, 1.9676342978086223e-14, 1.930318869118948e-15, 0.009385843140028546, 2.0520713925987973e-14, -8.260032907997514e-15, 4.335755608691149e-15, 0.005098131462188759, -1.0006160213856266e-14, 4.577274769136174e-15, -3.4740743129171552e-15]]
==============================
colrel_FactorOne
P1->P2
T_min:200 K    T_max:3000 K    P_min:0.0001 atm    P_max:10 atm
[[-12.165103561954579, 8.698597397938101e-14, -4.3547941191415426e-14, 1.6165287183362436e-14, 1.9219089991145806, -1.318108527346758e-13, 6.731628069760521e-14, -1.6881531379081597e-14, 0.5153852935782478, 1.0844524398311453e-13, -5.3410515532416934e-14, 1.014467979532561e-14, 0.12961664424227068, -8.561046490009527e-14, 4.533187559191847e-14, -1.6059800302641477e-14, 0.048085896418171965, 6.511422035724543e-14, -3.308265784668222e-14, 7.700169297893315e-15, 0.022798380556037882, -4.538155143871837e-14, 1.9676342978086223e-14, 1.930318869118948e-15, 0.009385843140028546, 2.0520713925987973e-14, -8.260032907997514e-15, 4.335755608691149e-15, 0.005098131462188759, -1.0006160213856266e-14, 4.577274769136174e-15, -3.4740743129171552e-15]]
==============================
B2_ImaginaryFrequency_1
P1->P2
T_min:200 K    T_max:3000 K    P_min:0.0001 atm    P_max:10 atm
[[-12.055095383986336, -3.3088131862757386e-06, 1.7059913344790371e-06, -6.453392195508824e-07, 1.7989606916928749, 6.751964370510583e-06, -3.481246011325215e-06, 1.3168792571679366e-06, 0.5216971166776347, -6.324772399854079e-06, 3.260990059976795e-06, -1.2335612487564753e-06, 0.13821922580777848, 5.731230716338112e-06, -2.9549658381041436e-06, 1.11779896777453e-06, 0.0484340696835363, -5.146206148434212e-06, 2.6533329617773748e-06, -1.0036978497088246e-06, 0.02224400764524828, 4.188619800099331e-06, -2.159610920460609e-06, 8.169336007178076e-07, 0.009383633392138515, -2.887121463814188e-06, 1.4885712571538187e-06, -5.630939580159881e-07, 0.005157153514433793, 1.7630507374736687e-06, -9.090115131726371e-07, 3.4385917872740637e-07]]
==============================
colrel_Epsilons
P1->P2
T_min:200 K    T_max:3000 K    P_min:0.0001 atm    P_max:10 atm
[[-12.165103561954579, 8.698597397938101e-14, -4.3547941191415426e-14, 1.6165287183362436e-14, 1.9219089991145806, -1.318108527346758e-13, 6.731628069760521e-14, -1.6881531379081597e-14, 0.5153852935782478, 1.0844524398311453e-13, -5.3410515532416934e-14, 1.014467979532561e-14, 0.12961664424227068, -8.561046490009527e-14, 4.533187559191847e-14, -1.6059800302641477e-14, 0.048085896418171965, 6.511422035724543e-14, -3.308265784668222e-14, 7.700169297893315e-15, 0.022798380556037882, -4.538155143871837e-14, 1.9676342978086223e-14, 1.930318869118948e-15, 0.009385843140028546, 2.0520713925987973e-14, -8.260032907997514e-15, 4.335755608691149e-15, 0.005098131462188759, -1.0006160213856266e-14, 4.577274769136174e-15, -3.4740743129171552e-15]]
==============================
P2_Energy_1
P1->P2
T_min:200 K    T_max:3000 K    P_min:0.0001 atm    P_max:10 atm
[[-12.165103561954579, 8.698597397938101e-14, -4.3547941191415426e-14, 1.6165287183362436e-14, 1.9219089991145806, -1.318108527346758e-13, 6.731628069760521e-14, -1.6881531379081597e-14, 0.5153852935782478, 1.0844524398311453e-13, -5.3410515532416934e-14, 1.014467979532561e-14, 0.12961664424227068, -8.561046490009527e-14, 4.533187559191847e-14, -1.6059800302641477e-14, 0.048085896418171965, 6.511422035724543e-14, -3.308265784668222e-14, 7.700169297893315e-15, 0.022798380556037882, -4.538155143871837e-14, 1.9676342978086223e-14, 1.930318869118948e-15, 0.009385843140028546, 2.0520713925987973e-14, -8.260032907997514e-15, 4.335755608691149e-15, 0.005098131462188759, -1.0006160213856266e-14, 4.577274769136174e-15, -3.4740743129171552e-15]]
==============================
B2_Frequencies_1
P1->P2
T_min:200 K    T_max:3000 K    P_min:0.0001 atm    P_max:10 atm
[[-12.244452474796336, -5.695444116327053e-14, 2.894462346519721e-14, -4.983051281798167e-15, 1.829740803932436, 6.894788102800424e-14, -3.044897298731374e-14, 8.793542129167833e-15, 0.47363256116432323, -4.876853662883294e-14, 2.262855955128681e-14, -8.783367656300725e-15, 0.11282911872986236, 6.270761769354908e-14, -2.731142997570117e-14, 2.917869743923267e-15, 0.04246774348420822, -6.279583277951619e-14, 2.928494063783136e-14, -8.727965440461646e-15, 0.021292440924624588, 5.571745890259405e-14, -2.912006991482607e-14, 1.3673138909320243e-14, 0.009065791728932758, -4.8350653246189295e-14, 2.4728047211409734e-14, -3.2472393105152094e-15, 0.005058168930028762, 3.8713523782288757e-14, -1.9051872294817713e-14, 1.8593588441164148e-15]]
==============================
P1_SymmetryFactor_1
P1->P2
T_min:200 K    T_max:3000 K    P_min:0.0001 atm    P_max:10 atm
[[-12.123710694361698, 2.1649348980190553e-14, -1.2495650344461192e-14, 7.181740598111806e-15, 1.9219090539933585, 4.2552745161544764e-14, -1.7986258455130957e-14, 5.8945017597271846e-15, 0.5153852763121961, -5.908769435039137e-14, 2.885772012057246e-14, -1.1208438492445168e-14, 0.12961650791760254, 4.624303037092575e-14, -1.8678552084158248e-14, 8.561810861612556e-16, 0.04808589277462468, -6.440079785194582e-14, 3.018369414815605e-14, -9.072860539468632e-15, 0.022798384907256056, 5.24099174767585e-14, -2.742490604898983e-14, 1.2364443396001127e-14, 0.00938596612891665, -5.4804888114309367e-14, 2.8093011730853515e-14, -3.948395392315129e-15, 0.005098161988498511, 2.7340819175952406e-14, -1.3147838902447312e-14, 7.875216914920533e-17]]
==============================
B1_SymmetryFactor_1
P1->P2
T_min:200 K    T_max:3000 K    P_min:0.0001 atm    P_max:10 atm
[[-12.165105554300263, 2.466915560717098e-13, -1.2103175527013956e-13, 3.421218826283702e-14, 1.9219053883023292, -4.461126545683291e-13, 2.1882364195421192e-13, -5.323571004690864e-14, 0.5153822733027944, 4.379462862141175e-13, -2.1366829293668207e-13, 4.996156585350896e-14, 0.12961428064382585, -3.942879402229898e-13, 1.9614333254743672e-13, -5.4528874682296724e-14, 0.048084136541707706, 3.3822178310144823e-13, -1.6629029846511534e-13, 4.1034913184856933e-14, 0.02279720112908898, -2.4998259539236755e-13, 1.1855545328344866e-13, -2.211063273192094e-14, 0.009385191652918356, 1.7100703910590866e-13, -8.197923947290406e-14, 2.3494451822617995e-14, 0.005097733819969821, -9.394451123485586e-14, 4.5593036233958714e-14, -1.4431283393564035e-14]]
==============================
P1_Frequencies_1
P1->P2
T_min:200 K    T_max:3000 K    P_min:0.0001 atm    P_max:10 atm
[[-12.133045697689909, -1.9667600881234648e-13, 9.294721809477835e-14, -1.8284325164507238e-14, 1.9764532979976956, 5.302463661669979e-13, -2.552139905119028e-13, 6.54990099492917e-14, 0.5499850039454209, -4.993159937104377e-13, 2.4198203345113206e-13, -6.345486865091443e-14, 0.146752034318042, 4.697591778867981e-13, -2.2439342475013817e-13, 5.2182979824638516e-14, 0.05505313359881815, -4.4252915647348503e-13, 2.1434001579113573e-13, -5.5470929829213614e-14, 0.0252228094229918, 3.5295687003704285e-13, -1.7385014033702663e-13, 4.96417327772334e-14, 0.010116810124848568, -2.593256641544342e-13, 1.2725598505244702e-13, -2.8941945526267e-14, 0.005287289994272594, 1.556870247780418e-13, -7.588420211025434e-14, 1.7114093593259036e-14]]
==============================
B2_SymmetryFactor_1
P1->P2
T_min:200 K    T_max:3000 K    P_min:0.0001 atm    P_max:10 atm
[[-12.206494379154385, -8.837375276016246e-14, 4.335952036438506e-14, -7.973032065164426e-15, 1.9219123775306408, 1.7222101569830068e-13, -8.208712167411888e-14, 2.1643806982884535e-14, 0.5153880219578257, -1.3827375986039457e-13, 6.63311970858063e-14, -1.8291481448977734e-14, 0.12961868491204953, 1.3094114371659986e-13, -6.025766763282297e-14, 1.0858625581976632e-14, 0.0480874725016466, -1.2039538084131212e-13, 5.711634546254879e-14, -1.5381042828571698e-14, 0.02279926539812481, 1.1202066965808179e-13, -5.711444017004862e-14, 2.0800815537212814e-14, 0.009386457142807248, -7.445551351036863e-14, 3.745821847905901e-14, -6.404507510856929e-15, 0.00509876883265448, 5.869117624004136e-14, -2.8996505738603714e-14, 4.845524001151505e-15]]
==============================
W1_Energy_1
P1->P2
T_min:200 K    T_max:3000 K    P_min:0.0001 atm    P_max:10 atm
[[-12.165103561954579, 8.698597397938101e-14, -4.3547941191415426e-14, 1.6165287183362436e-14, 1.9219089991145806, -1.318108527346758e-13, 6.731628069760521e-14, -1.6881531379081597e-14, 0.5153852935782478, 1.0844524398311453e-13, -5.3410515532416934e-14, 1.014467979532561e-14, 0.12961664424227068, -8.561046490009527e-14, 4.533187559191847e-14, -1.6059800302641477e-14, 0.048085896418171965, 6.511422035724543e-14, -3.308265784668222e-14, 7.700169297893315e-15, 0.022798380556037882, -4.538155143871837e-14, 1.9676342978086223e-14, 1.930318869118948e-15, 0.009385843140028546, 2.0520713925987973e-14, -8.260032907997514e-15, 4.335755608691149e-15, 0.005098131462188759, -1.0006160213856266e-14, 4.577274769136174e-15, -3.4740743129171552e-15]]
==============================
colrel_Sigmas
P1->P2
T_min:200 K    T_max:3000 K    P_min:0.0001 atm    P_max:10 atm
[[-12.165103561954579, 8.698597397938101e-14, -4.3547941191415426e-14, 1.6165287183362436e-14, 1.9219089991145806, -1.318108527346758e-13, 6.731628069760521e-14, -1.6881531379081597e-14, 0.5153852935782478, 1.0844524398311453e-13, -5.3410515532416934e-14, 1.014467979532561e-14, 0.12961664424227068, -8.561046490009527e-14, 4.533187559191847e-14, -1.6059800302641477e-14, 0.048085896418171965, 6.511422035724543e-14, -3.308265784668222e-14, 7.700169297893315e-15, 0.022798380556037882, -4.538155143871837e-14, 1.9676342978086223e-14, 1.930318869118948e-15, 0.009385843140028546, 2.0520713925987973e-14, -8.260032907997514e-15, 4.335755608691149e-15, 0.005098131462188759, -1.0006160213856266e-14, 4.577274769136174e-15, -3.4740743129171552e-15]]
==============================
P2_SymmetryFactor_1
P1->P2
T_min:200 K    T_max:3000 K    P_min:0.0001 atm    P_max:10 atm
[[-12.165103561954579, 8.698597397938101e-14, -4.3547941191415426e-14, 1.6165287183362436e-14, 1.9219089991145806, -1.318108527346758e-13, 6.731628069760521e-14, -1.6881531379081597e-14, 0.5153852935782478, 1.0844524398311453e-13, -5.3410515532416934e-14, 1.014467979532561e-14, 0.12961664424227068, -8.561046490009527e-14, 4.533187559191847e-14, -1.6059800302641477e-14, 0.048085896418171965, 6.511422035724543e-14, -3.308265784668222e-14, 7.700169297893315e-15, 0.022798380556037882, -4.538155143871837e-14, 1.9676342978086223e-14, 1.930318869118948e-15, 0.009385843140028546, 2.0520713925987973e-14, -8.260032907997514e-15, 4.335755608691149e-15, 0.005098131462188759, -1.0006160213856266e-14, 4.577274769136174e-15, -3.4740743129171552e-15]]
==============================
P1_Energy_1
P1->P2
T_min:200 K    T_max:3000 K    P_min:0.0001 atm    P_max:10 atm
[[-12.106824472498047, 7.099876242477876e-14, -3.640430961409234e-14, 1.4951970948047524e-14, 1.8709148888267964, -2.969783225503457e-14, 1.607407270977611e-14, -2.9227179011724318e-15, 0.5153854026102624, 4.66319602398545e-14, -2.34380040576347e-14, 3.34950847748756e-15, 0.12961653203876045, -3.8091163451848076e-14, 2.123969979750137e-14, -9.592770540904848e-15, 0.04808584656194674, 1.592501850950394e-14, -9.194646655032577e-15, 1.5544706582104693e-15, 0.022798354604315747, -8.485489656047747e-15, 2.3272977235647956e-15, 5.100519853917634e-15, 0.009385994238535846, -8.882301725328145e-15, 6.112535270561287e-15, 7.666950845341726e-16, 0.005098001581143304, 6.0807562079363775e-15, -3.3099907480912254e-15, -1.0102967209355258e-15]]
