==============================
W3_Energy_1
P3->P4
T_min:200.0 K    T_max:3000.0 K    P_min:0.0001 atm    P_max:10.0 atm
[[-26.122944649109694, -1.171262580649692, 0.06921046793250604, 7.691598467009267, 1.3138319329835364, 0.006839850468442172, 1.2159905153553576, 0.287411676086464, -0.16985874324059103, 0.5556489027345125, -0.49523033796175164, 0.05424641448261397, 0.21303825018502093, -0.1633461779594081, 0.1073604158075419, -0.009940557218280023, 0.2375931058039468, -0.03990493195531735, -0.013227009072712112, 0.1404324542330257, -0.07891318520690342, 0.09557127142598539, -0.13949837822618347, 0.03147396634674088, 0.04924176037404136, -0.09501537443714109, 0.04968967750461742, -0.06360933921948217, 0.08654241499818796, -0.023002707231415186, -0.033217863063278175, 0.04847396526666967, -0.026664376446246287, 0.022358309988696114, -0.033451217573143344, 0.010192593729272389, 0.03522007415331578, -0.047168565470528896, 0.020303539819330817, -0.020394786816988166, 0.0336008740737401, -0.010250071660038631, -0.008814721780858164, 0.01542910244222681, -0.008532451660123598]]
P3->P5
T_min:200.0 K    T_max:3000.0 K    P_min:0.0001 atm    P_max:10.0 atm
[[-26.03846553940443, 0.002908948954731372, -0.002248001254856328, 12.076283164053322, -0.003911118469339996, 0.003011139083344875, 0.030093610791971096, 0.0011165456731778312, -0.0008707732396538838, 0.04472245794041917, 0.00021048289928459542, -0.0001688879814089301, 0.048473783258319456, -2.8240226894599825e-06, -2.8253220559928238e-06, 0.03525343830152135, -3.140464343486055e-06, -1.6867244807110117e-06, 0.020747149928040592, -2.299211905444012e-06, -2.0626639461254765e-06, 0.010569675708730669, 9.096903643238826e-07, -2.435212475298271e-06, 0.004861729395867989, -1.5630477335339403e-06, -5.248095276984423e-07, 0.001875212855322226, -4.595240746991476e-06, 3.4229206707728787e-06, 0.000789227415271973, -1.5397284299350589e-06, 9.515433903445544e-07, 0.00017192874372010114, -3.980793008687145e-06, 3.4410796885264716e-06, 0.0001713179492274508, 7.230362311788641e-07, -3.932012951693431e-07, 4.82904395565642e-06, 9.386424555668516e-08, 6.087763448764383e-07, 9.835934520843748e-05, 2.063316597633591e-06, -1.3881255944703241e-06]]
W3->P5
T_min:200.0 K    T_max:3000.0 K    P_min:0.0001 atm    P_max:10.0 atm
[[-6.269694630236717, 3.5629450235128433, 1.0819992468246225, 14.057781972919289, -1.2357475827025566, -0.9359060494348439, -0.6686816312751687, 1.1224594737707314, -0.3934076833555648, 0.04678297971900597, 0.33646469183828387, -0.14560292213092293, 0.45966778187504065, -0.2666453530060222, 0.03652168363921501, 0.29621112275967726, -0.17223190077919837, 0.02805982873043889, 0.006815067234532627, 0.0701889437702911, -0.05409784836181072, 0.06360129405350222, -0.10536768102114394, 0.004052613764218434, 0.09288458018344159, -0.18060096692930944, 0.03345031443861483, -0.02524909660375915, -0.03980329286737619, -0.012790648904662617, 0.029014774472653757, -0.09736496665870657, 0.03917883941133623, -0.037644387414332126, -0.015656342351494518, 0.010678785826865697, 0.0208618079959636, -0.05363008805047087, 0.04272806567172319, -0.05133766691883224, 0.0422970915171661, -0.007563866343337361, 0.05357412110320059, -0.06799005880664363, 0.03942047734262934]]
P1->P4
T_min:200.0 K    T_max:3000.0 K    P_min:0.0001 atm    P_max:10.0 atm
[[-16.19686758534254, 0.056937629924549954, -0.1384809344951718, 0.6996856975973936, -0.06744850414670646, 0.19447556523576717, 0.4582962533715657, -0.0033333004819384683, -0.049779463906294084, 0.1523988111125473, 0.020469249141127722, -0.018423947737409775, 0.10149574957566204, -0.002353363430346861, 0.009557342992421548, 0.10647469389561937, -0.004665182215809321, 0.004472462680647528, 0.07744116244470149, -0.00046787170772150767, -0.0015088498868578138, 0.036989087664714676, 0.0007058263617871998, -0.00099444462733429, 0.0092333744560186, 0.0001559424814526557, 0.0004111089013225722, -0.0049260277002570576, -0.0003721865755019144, 0.0005130532289887042, -0.005890845323414715, -6.687421452417168e-05, -7.071522732658772e-05, -0.007432199157599561, -9.772698048675713e-05, 1.3952262203471844e-05, -0.0020929027017169977, 0.00029881074275170394, -0.00016251719596513175, -0.0024414182337965835, 3.99272934093883e-05, 3.066383952038615e-05, 0.001503556353143613, 0.0002543312127171347, -0.00019060930705825123]]
P4->P5
T_min:200.0 K    T_max:3000.0 K    P_min:0.0001 atm    P_max:10.0 atm
[[-34.00815426663712, 0.0033483174989452635, -0.0025895663855577612, 19.58166085657142, -0.004543031895144601, 0.003514323422200932, 0.16304985389865886, 0.001121776296610488, -0.0008687356628276666, 0.12028908503445228, 0.00019202623240437462, -0.00014813542496428767, 0.0866652532242276, -2.4086633153907463e-05, 1.86568916286442e-05, 0.0522071278593159, -2.280383897083592e-05, 1.733066959597138e-05, 0.027149889802829095, -8.661092340225446e-06, 6.20452239257369e-06, 0.012613176846429411, -2.980451867667949e-06, 1.7357061782962588e-06, 0.0054535975058729305, 1.2763478494715864e-06, -8.527599543881069e-07, 0.0020807165517860294, -1.996256761332139e-06, 8.223077731525176e-07, 0.001029533997041822, 4.11797512445017e-08, 3.644553296866427e-07, 0.00033735221711966856, -2.397515355689883e-06, 1.3855040126159457e-06, 0.0003873263755811429, 7.311735747139725e-07, 2.5957362935480344e-07, 8.154048898123545e-05, -3.904084676931152e-07, 2.782143084661959e-07, 0.00019719426739245316, -1.0643667994192363e-07, 4.117876219594807e-07]]
P5->W3
T_min:200.0 K    T_max:3000.0 K    P_min:0.0001 atm    P_max:10.0 atm
[[-19.123555167258694, 3.564623255724825, 1.0816413267593912, 2.096723320121934, -1.233032485786096, -0.9364258592963027, -0.37659110154758524, 1.125420327728865, -0.394055271102088, 0.20701075001677632, 0.3385844821798598, -0.14601845474821576, 0.5277840440379957, -0.2645976602653534, 0.03608148586502705, 0.3233215493000109, -0.17091495580328853, 0.027809792187190166, 0.017345855058741706, 0.07120925088240969, -0.05430892015450912, 0.06790093517728676, -0.10476702128684047, 0.0039296396879313945, 0.09489514916370025, -0.1804020302166803, 0.033426532035891014, -0.02437014062203997, -0.03960958241373396, -0.01283432664626398, 0.029765248928875474, -0.09760742273066539, 0.03926715837481356, -0.03739266719178319, -0.015641002351479028, 0.010669790999662823, 0.021366570857913547, -0.05404661850903289, 0.04285924402031169, -0.0512574426121164, 0.04226443721287407, -0.007561381868399233, 0.0538841913396807, -0.06831448875453448, 0.03952577759740332]]
W3->P4
T_min:200.0 K    T_max:3000.0 K    P_min:0.0001 atm    P_max:10.0 atm
[[1.014997889416932, 0.5380699288137856, 0.09562285859903114, 3.4351576565473767, 0.9965667391444596, 0.08316862341460265, 0.024581194349816437, 0.7846297530200774, -0.16579723566247598, -0.14271831643876162, 0.43271445599158076, -0.21704153904922893, 0.20706509049881475, 0.08634317243012885, -0.1330699213841961, 0.27722883610872606, -0.15034545093070834, 0.000644566409210209, 0.16304169501596874, -0.23107494496782321, 0.05408403268315293, 0.08958364246478152, -0.22394008353662415, 0.06563247998759426, 0.061631961902153545, -0.1820316356505759, 0.06039999963527672, 0.025090249543881483, -0.11709118525018374, 0.03517920362260828, 0.018080023061606568, -0.054444211324277604, 0.030809028140904915, -0.02214071002989622, 0.007133776081666418, 0.0023428213963932742, -0.0063346281828101925, 0.026365479693226213, 0.011476114601430016, -0.022710201933961185, 0.031035518473273023, -0.006108398823492872, 0.008907948323126552, 0.008118797418360121, 0.010428346323869006]]
W3->P1
T_min:200.0 K    T_max:3000.0 K    P_min:0.0001 atm    P_max:10.0 atm
[[2.7179335552924395, 2.3542696191393606, -0.2577004204844289, 6.18185674694265, -0.2510745034317889, 0.15306004893292063, -0.3166649074569644, -0.2903994094112734, -0.004975420328985028, 0.10783612842853228, -0.1359888000363099, -0.01609263743079599, 0.168139884036842, -0.08333186600798564, -0.016212832959372966, 0.08258477165315824, -0.05504726877578085, 0.013594915406897888, 0.001172477117163149, -0.0502983519992237, 0.01990703463822675, -0.03831320771759711, -0.04612462667384535, 0.02476713324970642, -0.030860662611892537, -0.04310834725056563, 0.02542919147620036, 0.007804066557033665, -0.050490937983817305, 0.012270634371951805, 0.02671025250053087, -0.04378022627963055, 0.022355176298049242, 0.04308399720671133, -0.04644820171033648, 0.008902720849136556, 0.023466516383910258, -0.022871170402954194, 0.023741308659485275, 0.019138102190018824, -0.016405432202683423, 0.0052479607708816045, -0.001693955226153121, 0.003150333882813966, 0.014250226278090694]]
W3->P3
T_min:200.0 K    T_max:3000.0 K    P_min:0.0001 atm    P_max:10.0 atm
[[0.14932979770328142, 0.6629177449031878, 0.02744833901277935, 4.067501941549589, 1.078041770879037, 0.10209488617894005, -0.43215911091967263, 0.7812114019858606, -0.11063322878614948, 0.0551517666639929, 0.4667776231568387, -0.24532149696766758, 0.432841409096818, -0.08881257884876917, -0.14206315438078995, 0.38619278047074207, -0.34681860055872354, 0.02134305640039382, 0.2359125504788099, -0.40770474438290033, 0.13526309875911172, 0.046160073302847535, -0.20245562694377908, 0.11386165955779733, -0.08389033791839251, 0.02675274802636048, 0.024791216330954935, -0.051709733297705375, 0.013877426677923481, -0.011880290474003382, -0.04126629527736668, 0.047288329914387674, -0.025122013807583197, 0.0782839427435815, -0.12742022877078762, 0.03477451583644243, 0.020597412254699035, -0.0077212439827087295, 0.023548533349612846, 0.05821759627073936, -0.08210632405772221, 0.039180935720720095, -0.03517040607768743, 0.0711451024497813, -0.007858278598929513]]
P1->P3
T_min:200.0 K    T_max:3000.0 K    P_min:0.0001 atm    P_max:10.0 atm
[[-15.066624845394996, -0.09759146703500074, 0.10630706036901348, 0.5407853066545797, 0.14551463060868267, -0.17066354257655578, 1.0724854014335967, -0.04275348024190659, 0.07938610412921808, 0.19049419791932767, -0.028618104916259834, -0.005249011559870242, 0.059212586034333534, 0.03636709844273292, -0.018929564566121188, 0.05481500558544927, -0.013770260729749033, 0.01081193155092041, 0.020694933205772578, -0.0009216757029548392, -0.000426958109510558, 0.008497197599261382, 0.0025293202010682335, -0.0019453985228441448, 0.004754329840128664, -0.0013446881044902386, 0.0009313216290856909, 0.001522841709621919, 0.0005769059282873145, -0.0001070229670864564, 0.0010379990364521878, 0.00048162533388426075, -0.0003059256515605569, 0.0011730955548759168, -0.0006821542138311706, 0.00037278539541715913, 0.0006151814832832305, -0.00024574879678212255, -0.0001660591084876573, -0.00022354714199953642, 0.0008223131806521415, -4.9872380704788725e-05, 0.00048642526906215143, -0.0005178714817165204, 0.0001436075262217962]]
P1->W3
T_min:200.0 K    T_max:3000.0 K    P_min:0.0001 atm    P_max:10.0 atm
[[-14.75337868435368, 2.355945347421698, -0.2580568492481833, -1.2071544155390523, -0.24835294010877704, 0.15253733078098294, 0.12193380946514623, -0.28744453959485716, -0.005619854181216736, 0.2937618475239749, -0.1338658348720257, -0.016508998827390327, 0.23868759723971691, -0.08128870976876372, -0.016650833718555587, 0.10913338532801532, -0.05372612776500241, 0.013342803926379465, 0.011311936840740626, -0.04928332492914943, 0.019699109085415795, -0.034151666105470074, -0.04552033024391686, 0.024642315831353897, -0.02888427136264705, -0.042907143079427175, 0.025404491473109633, 0.008681523581959897, -0.050300099570889115, 0.012228140083378471, 0.027461242042385366, -0.044019154923543566, 0.02244242925824426, 0.04334359401281421, -0.04644048827441892, 0.0088969791035731, 0.023965366471789665, -0.023277048595979344, 0.023867535590660204, 0.019224052780955264, -0.016445265720420113, 0.005253720745891581, -0.0013869018565900448, 0.0028307111945074376, 0.014353156703674166]]
P4->W3
T_min:200.0 K    T_max:3000.0 K    P_min:0.0001 atm    P_max:10.0 atm
[[-32.28886206064757, 0.5397504622509421, 0.09526341482493601, 11.205355135289995, 0.9992770460345999, 0.08265231846950016, 0.4283267989559951, 0.7875926243491908, -0.16644687031981265, 0.03647282057319813, 0.4348328114252763, -0.21745542920437336, 0.27856020946381305, 0.08839212236878774, -0.1335112909887564, 0.30515656150511516, -0.14902674211626848, 0.00039366604841400396, 0.17387691683238024, -0.23005855741920034, 0.05387529694714018, 0.09401217736821608, -0.2233361283010319, 0.0655076527632436, 0.06369355852005043, -0.18183368362100366, 0.0603770030700898, 0.025976588192010926, -0.11689136800912193, 0.03513207365542845, 0.01883128307645366, -0.05468994158257977, 0.030899410970054383, -0.02189466304849183, 0.007150445499190042, 0.002332358610772911, -0.005832918461464692, 0.025949939699009827, 0.011607188920479135, -0.022632044036415472, 0.031003470461506394, -0.006106689676145652, 0.009219142701565264, 0.007792835034985263, 0.010534864532027684]]
P3->W3
T_min:200.0 K    T_max:3000.0 K    P_min:0.0001 atm    P_max:10.0 atm
[[-24.655897064602165, 0.6645987597392331, 0.027088720998452165, 4.527124705024017, 1.080754187519915, 0.10157751817175126, -0.05503410349706596, 0.7841729378191907, -0.11128201671325023, 0.2143468384445616, 0.468897578958851, -0.24573612181490545, 0.49197664837556726, -0.08676332677417854, -0.14250494801988106, 0.4073722989363653, -0.3455029300143388, 0.02109383391288149, 0.24336660208641744, -0.4066849783312321, 0.1350526037006353, 0.04893461692523307, -0.20185622284268348, 0.11373932305639137, -0.0826632850087491, 0.026955757372486563, 0.02476607129287947, -0.05123207751524329, 0.014074628092868982, -0.011926323680653713, -0.04074680617720176, 0.04704314464722675, -0.02503202729670077, 0.07842726846299684, -0.12740242359399953, 0.03476330526352893, 0.02102297775718985, -0.00813857294943781, 0.023680727258423732, 0.05827594909697914, -0.08213792884112647, 0.03918241384306269, -0.03488830069488828, 0.0708190634133414, -0.007751891492530832]]
P1->P5
T_min:200.0 K    T_max:3000.0 K    P_min:0.0001 atm    P_max:10.0 atm
[[-15.13290754321603, -0.0021160577025711724, 0.0016684389913502451, 3.6288056472611725, 0.0017430969141010496, -0.0013458872996645606, -0.20423952361529998, 0.0017429196896741393, -0.0013305763769933374, -0.08347531866941099, 0.000515342330475304, -0.0004016387117206232, -0.016314010710309766, 0.00035786218849954114, -0.0002807120900658404, 0.0066123429560849736, 0.0001360898572552016, -0.0001287308850894555, 0.010248911481763767, 0.0001769401127523807, -0.0001659054824839269, 0.007834221328576434, 0.00012226532934322618, -0.00013347237063004332, 0.004847012309067929, 2.829883687633544e-05, -6.879743518400184e-05, 0.0024998285306204347, 8.05868401272869e-05, -0.00010552290910225823, 0.0011822181736085215, -0.0001180934847879461, 4.2379970969915414e-05, 0.0004303746050398072, 1.981434775965435e-05, -4.841324120237814e-05, 0.00011142059922374103, -0.00019538947959677616, 0.00011614567328949166, 2.4143683583277564e-05, -3.985112814158809e-06, -1.147914614160056e-05, -2.759736524350631e-05, -0.0001593587145965053, 0.00010861752953365486]]
