==============================
W1_Energy_1
R->P2
[[-6.250907999757416e-08, -1.7772430320082225e-07, -1.2566499421647514e-07, -1.6268837522855092e-07, -1.1914330820549444e-07, -1.3559937633368488e-07, -1.0830207855622468e-07, -9.819268222841855e-08, -9.61524100458413e-08, -6.296269286144107e-08, -7.820246988476338e-08, -3.422311410734136e-08, -5.926551195406335e-08, -1.0967823220503026e-08, -3.334846198527848e-08]]
R->P3
[[-6.312025799641503e-08, -1.69001529092653e-07, -1.245948218187279e-07, -1.5599721946975861e-07, -1.1851232076493203e-07, -1.3031602204876836e-07, -1.067979635195277e-07, -9.639210654054913e-08, -9.162571535161649e-08, -6.306309996881072e-08, -7.512009743109801e-08, -3.54934159443083e-08, -5.411349498541664e-08, -1.2580772814616337e-08, -2.9160690233038294e-08]]
R->P1
[[-3.180410056548156e-07, -8.734005344205625e-07, -6.23444985880799e-07, -7.969604382116209e-07, -5.890825386267526e-07, -6.593231651368779e-07, -5.352001985600713e-07, -4.854118098315767e-07, -4.6730804778993554e-07, -3.1619826901585514e-07, -3.914292999545755e-07, -1.7795372979397142e-07, -2.888574949717766e-07, -6.284964501232533e-08, -1.598736608685675e-07]]
W2->P1
[[-0.00011604744265883077, 0.0025010080584647733, -0.00022827645630842298, 0.0020423772706687077, 0.0004173391843164787, 0.0010133873830386509, 0.0011910471942027936, 0.0006216618751053112, 0.0007443033044615076, 0.0007683281662664397, 0.0005779626470530038, -0.00015244385992889257, 0.0017079955767816013, -0.0010658905388239012, 0.001399289790839172]]
P1->P2
[[-1.348630432862543e-06, -3.7943028112172817e-06, -2.637263474134171e-06, -3.450084135992386e-06, -2.502026586378631e-06, -2.8513658744470297e-06, -2.3018078110380726e-06, -2.0959508413900174e-06, -2.0392387505553064e-06, -1.3625320490210792e-06, -1.734356167652776e-06, -7.724524874963351e-07, -1.3088910616368603e-06, -2.795864075327155e-07, -7.393452991292593e-07]]
P1->P3
[[0.0, 0.0, 0.0, 0.0, 0.0, 0.0, 0.0, 0.0, 0.0, 0.0, 0.0, 0.0, 0.0, 0.0, 0.0]]
P2->P3
[[-2.8930683860187303e-07, -8.125688449218052e-07, -5.714279550860509e-07, -7.44454946008358e-07, -5.437303712021746e-07, -6.158041559856628e-07, -4.977000988047905e-07, -4.5111269167496084e-07, -4.347946195442523e-07, -2.8921834721967787e-07, -3.66617941386106e-07, -1.6123632395392213e-07, -2.729563045852135e-07, -5.5100928356354134e-08, -1.5408471957984475e-07]]
