==============================
W1_Energy_1
W1->P3
[[0.0005329302421215128, 0.00019832743858936634, -0.001508844780952307, 0.0008391086004389505, -0.00037543573443775543, 0.00013172862298994846]]
W1->P2
[[0.0011509060497279418, -0.0009389034154659059, -0.0004649384741512133, 0.0002856270787200664, -0.00012481800554129841, 4.172388447748701e-05]]
W1->P1
[[0.001347134516650019, -0.000995778191429927, -0.0004304082428655364, 0.00022953333793302642, -0.00011430631108190595, 3.5916099878611823e-05]]
P1->P2
[[7.158755454856029e-05, -0.00010294308580018379, 4.132147715446678e-05, -1.90127909082476e-05, 1.3241092083498754e-05, -4.11726934658035e-06]]
P1->P3
[[-0.00037727034845567114, 0.0007321304267149021, -0.0006237618333608746, 0.0004047142088200216, -0.00017010097491759795, 3.419453918489677e-05]]
P2->P3
[[-9.693828717274715e-06, 3.1758985430017754e-05, -4.994238708604371e-05, 4.704714332361081e-05, -2.5304255342054748e-05, 6.430914436344271e-06]]
