==============================
W1_Energy_1
P3->P5
T_min:200 K    T_max:3000 K    P_min:0.0001 atm    P_max:10 atm
[[-74.4626498165443, 82.76335767488762, -50.47570144587992, 21.343328566926395, -4.604696344407391, 106.73330097505747, -157.52609558742327, 95.8956087089451, -40.69672828041671, 8.765730707492393, -80.72289355997133, 133.84498920098, -81.29094885144791, 34.6943977736266, -7.480842697893199, 60.1257610818892, -99.33498915442557, 60.342043907727344, -25.788187690823516, 5.592482516507349, -38.90991700094599, 64.4105950060824, -39.14745002527406, 16.712598032404358, -3.632125876718015, 22.1774718478906, -36.596735368376024, 22.2371824264776, -9.497974624727942, 2.065610651659429, -10.587703265206537, 17.517253422529695, -10.652067605662761, 4.553672373373738, -0.9972579707867363, 4.069520070192712, -6.698494771301623, 4.076874263674495, -1.7427543230177682, 0.3840245426813155, -1.1861824484629757, 1.9609355143884266, -1.1944371889694483, 0.511283774626837, -0.1135277750117371, 0.20778061297342154, -0.33896900103850675, 0.20785876974137082, -0.08921210548912353, 0.02055217482954894]]
W1->R
T_min:200 K    T_max:3000 K    P_min:0.0001 atm    P_max:10 atm
[[-19.268779421507165, 3.3853827761651587, 8.505593909060227, -1.3535372963079342, 0.10498360778563383, 8.035975100198803, -2.693862446070477, -16.51598633978559, 2.5299045417935315, -0.1854137414544467, 30.572003816568426, 3.0534536282967326, 14.102369742591263, -2.1800719911431052, 0.15351104290261647, -24.05470559066414, -2.0711344801595524, -10.443518574134306, 1.6672815029152235, -0.12546624548575533, 15.20754398899704, 1.5386057730132332, 6.725797521847954, -1.0438315114308585, 0.07723344904670859, -8.961785912754257, -1.0246611878304126, -3.689565402677368, 0.5527684515852844, -0.03463992977535202, 4.205205628369324, 0.5175472481632307, 1.7302368893936737, -0.25727095050425564, 0.015252141454533541, -1.737467057358178, -0.2271913535468015, -0.6457932648524415, 0.09388036384395144, -0.005217304161951994, 0.4836326865737217, 0.08198920459140994, 0.17172704975583591, -0.022669211909599665, 0.0006499155790594742, -0.10576905274113324, -0.020388210006551638, -0.026075810210002034, 0.002780361338045691, 0.00014047057039077412]]
P3->W1
T_min:200 K    T_max:3000 K    P_min:0.0001 atm    P_max:10 atm
[[0.5688016240712986, 19.88296530640479, -8.800447242785495, 5.598651817332411, -1.5780584430572933, -32.693730209950196, -36.69173687408671, 16.867594005011103, -10.637892728141725, 2.984854104172264, 31.30743578988473, 31.386520211614478, -13.984536826038, 8.896474482212486, -2.5096397649658546, -24.363415393046115, -23.01852773306816, 10.49121901043847, -6.613377020698681, 1.8682008710673406, 15.510112503278922, 15.120228459866308, -6.820453522855181, 4.32016754631829, -1.2234963307359443, -9.191441251254851, -8.464568249925312, 3.840843869214358, -2.4237862396183454, 0.6928862485967623, 4.347545276060772, 3.978941906611781, -1.8050816805696885, 1.1387725093220682, -0.3280471868364823, -1.7932632618885334, -1.5191220936179388, 0.6923304649446989, -0.4361016046101629, 0.12692874401543314, 0.5157004477619341, 0.4174409552656135, -0.18969732846801554, 0.11982673413616099, -0.03613747042453164, -0.11944152167508783, -0.05813672499663218, 0.025343061661670066, -0.01694361606861867, 0.005498111160160031]]
P3->R
T_min:200 K    T_max:3000 K    P_min:0.0001 atm    P_max:10 atm
[[-6.113485909747862, -33.21197043711607, 16.739130565146827, -9.802005980719946, 1.7992058731642002, -19.287901530134707, 62.018085889168105, -31.843511417726546, 18.46408959088082, -3.3903403401394807, 23.772262400055364, -51.43272046018399, 27.027318324853166, -15.522656880913734, 2.8420842351766766, -17.845463164784036, 38.50770920006122, -20.20165458705418, 11.65086536827159, -2.1336404542621845, 11.672226327482344, -25.302195043655054, 13.216258493386045, -7.635111973782831, 1.4108796501158651, -6.512213091135592, 14.205719179901996, -7.43317821573915, 4.292568865595535, -0.7969194339388525, 3.1062363341630475, -6.77749278848223, 3.5289715312635757, -2.048576605653086, 0.3822880906019197, -1.1794273330454395, 2.621219716754987, -1.3621801100488817, 0.7906912466846896, -0.1498542199618965, 0.34342900836855067, -0.7577905573923825, 0.3934530788427677, -0.22890269673073527, 0.04402302167023819, -0.05506818455143398, 0.13240015994769522, -0.06702858347848961, 0.03982348139865162, -0.008138969298904312]]
W1->P3
T_min:200 K    T_max:3000 K    P_min:0.0001 atm    P_max:10 atm
[[-30.215972702487065, 25.425108197059963, -6.8956969128580985, 5.591544516141933, -1.6346418103269404, 29.25263017365093, -47.16683718275351, 13.276960579694917, -10.626706156552448, 3.0921607540830855, 10.971945634930432, 40.208193519043974, -10.984998782997295, 8.892975654658139, -2.6009394808507893, -9.261664773856292, -29.611126821860747, 8.280728716461718, -6.61823411781561, 1.9376135121856346, 5.616705341351182, 19.447618602235572, -5.398397832394163, 4.330336988666279, -1.270148835544446, -3.6760210682976275, -10.925304904152545, 3.054184570969186, -2.4348038422240412, 0.720233138560814, 1.7208381365355994, 5.159611495508639, -1.4416910268721834, 1.1474318750577155, -0.34168891405443175, -0.8042010102531214, -1.9796085887692125, 0.5582903301316139, -0.4412977060759554, 0.1325351786584596, 0.23492147233474323, 0.5509024138801906, -0.15413813165205956, 0.12212989375049735, -0.03788736586615815, -0.07363070288064755, -0.08246943774864274, 0.019856165195396732, -0.017594328549583073, 0.005855242129185466]]
W1->P2
T_min:200 K    T_max:3000 K    P_min:0.0001 atm    P_max:10 atm
[[-19.895119563490745, 2.09014929267825, 8.068308983880762, -0.7581927137836513, 0.00781888435402227, 7.234972444404752, -2.526682718213285, -14.956175647537473, 1.3142533007441666, -0.0006987867228051805, 30.247346695388064, 3.09153651236518, 12.66532033014709, -1.1113203060571015, -0.007621551890137897, -23.667814794467663, -2.1115268997073096, -9.243520212134632, 0.7994667620144081, 0.011287282232232744, 14.864172343753388, 1.7419982349094771, 5.874005734983376, -0.44288026332709984, -0.02239156737841483, -8.775974834493576, -1.1314799630428392, -3.198496263158772, 0.20639724804742993, 0.02556124143141349, 4.083569290344667, 0.6209392918660385, 1.462882097399915, -0.07931356397774904, -0.01671772331723555, -1.6681356511105287, -0.30741632551683273, -0.5147329660141752, 0.011880291712184144, 0.010489248535998915, 0.45188815247189484, 0.12599442048038523, 0.12093570189978672, 0.006680393225509548, -0.005603888024688693, -0.09981499194241027, -0.028560039923719183, -0.01600006197701786, -0.003004809123060057, 0.0015522739758192987]]
W1->P1
T_min:200 K    T_max:3000 K    P_min:0.0001 atm    P_max:10 atm
[[-49.339650284343136, 51.37257419835696, -16.79140968984888, 6.624354679218745, -1.2050346080390868, 63.60080579831489, -92.92760285807285, 30.620258223233172, -12.283715978632243, 2.251307934957173, -16.05291387542954, 78.2967618011012, -25.372150479525423, 10.22445976983456, -1.8831921322923566, 10.356564548548992, -57.79080745125921, 18.783786937334646, -7.5226233770166955, 1.383685848047703, -7.06868282605884, 37.602159887703934, -12.187865073987155, 4.9077794353882425, -0.90185602144598, 3.375067169625931, -21.013065099637537, 6.803992649604837, -2.743487537893475, 0.5076140018767014, -1.5375695493103945, 9.825865172850957, -3.1558290980562065, 1.2769964763151274, -0.23667133864617904, 0.39415589302580584, -3.689902928673268, 1.1755304655011882, -0.4780110861360463, 0.0888507120599616, -0.09463313570523027, 1.0222429318546506, -0.3233473054229773, 0.13254904491160283, -0.024964001684001366, -0.019149237967457457, -0.16231057156634435, 0.04887370335744836, -0.020443962807230938, 0.0038946806444540337]]
W1->P6
T_min:200 K    T_max:3000 K    P_min:0.0001 atm    P_max:10 atm
[[155.03191165410846, -323.4217301265673, 196.27729475368946, -67.19055098243273, 11.926319425101747, -340.10047821594287, 615.4034561297818, -364.7225017998582, 124.55682651178768, -22.431985019271263, 326.9827976675034, -510.74003038843523, 298.8625907783346, -100.8469728034256, 18.22938835713601, -244.96624094406025, 381.46074945854815, -223.19127042629128, 74.93656586094687, -13.396780670586091, 162.66815716719873, -254.18790838952674, 148.67051204711288, -49.98785754908129, 8.924838994083915, -93.79886238510238, 146.22296151230753, -85.46909736000765, 28.694828913498956, -5.099296053731753, 45.43658525238681, -71.01384286766391, 41.47828657971487, -13.908883030411966, 2.4560796520200694, -17.834860637768703, 27.75269702461205, -16.206679893875553, 5.420375268901602, -0.9499139344081066, 5.197261185796439, -8.112283889574128, 4.734416072654008, -1.5795293892145004, 0.27371633711652477, -0.8943875826433093, 1.3631984539590993, -0.7982998339266998, 0.2642737626823745, -0.045127808827778795]]
W1->P5
T_min:200 K    T_max:3000 K    P_min:0.0001 atm    P_max:10 atm
[[-23.535917792573034, -4.523153543641105, 18.45870073055577, -6.085130515878382, 1.0286859108316044, 7.214250165893602, 17.748313720247523, -36.44968545726376, 11.44363527305096, -1.8844108659581849, 35.3636065247096, -18.41043508445858, 32.89500540882203, -10.122565087637268, 1.6201520137706267, -26.7971919102548, 12.708302831101133, -24.037029733120693, 7.522161653867289, -1.2111182709855437, 16.7726392929478, -7.723488644896662, 15.378715234670578, -4.8053918682621495, 0.7774835672656364, -9.59667198181507, 3.886889277975948, -8.460042653082011, 2.657108946689032, -0.43124360841999754, 4.329489784837673, -1.5297147142712355, 3.848497982234011, -1.2096386726121067, 0.1960418084868608, -1.7306404097101562, 0.49253639154545586, -1.4360772029658067, 0.45546269006218737, -0.07406480541335683, 0.46294648879634875, -0.09284623353041378, 0.381636313999529, -0.12126573400042404, 0.019705367882223258, -0.10429692052816744, 0.016829755198409745, -0.06812929436929639, 0.022209940017986197, -0.003592745068730289]]
W1->P4
T_min:200 K    T_max:3000 K    P_min:0.0001 atm    P_max:10 atm
[[63.006274401816604, 45.88239066487546, -30.836813039486092, 16.8279547793699, -3.0189846067755077, -145.84009376183099, -85.70763417500594, 58.56718510153626, -31.889131336697556, 5.717652893111089, 150.0692959517044, 72.69299897267082, -49.04368134958945, 26.81486253288756, -4.8322552074364005, -105.95497987724414, -53.67686078926835, 36.628605620055474, -20.03690303210014, 3.632281833494773, 64.9518038078371, 35.147703385901316, -23.92994713534469, 13.164920553260824, -2.407885714803061, -35.01482933043061, -19.761829859958798, 13.501927443189459, -7.467269217381747, 1.3861797822059785, 15.036221374597174, 9.329277238580948, -6.400820076684446, 3.568337402274047, -0.673494718903777, -4.85167954962676, -3.553341349951427, 2.445126984853384, -1.3812722608173515, 0.267352578693099, 0.9277769156459892, 0.9909883990337168, -0.6772367541456455, 0.39016518026284736, -0.07889506297810611, -0.0963209695015628, -0.15200455964539775, 0.10028855267342038, -0.060357442952148975, 0.013037928390547824]]
P5->P6
T_min:200 K    T_max:3000 K    P_min:0.0001 atm    P_max:10 atm
[[-16.47999935930451, 2.240303171361545, -1.4001708964172734, 0.5665804249038902, -0.1345651179889983, 4.489144799507359, -3.7402039351625, 2.3188710398230934, -0.9399500127430744, 0.21716786923109124, 0.9698145899330726, 2.4450318910584334, -1.489252824336305, 0.6055875395037867, -0.13112733857325756, -0.6497107890126163, -1.5831629943797156, 0.9577601439401542, -0.3894880923197212, 0.08205566100308642, 0.5554954090533528, 0.9748570379950343, -0.5904246275128875, 0.2399662207912717, -0.05080938275608808, -0.3285467026622775, -0.46841540006158017, 0.2814978413502123, -0.11461295681682564, 0.023586629661724562, 0.1971027770991127, 0.1715758840937148, -0.10181807139488755, 0.041510406537087846, -0.00812614181474047, -0.08724136241858935, -0.044677988232191254, 0.02590066899769732, -0.010589808695735371, 0.0018787299697462455, 0.030813332821461373, 0.0031362742044533528, -0.0013043085488440962, 0.0005672877090801168, 6.791172206883258e-05, -0.007160506224393843, 0.0014080651563860526, -0.0009858594567985015, 0.0003962484288022389, -0.00012688275888848475]]
P5->P3
T_min:200 K    T_max:3000 K    P_min:0.0001 atm    P_max:10 atm
[[-59.852519074771315, 85.31280753221672, -52.07558694967629, 22.000446826489558, -4.763206145252352, 92.13494912257117, -162.31411339857328, 98.90042913753267, -41.93094383355556, 9.063497569855118, -77.98889093079532, 137.800939523916, -83.77396387462689, 35.71442205217923, -7.727066994067084, 57.878886836062904, -102.19175129688642, 62.13562337208368, -26.525168373149135, 5.770555014003425, -37.45516318416613, 66.19204453250597, -40.266381521116955, 17.172537055442827, -3.7434245073164094, 21.28000348917727, -37.53575192256534, 22.827366313117928, -9.740709188520963, 2.1244839373746025, -10.144476602960165, 17.920772221750866, -10.905945958937252, 4.658180782082747, -1.0226964383197603, 3.8769556888460746, -6.8311749799138815, 4.160495749225963, -1.7772266727567947, 0.39246501635191033, -1.1270003443164438, 1.9893761376704429, -1.2124333675167192, 0.5187264246592294, -0.11537456069922476, 0.194436426495502, -0.34148188101571775, 0.2094702316899046, -0.08988527441729208, 0.020726475511315137]]
P6->P3
T_min:200 K    T_max:3000 K    P_min:0.0001 atm    P_max:10 atm
[[-14.640892701214485, -0.7938587110573445, 0.4816237166492967, -0.20651078898996966, 0.0411336568230652, 5.774589168445877, 1.7825285657506653, -1.0862300891518502, 0.4628247495143945, -0.0950935594775263, -4.394955023817832, -1.8916074574838007, 1.1581718125359968, -0.4901031918593422, 0.10408552705765856, 3.3545086960011408, 1.5060926817814866, -0.9234627514480493, 0.390128856925161, -0.08368043378226794, -2.1548106342054543, -0.9559079538930444, 0.5862765921191319, -0.24789093239048274, 0.0532503032831307, 1.2652036307590973, 0.5293504426471157, -0.32469610495407913, 0.1374231235650937, -0.029587114062372185, -0.5984742798278804, -0.24471625140352563, 0.15010348739937343, -0.06360776454412008, 0.013723305442860961, 0.2437703147790342, 0.08919230293301822, -0.05473647100440672, 0.02324000674699503, -0.005036718869006814, -0.06902598888825665, -0.02484775634989486, 0.015256470878012116, -0.0064893796130891315, 0.0014178681342364317, 0.014048476402721272, 0.00367610896718038, -0.002259040258284525, 0.0009662823805152687, -0.00021300337143477242]]
P3->P4
T_min:200 K    T_max:3000 K    P_min:0.0001 atm    P_max:10 atm
[[47.91800225575013, -103.32240346116376, 43.366587259507725, -17.778220112609468, 2.508780135104375, -125.75884928577086, 193.41447915588753, -81.83780054999716, 33.50689850643379, -4.734032881756319, 112.34024264950973, -161.39753962720988, 68.9441998218621, -28.193556502562906, 3.986032407294977, -83.90474087981538, 121.29915111211822, -51.706751675605744, 21.15051984896178, -2.997297978851539, 55.252032149813274, -79.89413122345964, 33.97634342833007, -13.880714361682788, 1.9808403314660157, -31.231535719510795, 45.38114754279292, -19.32509608285126, 7.87172172796737, -1.1282257789480232, 15.179895047857196, -22.040839941936927, 9.36710619835685, -3.8061104694456582, 0.5491474497872663, -5.8854922536236005, 8.64862149698654, -3.677126050704677, 1.4900548452640066, -0.21911269747250192, 1.7419619573259415, -2.5563455300823215, 1.0871698383900712, -0.4381203440112655, 0.06583059237457073, -0.3122950216003705, 0.4742485992664929, -0.19768186183281, 0.07842549069981924, -0.012267549499961167]]
P4->P3
T_min:200 K    T_max:3000 K    P_min:0.0001 atm    P_max:10 atm
[[17.436663735547747, -102.8151204956167, 43.061987985739165, -17.654936183164263, 2.4879252556648224, -98.28958311571996, 192.48289648719637, -81.27892653670864, 33.28077371290588, -4.696166030545773, 111.6919372865795, -160.68188342471262, 68.51616063732293, -28.020561210567976, 3.9580690475552984, -83.44695083264291, 120.85143318732344, -51.44074540558296, 21.043272835149576, -2.9813518870599904, 55.00382409071952, -79.68197376611329, 33.852270345295565, -13.830977722946033, 1.9750113601924915, -31.127679527711486, 45.321306130763226, -19.292117842982567, 7.858796065133363, -1.1283482680712922, 15.149923925791876, -22.049224991299482, 9.374194846305453, -3.8092659726088858, 0.5512947863532148, -5.884915599716611, 8.669422239017477, -3.690705204459755, 1.4956986725588857, -0.22092852671700408, 1.7450280615381348, -2.568358984619665, 1.094792245383957, -0.44125884201843923, 0.06668757811849832, -0.3137487566880977, 0.4779162673406091, -0.1999781308693459, 0.07936569830411218, -0.012502904014287986]]
P3->P6
T_min:200 K    T_max:3000 K    P_min:0.0001 atm    P_max:10 atm
[[-37.24017991105296, 1.0893062359301648, -0.6943720850527858, 0.2809242175456735, -0.06966959876324647, 29.225706478948773, -1.7359440620600521, 1.1110796070296634, -0.4480284990380899, 0.11192935069491315, -10.74106743611993, 0.9681612688806374, -0.6280264488601609, 0.2505814137464493, -0.06417544348067214, 8.129137453489914, -0.5003021613207139, 0.3300334730851639, -0.1299734926960367, 0.03435397815158833, -5.137619989932477, 0.2407572290964399, -0.16162092470892622, 0.06272175911570528, -0.0171168060726285, 2.942885825993997, -0.06095004014109542, 0.04443657930255205, -0.01610896887024642, 0.005083456356928907, -1.3527804161785018, -0.015639897880477562, 0.006734420891113471, -0.003831976393102696, 0.0003090565986617119, 0.5293541059744262, 0.025765877982836027, -0.014986607447878962, 0.006592243570773149, -0.0013550225955401697, -0.14344785127955773, -0.015759398568831285, 0.009537413674791504, -0.0040590002880462024, 0.0009091020500582166, 0.027440084356690063, 0.004049076888782078, -0.002486520220798274, 0.0010496821039310622, -0.00024317989931238584]]
P3->P1
T_min:200 K    T_max:3000 K    P_min:0.0001 atm    P_max:10 atm
[[-8.653521169078228, -25.297198957226144, -6.9460027761362895, 0.027178244730677148, 0.6649348588128711, -15.969838308320258, 47.14026905413116, 12.643679844634883, -0.0017005322834619484, -1.2609678520969811, 20.495354035471998, -39.0348716068449, -10.204425452052513, -0.06936855794476127, 1.062604586415965, -15.330791084079323, 29.204508251637556, 7.617061863329637, 0.10022854932934311, -0.8015533881549077, 9.853756659718982, -19.04720738429234, -4.969377488613189, -0.07112988485937338, 0.5336404465310509, -5.300017660843161, 10.583516929678598, 2.840556316706545, 0.014240825504324116, -0.297438243420725, 2.4789028827094968, -5.014843106917707, -1.3689929859822183, -0.005707290761851777, 0.14222456383487173, -0.8612183724240811, 1.9156559915057203, 0.508305146799376, 0.007695970871220061, -0.05713955083423125, 0.2375070500640425, -0.536865477828075, -0.1496418209359073, -0.0007956319405798594, 0.01642784567556371, -0.020158241730582716, 0.08770270651081112, 0.026126888270165596, 9.64697228581604e-05, -0.003031122317879194]]
P3->P2
T_min:200 K    T_max:3000 K    P_min:0.0001 atm    P_max:10 atm
[[2.59743881259493, -34.94677822032365, 13.667735770167123, -8.898088850023127, 1.028540400146136, -38.95880551732424, 64.54216999507761, -25.809129661566196, 16.73931720237921, -1.9374625469640734, 39.775324891289245, -53.11563318048239, 21.83309547760262, -14.081714064522401, 1.6302979605553836, -29.827570609850618, 40.43889882575727, -16.55658624564116, 10.629599048117587, -1.2404490699198152, 19.926622237424368, -27.03390072475894, 10.999668348296714, -7.009869368555337, 0.8334274344992053, -11.242648576395172, 15.450078500091642, -6.301834365291589, 3.97652234788868, -0.47749026112380993, 5.602675642165568, -7.6983950342783505, 3.124618744393984, -1.938887356439412, 0.23679041107907756, -2.206892893085628, 3.131011704453362, -1.273782782359851, 0.7710887617505123, -0.09836855829186221, 0.6802919877405171, -0.9637697049196224, 0.3938101453347238, -0.23113007818515163, 0.030912796491045298, -0.1311243712772126, 0.20171838041828075, -0.0800932592778144, 0.04395353772857893, -0.00649141360544191]]
P1->P2
T_min:200 K    T_max:3000 K    P_min:0.0001 atm    P_max:10 atm
[[4.425865682940167, -30.018665496282974, 5.437251453606717, -5.852548701196369, 1.0200720616862882, -32.80842773673073, 56.143027571005916, -10.6633130181912, 11.072876382488175, -1.9292069920839259, 27.388138005729356, -46.73846396872396, 9.381264054420717, -9.368350099441315, 1.6251723216392735, -20.37075094532652, 35.12229242174775, -7.047527184806798, 7.053103709905179, -1.227168606407378, 13.466087442244962, -23.14297342122454, 4.640581324049047, -4.632354857645776, 0.8194753211212149, -7.431722209414259, 13.045658777006155, -2.6170876390523277, 2.6023374631933063, -0.4646282594715323, 3.597165913353881, -6.277591194096363, 1.2432815944415707, -1.2435647653237354, 0.2245488565765956, -1.3439040060804752, 2.4573340512645507, -0.49754324260841054, 0.4851828134180937, -0.09035095332580215, 0.39718760720880475, -0.7166208175436151, 0.1455283176944016, -0.14031727645038788, 0.02692644040846794, -0.05875214447846533, 0.12782363991383572, -0.02375651587305862, 0.02399759879193889, -0.005085443580094577]]
P1->P3
T_min:200 K    T_max:3000 K    P_min:0.0001 atm    P_max:10 atm
[[-1.1939147944483681, -24.468480476789644, -7.462104453632298, 0.23695626372916306, 0.615393269593146, -21.104268964300307, 45.57895676962538, 13.616106921794739, -0.3970087714111657, -1.167581061999184, 17.009973021948134, -37.73267583420946, -11.015697514761474, 0.26055479303414725, 0.9845844857553094, -12.636838831637126, 28.249683605507986, 8.212223227521308, -0.14197313961881955, -0.7441715638786087, 8.158633380424408, -18.440390456775138, -5.347926805247502, 0.08308345789007597, 0.49699426109308376, -4.32765463635678, 10.257151620711301, 3.0444140493993044, -0.06893852338683881, -0.27757598998761096, 2.030211399587174, -4.872499297889569, -1.4580955346964208, 0.0307400873002225, 0.1334500227325374, -0.6901337883397308, 1.8692337127682923, 0.537479326231418, -0.004290022712965349, -0.05420956908913645, 0.19153303720056244, -0.5276736418759177, -0.1554781312035267, 0.0016279154666541849, 0.015812170502650637, -0.012421203402611755, 0.087457113362331, 0.026308052096095713, 1.0690474340992546e-05, -0.0029996219581873255]]
P1->P6
T_min:200 K    T_max:3000 K    P_min:0.0001 atm    P_max:10 atm
[[-28.281721500654704, 0.16130474881070533, -0.10906963588747919, 0.04979012879331313, -0.01620902079106607, 22.539122008310713, -0.045698672988944804, 0.049480191494044284, -0.028733330969116417, 0.016608543848042237, -13.100090993674446, -0.3695001327885276, 0.20693406815063434, -0.07897993996624321, 0.008732512286947906, 9.95541413972129, 0.465897171956587, -0.27266559887363656, 0.10736268643596023, -0.017887408201802308, -6.321880498747989, -0.3684166969674308, 0.2184363427049253, -0.08648248751997561, 0.01567509537411145, 3.643222933606048, 0.25953688109269724, -0.15508859699814465, 0.06185055705829058, -0.011824018208492515, -1.6946696413638147, -0.15431059877343622, 0.09297979457444767, -0.037256327892329896, 0.007469184794481097, 0.6686550644587894, 0.0727680191824291, -0.044142022664778055, 0.01775803899093846, -0.00369351576692393, -0.1852320091034474, -0.026357655087526407, 0.016072718652947786, -0.006498571923968803, 0.0013920239548700418, 0.03611292630428887, 0.005066242312203987, -0.003116019173042052, 0.0012611784605683117, -0.000279992244195957]]
P1->P4
T_min:200 K    T_max:3000 K    P_min:0.0001 atm    P_max:10 atm
[[3.273136491481732, -23.685735761550895, -5.360650722596887, -1.0533834109502294, 0.2803837211678054, -32.11786191075192, 44.165509846036024, 9.686820811920418, 2.0284422479081896, -0.534885189086012, 26.645139166808566, -36.649733376607834, -7.7060899299289645, -1.7779593667054572, 0.45532577214665204, -19.809580108742843, 27.584285780738895, 5.699774181206519, 1.3929950009156888, -0.35520525288691396, 13.05794203691863, -18.177644005032324, -3.686928745494695, -0.9329669939881642, 0.2488673083527306, -7.170178233798642, 10.221050287343585, 2.084045483401163, 0.5139205198332064, -0.14203878959203908, 3.462248029356297, -4.924487338458404, -0.9945940339363643, -0.24978132599816957, 0.07098150804656063, -1.2791399481296646, 1.9312832048866744, 0.3579433891737344, 0.10505112050232389, -0.03155062823974049, 0.37615430307905806, -0.5633135813600489, -0.09975238172524098, -0.031381501865048345, 0.010057176473955366, -0.05243992203389877, 0.09999268458007372, 0.018096862874929186, 0.0053963515626520705, -0.002163358656610386]]
P1->P5
T_min:200 K    T_max:3000 K    P_min:0.0001 atm    P_max:10 atm
[[-69.09146599945994, 85.80531344387222, -53.019294913423835, 22.604401515172093, -5.2653282131916805, 106.9161619170463, -163.26222362973857, 100.68364874958876, -43.07144031162812, 10.010665513760127, -88.81110289706639, 138.5868315048799, -85.25478887067194, 36.66070450058347, -8.520247187883735, 66.09581153280158, -102.7277513950918, 63.20631093062398, -27.20959986687587, 6.356677167069312, -42.740299942979796, 66.52968867183924, -40.957664229254206, 17.613604543977658, -4.124118825168232, 24.298411110200785, -37.69655143417012, 23.199483014046173, -9.98081842983433, 2.3376622013622166, -11.540757690567167, 17.941889755774216, -11.049243191887795, 4.756455068877107, -1.1206799695674727, 4.414554758663519, -6.818056453956723, 4.202220238565789, -1.8086820347130101, 0.42847909108181875, -1.27106588695866, 1.9713803878543852, -1.2157628590766842, 0.5239202678386379, -0.12491069033994495, 0.2153191974759927, -0.32654880227988164, 0.20274755996262148, -0.08755337786227782, 0.02161260764809448]]
P4->P6
T_min:200 K    T_max:3000 K    P_min:0.0001 atm    P_max:10 atm
[[-69.20266548752991, 1.298784430531203, -0.8191628422338535, 0.3213683919469913, -0.07975115273191116, 57.30037243828574, -2.083024030515562, 1.3113718745312908, -0.5108301786221556, 0.12609902697318784, -11.769023641575357, 1.2152913140081767, -0.7626336064949173, 0.29060405860712984, -0.07107941437439835, 9.005432830782786, -0.7066762628934627, 0.44390893463842007, -0.16552642617360144, 0.0406485410863364, -5.692429283350902, 0.4045557492151777, -0.254583021883937, 0.0936856828149268, -0.02315011008657297, 3.275933599240264, -0.16438897890704524, 0.10360959248089731, -0.03654648427536854, 0.00909290232051274, -1.5118507852159795, 0.03809263455562167, -0.024364333326274374, 0.007203351662640014, -0.0019161641955299273, 0.5928282634913846, 0.004119570497921584, -0.0023283028180655766, 0.001990725983827601, -0.0003996445361840232, -0.1613454046917242, -0.009909366117150811, 0.006107400252472706, -0.0027870181991126847, 0.0006437326694516073, 0.03069339885837172, 0.003354909409475359, -0.002065211826929726, 0.0008939857049831792, -0.00020526874249998209]]
R->P2
T_min:200 K    T_max:3000 K    P_min:0.0001 atm    P_max:10 atm
[[-2.291063086053514, -23.004247193604407, 12.37023221173839, -6.075413149936092, 0.21816564695279678, -19.176466130379175, 42.84788506151745, -23.57988734830194, 11.427217680842285, -0.4062013095326023, 16.484243119264463, -35.45339473687744, 20.122247974234288, -9.620409615511818, 0.3363019653332098, -12.357992187883822, 26.732126570319522, -15.177567191149459, 7.304188860559644, -0.274434402810069, 8.261012234073208, -17.782485571048756, 10.040749642466427, -4.853639661137886, 0.20710569001398796, -4.64278713569567, 10.087003175970311, -5.717525457499922, 2.7591385702019418, -0.1247536166635662, 2.2751452124078586, -4.89935577994791, 2.771075544033529, -1.346144655868354, 0.0670607631212315, -0.8906333183681654, 1.9469839328261078, -1.0997829335199845, 0.5361571242685226, -0.031711644530271095, 0.2737552972461641, -0.5864038996291857, 0.33279093315349023, -0.1625405828562886, 0.011359531010963141, -0.05214733664856043, 0.11646647944565522, -0.06538891210041461, 0.03273587615533262, -0.0033412911057037024]]
R->P3
T_min:200 K    T_max:3000 K    P_min:0.0001 atm    P_max:10 atm
[[4.934071445449355, -36.472248974991956, 18.71833861665026, -10.587112025511011, 1.9606498625122941, -31.794468129667326, 68.17114026570185, -35.57887709615217, 19.945858285906045, -3.6950587851938232, 26.606575715074396, -56.593976076667886, 30.160703877499813, -16.76571364810665, 3.0977538874895796, -19.924169255890998, 42.33577041692622, -22.525798824636038, 12.572987773694493, -2.32334872784142, 13.043190530719954, -27.786781279450214, 14.72484569200569, -8.2337426139064, 1.5340727389766302, -7.271320115912455, 15.594173256661763, -8.276288205056169, 4.627185282332839, -0.8658026253732383, 3.46354105412019, -7.4279705825570845, 3.9239941941991345, -2.205383481361067, 0.41457758986410814, -1.3138745129868548, 2.8647282446277624, -1.5100648935708814, 0.8494039338261702, -0.1619446455832153, 0.3798754187004941, -0.8242534736486021, 0.43381722929362954, -0.24492964911008552, 0.04732305693555943, -0.06087668122875674, 0.1425709164788747, -0.07319911008955923, 0.04227025691352467, -0.008639881635302623]]
R->P1
T_min:200 K    T_max:3000 K    P_min:0.0001 atm    P_max:10 atm
[[-1.3813312582541524, -30.89569232662424, 14.354925380237898, -8.728116312872203, 1.9346664761049015, -18.587246164355104, 57.803736502850406, -27.39901105844614, 16.433644928542947, -3.643241373886146, 15.6298852321603, -48.16573763311915, 23.39769584739121, -13.830908614728237, 3.0534804549868424, -11.936459937145898, 36.1594875650824, -17.551663689058103, 10.406352350573693, -2.2925898723831457, 7.759671591577356, -23.72099733048011, 11.481722072849962, -6.815769274243869, 1.5127324183112463, -4.319027693702931, 13.316228569649535, -6.457602208626253, 3.8278741412208146, -0.8530078439285954, 2.0544925802232874, -6.353330009444224, 3.0682698607300742, -1.8257599778854547, 0.4082611862858654, -0.770603669532697, 2.4443224312232457, -1.181071385452058, 0.7014761710973691, -0.15871470542067437, 0.22411249018836685, -0.7043040621653845, 0.3401535541862449, -0.20216536060683055, 0.046144556414509805, -0.0324703814014942, 0.11980679564450974, -0.05672364439157005, 0.034309434246105185, -0.008236083118315847]]
R->P6
T_min:200 K    T_max:3000 K    P_min:0.0001 atm    P_max:10 atm
[[-19.828435164534923, 0.3307178637027497, -0.21098092934228982, 0.08466391716085667, -0.022508697684475366, 7.929734630021672, -0.24896593584132698, 0.16199888568857168, -0.06252665811629568, 0.018438333812772358, -0.6758145200265386, -0.3282706666549536, 0.20240418803734714, -0.08681087341770818, 0.018992580270731793, 0.5429049575863673, 0.4109928697229349, -0.25585725860027103, 0.10794378957816328, -0.024926902015731257, -0.2766823585999446, -0.275526697724453, 0.1718631022591644, -0.0725604058683676, 0.016903303807881673, 0.17858443484613062, 0.1812243044349503, -0.11344358827431478, 0.04779542401747916, -0.011331259196750161, -0.06849256618409726, -0.1016244677626053, 0.06380317265190191, -0.026822231176839913, 0.0064502882485096835, 0.027693971099794882, 0.04431864720191859, -0.027906205506426078, 0.011722727391262691, -0.002857945367767183, -0.00584475848321062, -0.016222141296144913, 0.010247952978267928, -0.0042923986544670225, 0.001063002848773192, 0.0009830108985951565, 0.0031366574045813937, -0.0019853741613075474, 0.0008310946947648723, -0.000207741608735387]]
P4->P5
T_min:200 K    T_max:3000 K    P_min:0.0001 atm    P_max:10 atm
[[-93.38213090398575, 59.18817833033772, -35.33766482091798, 14.840678523641355, -2.824788927016334, 110.00798830791574, -112.96383855597755, 67.27443606804319, -28.392648160649696, 5.398849407285977, -60.924659563367534, 96.52438078128108, -57.30118437967827, 24.369372922732424, -4.651489180342547, 45.70531789513743, -71.89644136156737, 42.687804767370174, -18.18808781402218, 3.502319419558838, -29.56289606221714, 46.69342089017262, -27.743379271540512, 11.802846278254906, -2.2786237333003623, 16.975969346012086, -26.70583305705255, 15.865446952214384, -6.752875564878832, 1.306197439779143, -8.184147351984196, 12.941559047037751, -7.69821732998847, 3.2801676103961217, -0.6420163348933209, 3.1814795463655345, -5.00244010708818, 2.9797916012362475, -1.269415028648025, 0.25089919971399, -0.9435495841205831, 1.4959419533249803, -0.8924809623529975, 0.380740498154216, -0.0762696530967422, 0.1756386519266413, -0.275739403291858, 0.16603256334828473, -0.07103691928150284, 0.015023470067445949]]
R->P4
T_min:200 K    T_max:3000 K    P_min:0.0001 atm    P_max:10 atm
[[1.2952409865018897, -30.847557404695316, 16.944968550579834, -8.779574350995855, 0.9686073439229751, -27.46517812481272, 57.633280533622916, -32.23711907808912, 16.542111819188186, -1.8245835276171443, 23.314553487987272, -47.862728066012124, 27.40966701280724, -13.929653132856073, 1.5314598716686187, -17.454705042052296, 35.97340959893961, -20.58375237048052, 10.507581575553166, -1.1656084849257746, 11.588474999495274, -23.80907030782139, 13.558722546068285, -6.938019753913163, 0.7888093412811287, -6.5107447307076125, 13.478020585395605, -7.695409761666662, 3.9324448952682665, -0.45321199995993616, 3.160973958444486, -6.502185822438343, 3.6999751679916595, -1.8999293305351563, 0.2232102444460874, -1.2249374701096782, 2.555490185422263, -1.450559645142695, 0.7459561523377048, -0.0914101426445046, 0.36679299956256683, -0.7548194617751071, 0.4288970230652096, -0.22096523877217217, 0.028286410082116055, -0.06494800176790069, 0.14039921036362374, -0.0782165941261451, 0.0412112413801474, -0.005994081991257997]]
R->P5
T_min:200 K    T_max:3000 K    P_min:0.0001 atm    P_max:10 atm
[[-32.06721971531806, 34.74777813241861, -21.270010675564773, 8.855088529494274, -1.8632453045712145, 38.12624055905972, -66.64640654831062, 40.58298931607144, -17.022541714061315, 3.564902492691686, -30.736628973700597, 57.49985143549316, -34.776828453997474, 14.752500878872688, -3.0911940245482556, 23.060294071835987, -42.93762562965479, 25.968494727831793, -11.04210871445183, 2.3395481537592255, -14.84867530720463, 27.73394961099167, -16.795117650113514, 7.124917906610289, -1.5144800386046078, 8.523745155059704, -15.8767423659411, 9.606854180450188, -4.077032982050524, 0.8655728542725097, -4.15379162378924, 7.733287931301992, -4.684111185092251, 1.9895921343719805, -0.42670074554479775, 1.6029020365624969, -2.982992251490505, 1.8091210150181973, -0.7679077923292476, 0.16600204841176877, -0.48330289691484096, 0.8964283386835524, -0.543919647596539, 0.2310869579561671, -0.0503359249757999, 0.08939432633823181, -0.16606973424040375, 0.10162579481690555, -0.04323208622099446, 0.009849982845203888]]
P2->P3
T_min:200 K    T_max:3000 K    P_min:0.0001 atm    P_max:10 atm
[[4.305009911062229, -33.37356792309183, 12.668115434479242, -8.474201512871472, 0.9210775914392673, -39.52529484084458, 61.60168688524424, -23.940429322702094, 15.946705504002848, -1.7363914994004077, 38.27700928660608, -50.72058605840108, 20.310250056188767, -13.435321430571143, 1.4659964875929887, -28.78345705891285, 38.75363434019583, -15.484013355526884, 10.173697830147752, -1.1241381210722252, 19.292341684231747, -26.02452270376947, 10.35624954648771, -6.735762819621831, 0.7630767566676994, -10.927218297176742, 14.94985765907297, -5.9821321304191555, 3.8398084965644284, -0.4420534723469557, 5.476859778382433, -7.5033250110576555, 2.9993539940839558, -1.8849596010093645, 0.22256872036555692, -2.170992550100729, 3.076975749799158, -1.2387326918160455, 0.7557862674044968, -0.09419022347826166, 0.6745710648596968, -0.9562409690149861, 0.38873900987538257, -0.22880340896465623, 0.030203183790023957, -0.1310658266827299, 0.2020106925581764, -0.08021440801466417, 0.04396551219609527, -0.006467290669804998]]
P2->P5
T_min:200 K    T_max:3000 K    P_min:0.0001 atm    P_max:10 atm
[[-46.99395490198498, 39.056581309148555, -23.010216965131608, 9.659024023131428, -1.6656183231803423, 56.746240773693835, -74.91529495044162, 43.96915082974817, -18.59007515734611, 3.2053933072135146, -40.560519381328106, 64.61367151082679, -37.74495960583518, 16.13475200657904, -2.8069691558261045, 30.62685613543747, -48.339429824592365, 28.247607650130714, -12.105489599174378, 2.1381507516817573, -19.80118324879178, 31.431367912103873, -18.389170958505243, 7.862123669483602, -1.3944477267471391, 11.496167029716167, -18.15127524392203, 10.622200536075162, -4.542241039529185, 0.8096514301013329, -5.617717722922522, 8.939531635484267, -5.244421860465504, 2.2445206458384517, -0.40869932518363605, 2.217033258983564, -3.502789010638701, 2.0601224035313668, -0.8808434938592845, 0.16312869260719484, -0.6743937344383849, 1.0780493573572807, -0.63604255018425, 0.27207334452616727, -0.05158709916133087, 0.13326197323473196, -0.21088868396824814, 0.12608826798626938, -0.05400932409172238, 0.011068174718914282]]
P2->P4
T_min:200 K    T_max:3000 K    P_min:0.0001 atm    P_max:10 atm
[[-32.394661249648756, 19.00039639396018, -7.503062414896526, -1.0627217418871606, -0.8604012308494917, 27.198691936297664, -37.1969835391891, 14.15436586832866, 1.9498731223088543, 1.628205619163754, -17.475637269929294, 32.37302570792646, -11.75475369443803, -1.6590729990520927, -1.364814925513187, 12.915926972868947, -23.275220160874188, 8.436831392744166, 1.4039290434399332, 0.985463319705095, -7.873760491100934, 14.502752750295704, -5.28371750623092, -1.0185328277373027, -0.6138984664695757, 4.442825997133473, -7.9886871255959235, 2.880856911730416, 0.6105265172889233, 0.3357609702106855, -1.8534889462925368, 3.4741714704936104, -1.2439646045273292, -0.34678918368624306, -0.14846836506709474, 0.633071307513663, -1.1375704524631993, 0.3930943695740185, 0.16861116552184227, 0.04801198139998532, -0.12950359308032522, 0.25674378351956656, -0.0802893050792452, -0.06205988657739023, -0.010311464564565458, 0.002246396135382529, -0.0025478875436795753, -0.0021336501739818957, 0.017378124228366876, 0.00010754797618869373]]
P2->P6
T_min:200 K    T_max:3000 K    P_min:0.0001 atm    P_max:10 atm
[[-30.757353685546164, -5.049873484736717, 3.044879320429121, -1.2092616084501266, 0.24415881475805118, 19.112058470157944, 9.894127463428468, -5.979815325708097, 2.377305703934165, -0.48559026142774786, -4.1176055852114155, -8.793493687173534, 5.33189118013053, -2.123336989375155, 0.4407391695253931, 3.330173956633927, 6.63696873524539, -4.027483069628235, 1.605202492164235, -0.33466303973477113, -2.0613471062123376, -4.280038557787954, 2.597022177034322, -1.0352173394536048, 0.2158136238295004, 1.2714995276051368, 2.3945502600793938, -1.4536766582011236, 0.5796735654470425, -0.12117346592482235, -0.5902173016081875, -1.1231124029696076, 0.6820270371867467, -0.27213493882226103, 0.05701462072438591, 0.2551249192438202, 0.4201947111254662, -0.2552782180771894, 0.10191908419710673, -0.02141331017135757, -0.07174727627560812, -0.11691105229982593, 0.07110909562930519, -0.028428677349515603, 0.00601446138952625, 0.016523810111966655, 0.018935406270132408, -0.011518426938736078, 0.004616165702798421, -0.000980451858461731]]
