==============================
W1_Energy_1
R->P2
[[0.0016491582447978837, -0.019782361293620872, 0.0015617465794133163, -0.00643610862822237, -0.003214823682188478, 0.03842970026134489, -0.00304518167004536, 0.01250175888609028, 0.0029782485381939475, -0.03521649435589737, 0.0028233548926152948, -0.011452871004671737, -0.002616871617020364, 0.03040172753766209, -0.00248391317480406, 0.009882048355189424, 0.0021784895443381956, -0.024687238573230075, 0.002071457985453627, -0.008018652967310566, -0.0017109672598897405, 0.018793345030605153, -0.0016303849382481974, 0.006098522211290727, 0.0012640595735555376, -0.013365660740887353, 0.00120760083988071, -0.004332016126694122, -0.0008718903348644183, 0.008823869775650075, -0.0008352795608058205, 0.0028558916848090143, 0.0005582721057243807, -0.005371790041837017, 0.0005365088244391254, -0.00173559348397267, -0.0003272298492424333, 0.002978511308328695, -0.00031549477504599693, 0.0009604342885677256, 0.00017363865355581794, -0.001484440454304551, 0.00016801335988736495, -0.0004775082153023475, -8.086844522361463e-05, 0.000646534266377301, -7.852499055903604e-05, 0.00020742037057153238, 3.2182111625981656e-05, -0.00023853726513497554, 3.1379960997654465e-05, -7.626820639632287e-05, -9.875289651135992e-06, 6.762066927176674e-05, -9.664297283837414e-06, 2.1543706366333244e-05, 2.1129972366281957e-06, -1.3156208984955967e-05, 2.0817744105505865e-06, -4.168433242471562e-06]]
R->P3
[[0.001890106617345054, -0.012480141572052664, 0.0018294530601120752, -0.004010256204336158, -0.0036624459057908385, 0.02420942766107091, -0.0035447878700313783, 0.007779965241595123, 0.0033300717580185125, -0.022086225602361197, 0.0032227811936005103, -0.007099561936141638, -0.0028372160231422776, 0.018925108574998715, -0.0027453255074435566, 0.00608626332887848, 0.002260862358974016, -0.015204255263512009, 0.002187120515471107, -0.004892849754934325, -0.0016787566119104461, 0.011413631260270394, -0.0016234688277715567, 0.003676225802708458, 0.0011570227312375345, -0.007975243191570695, 0.0011184837537660769, -0.0025715475215441212, -0.0007348807810915494, 0.005153369589135412, -0.00071004850211216, 0.001663917070681992, 0.0004271843778401831, -0.0030573499786081117, 0.0004125308845386188, -0.0009887207887957967, -0.0002241161981142512, 0.0016444277686918965, -0.00021628495332516058, 0.0005328180701974956, 0.0001050012729836518, -0.000791162873885164, 0.00010128332361398463, -0.0002568748709253503, -4.258328434811182e-05, 0.00033091491855802584, -4.1052302400758256e-05, 0.00010769938021934621, 1.4902285179705523e-05, -0.00011725115986181936, 1.4382642973013748e-05, -3.821470486259651e-05, -3.987352198774335e-06, 3.175950427382771e-05, -3.8524039086764904e-06, 1.0367094927035405e-05, 9.343855037688271e-07, -6.271527716085561e-06, 9.136014354913201e-07, -2.0283376080824067e-06]]
R->P1
[[0.027625241276701094, -0.13184551490939583, 0.02778405906355452, -0.041595393885982226, -0.053611923056603505, 0.25587995558467264, -0.05392010385446141, 0.08072623820720692, 0.04897033562012892, -0.23375376857867072, 0.04925189376177636, -0.07374463007644715, -0.04205167659555279, 0.20076658950965415, -0.0422934450511083, 0.06333639530368357, 0.03388297968225216, -0.16181367123894463, 0.034077849078319754, -0.0510459528176388, -0.025535702935129866, 0.12199520968789004, -0.0256825662005975, 0.03848299794931819, 0.01792544820079559, -0.08568102861964477, 0.01802859262158723, -0.02702606204919687, -0.011648947310351524, 0.055715046299567146, -0.011715980756776625, 0.017572638188885246, 0.006952808998639407, -0.033280972444123806, 0.006992842187689295, -0.010495732439239435, -0.0037659991090228224, 0.018045489590912133, -0.003787687923546366, 0.005690248116068106, 0.0018222411679555586, -0.008742794667864788, 0.001832740543309192, -0.0027562971720474557, -0.000766522292885937, 0.003684451274665271, -0.0007709410895786307, 0.0011613384261098668, 0.00026980667437267504, -0.0012998379657992271, 0.00027136105853101637, -0.00040952473104239424, -7.246481009777375e-05, 0.0003504287033447505, -7.288298123762816e-05, 0.00011036761247554269, 1.2706775156519874e-05, -6.186424715797096e-05, 1.2779009979627099e-05, -1.944528505564204e-05]]
W2->P1
[[-216.18810031629826, 508.51696130779976, -213.26539901153745, 143.93449054155315, 418.59111993259427, -984.6076190731142, 412.9370518483445, -278.6941634974672, -379.64936112786535, 893.0052554013505, -374.5347656506775, 252.77508469903694, 322.1447540009298, -757.736123987583, 317.8237600154517, -214.49817383387915, -255.13487700948522, 600.105797922275, -251.73342858860167, 169.88996997606222, 187.93232617358558, -442.02153388455775, 185.44616934126816, -125.1484654491618, -128.10749686582534, 301.2938044700319, -126.42861083230468, 85.31416277556794, 80.25772074585079, -188.73936507771992, 79.21743198509344, -53.44999000952634, -45.770521425898764, 107.62276713943996, -45.18467420091114, 30.482297262876823, 23.443957087563554, -55.11511736971277, 23.148105124758654, -15.612624826358324, -10.576365283244007, 24.85839177636649, -10.444986263971224, 7.042755101029052, 4.078125801481659, -9.58221183055469, 4.028344859257869, -2.7152043644590207, -1.2782227901666323, 3.0022623134107578, -1.262918572532634, 0.8508568549223191, 0.2955977306081375, -0.6939753975920682, 0.2921342255642786, -0.19671155459547024, -0.03913664483644249, 0.09182981880910435, -0.03868935609189456, 0.026035216668056364]]
P1->P2
[[0.13113059564962717, -0.5902786619652206, 0.13013020652492435, -0.18348843804997886, -0.25449750713152713, 1.1456215767354245, -0.25255642112665205, 0.35611660423020536, 0.23250121120775208, -1.0466448205169765, 0.23073001754258343, -0.3253469619639026, -0.19970793568036668, 0.8990740794043622, -0.19818918296700905, 0.27947181737115895, 0.16098006205075344, -0.7247881103124484, 0.15975929184411677, -0.22529166626439123, -0.12138799836566529, 0.5465924664148092, -0.12047069249856504, 0.1698977092933235, 0.08527410906508776, -0.3840339188757416, 0.08463292970768543, -0.11936535987921902, -0.05546863532460067, 0.24984717169000084, -0.055054050985146145, 0.07765426265414191, 0.03314665840394596, -0.14933572098674547, 0.03290099363017163, -0.0464118346240278, -0.017984129671690347, 0.08104338857993751, -0.017852157904132755, 0.025185575493415352, 0.008718858243377073, -0.0393032325057523, 0.008655828863282537, -0.012212808096736933, -0.003679342512537883, 0.01659111407943637, -0.003653199006767331, 0.005154748185364685, 0.001299617314344329, -0.005863335005364727, 0.0012906796737183388, -0.0018212615785546682, -0.0003515370388639621, 0.001586566200782248, -0.00034919843238055324, 0.0004926973595032004, 6.234489722007222e-05, -0.000281576785393214, 6.198427008769184e-05, -8.73450317331327e-05]]
P1->P3
[[0.0003659670348953589, -0.002176698206955491, 0.00037835294520523736, -0.0007984637792572806, -0.0007101968752086474, 0.004223743307399897, -0.0007342288153826069, 0.0015493383394806729, 0.000648511054558794, -0.003856243110323429, 0.0006704481843663687, -0.0014144458001612496, -0.0005566632796654325, 0.0033089361836635823, -0.0005754800441176244, 0.00121357227352047, 0.0004482231546384304, -0.002663169736716237, 0.0004633605435153031, -0.0009765830714408552, -0.0003375296684488798, 0.002004155811751609, -0.00034891315474559303, 0.0007347722048507613, 0.00023666807958416084, -0.0014041709517043064, 0.0002446367941852599, -0.0005146597450826644, -0.00015360637947570575, 0.0009103915717275293, -0.0001587666431231816, 0.00033356161172642257, 9.151923557254323e-05, -0.000541727810535421, 9.458528716517306e-05, -0.0001983907524679677, -4.9483137092833695e-05, 0.0002924187664593135, -5.1134783580446306e-05, 0.00010702599746666298, 2.3876422330864473e-05, -0.00014080080568363437, 2.4669550692527668e-05, -5.148853203423852e-05, -1.002102736141406e-05, 5.89415751852647e-05, -1.0351833939729924e-05, 2.153152412914315e-05, 3.5108984322526013e-06, -2.0567279123764688e-05, 3.62562347068014e-06, -7.4983782813156735e-06, -9.415275747236449e-07, 5.494183828902709e-06, -9.719552801474125e-07, 1.99907993567884e-06, 1.6316552639871495e-07, -9.383912195366422e-07, 1.6821529013571656e-07, -3.383658843002851e-07]]
P2->P3
[[0.01909050084805313, -0.10642628888278498, 0.018846933125660464, -0.03398683277829653, -0.03705825762613997, 0.20657068770314993, -0.03658562915556735, 0.06596650085887255, 0.03387957485837884, -0.1887841335125465, 0.03344826962864279, -0.06028288587897146, -0.029134101625452543, 0.16224579907039488, -0.028764187408468207, 0.051803727737995804, 0.0235244472251401, -0.1308935194310915, 0.023227039651657493, -0.04178718549297112, -0.017777293535636472, 0.09880521902468463, -0.017553733137633594, 0.03153733658283541, 0.012524110416539625, -0.06950931810826447, 0.012367794528286185, -0.022181004519557592, -0.008174406162380708, 0.04528959459718372, -0.008073284109931567, 0.014447986679899947, 0.004906132024119112, -0.02712430750567192, 0.004846194005197945, -0.008649660342047566, -0.0026754558100543177, 0.014753684215837917, -0.002643241531485173, 0.004702615349673197, 0.001305727714941288, -0.007178013436953318, 0.0012903458726321803, -0.0022865139497599226, -0.000555210365422526, 0.0030405480164167045, -0.0005488291001254595, 0.0009678322523445453, 0.00019848189194579153, -0.0010813356427601135, 0.00019630650448101346, -0.00034379871319596423, -5.440879310999653e-05, 0.00029436774176967224, -5.383915543834736e-05, 9.346599196054421e-05, 1.009994763926053e-05, -5.3637484847220696e-05, 1.001506554672771e-05, -1.6963495482750915e-05]]
