==============================
B1_Frequencies_1
W1->P3
[[-15.870872059107727, 28.825580058978474, -7.194056743686041, 29.71750643408011, -46.72149040376212, 12.602316631535299, -22.06572109515036, 39.32701732325276, -9.923485875524108, 13.099429518916551, -21.717374283543467, 5.227440174465076, -6.295232530108551, 10.671358497311408, -2.793820097479726, 1.5495341345457416, -2.9972194900597056, 0.3661053649366877]]
W1->P2
[[5.069508396921771, -5.659571197976833, 1.4687479008394397, -2.85727541441272, 5.360280400975035, -1.7536762443976677, 0.22486276214449993, 0.24444530640198195, 0.2690810063186991, -0.4400246779192754, 0.7018764965078136, -0.15353459857916155, 0.34526285562862097, -0.44891188058574305, 0.20467616099547012, -0.11019562736139701, 0.15464883459854287, -0.06172531102438334]]
W1->P1
[[-1.7569216746719702, 2.7391580824447037, -0.8661137332874889, 2.907998421569365, -5.508655726947434, 1.530714361797659, -2.311868373646644, 4.319263558580936, -1.3140154034074858, 1.4521394753059467, -2.428766047128415, 0.7730567781094387, -0.7318464048242809, 1.3805161595405535, -0.3924446823567562, 0.33184114130946835, -0.5273119083692461, 0.20771443551087995]]
P1->P2
[[4.547025557084922, -5.326678829386817, 1.3858262555311538, -8.720525108128678, 9.507231780495056, -2.861875112374401, 6.020905338312836, -5.991483283538704, 2.0939225865040214, -3.2751296097821885, 2.864058614042028, -0.8827917133336043, 1.7594330848594133, -1.8575482903210856, 0.560403100555142, -0.8375161218253605, 0.869462879910364, -0.3325445029088116]]
P1->P3
[[-2.6477448993738864, 9.053003585014068, -3.4174537687395867, 4.2987195874568656, -16.70175751159155, 6.235491102539916, -3.570673000071714, 12.998030284186374, -4.807211102380432, 2.1472544649325225, -8.204888988937173, 3.174240062522312, -1.2802572278332784, 3.732775437081524, -1.6184986479974552, 0.25285842055139496, -0.9066736491439339, 0.465358455624634]]
P2->P3
[[5.322828215028297, -0.3551599531273924, 0.9236293387365894, -5.429718640515873, 0.5294647528927416, -1.8118572855480322, 4.85593679121249, 0.14554472126700788, 1.4282167516175486, -2.5230837930657732, -0.9409126757045958, -0.641574963260132, 0.6865895077200502, 0.97155535616806, 0.05427633983635336, -0.09794537405111677, -0.38841311881959484, 0.060589884444536675]]
==============================
B1_Energy_1
W1->P3
[[0.062018002347460514, -0.053466452316827874, 0.017487547769648358, -0.11454654272275619, 0.10041616666751087, -0.032988210869888096, 0.08724213405363963, -0.07394552288058663, 0.024223195593639717, -0.05572855509228102, 0.047799874339916476, -0.015734604683288005, 0.024818802835747753, -0.020791691999397423, 0.006828413619853056, -0.008380426692864677, 0.007786362396879603, -0.002604808127012743]]
W1->P2
[[0.004128132158798231, -0.004791353748663403, 0.001158062529524834, -0.002508479954306496, 0.003239177288721088, -0.0009345409173655926, 0.0004353786518305075, 4.895790741589755e-05, -4.779278057164868e-05, -0.0007801215784264893, 0.0007320602058282546, -0.00012436221522149464, 0.0002826115798850488, -0.00024938262247234085, 5.938284376425781e-05, -0.000134084304212686, 0.00012108210433070959, -2.7504854001324308e-05]]
W1->P1
[[-0.0016649281758490053, 0.000249495862667453, -8.417884820790889e-05, 0.0016254315466113793, -0.0005441443241240927, 0.00016111044028200406, -5.5145730602848864e-05, 0.0004167079844580123, -0.00013248315189976037, 3.73428003220722e-05, -0.00021200714719429086, 7.077950524400529e-05, -2.558267547865791e-05, 0.0001265682710325474, -3.6338187709083306e-05, 7.2679640520520825e-06, -4.022140989079318e-05, 1.5884146979151153e-05]]
P1->P2
[[0.0012430569158911103, -0.0023065813412978574, 0.0005455993990243903, -0.002150989015592226, 0.003752188907499855, -0.0010062502608744542, 0.0012385025053773071, -0.001964715631253452, 0.0006171831175046343, -0.0005595676254771694, 0.0008819305843393316, -0.000230457880372681, 0.0003858925276412417, -0.0006376684060774281, 0.00016577358092365185, -0.00019041666928022467, 0.00028840604422419413, -0.00010118891225869218]]
P1->P3
[[0.00012914584022020138, 0.0008760789487852771, -0.0006138151241919021, -0.0005031633803124129, -0.0016304459821127302, 0.0011184039040673813, 0.0007847218428912072, 0.0012920408325745184, -0.0008579896843757531, -0.0007115351952360161, -0.0007855941790702114, 0.000547440241988001, 0.00035111452673413415, 0.0002973474784562892, -0.00025648685089120683, -8.471923822866955e-05, -3.845785947367249e-05, 6.288780568525828e-05]]
P2->P3
[[0.00042951118677907516, -1.76236068755102e-05, 0.00038857735261854984, -0.00028586622426328407, -0.00011232192370747008, -0.0007206214272762099, -0.0001104558021806563, 0.00043873697902476437, 0.0005182584418632195, 0.0002151692688189861, -0.0006381795183929157, -0.00021846951635230398, -0.00022790082080706894, 0.0004964724064097099, 9.518831483433102e-06, 7.567951302013393e-05, -0.00017432456318504825, 2.5236234317213226e-05]]
==============================
W1_Frequencies_1
W1->P3
[[59.73165784317864, -100.55630244204744, 32.88860836925136, -111.95497913667367, 171.3341256159661, -57.974867759144956, 83.02205921721325, -137.47310994273394, 45.10500035946567, -50.93087939288313, 81.54779451873696, -26.419611605232966, 23.701228844993018, -37.26756961051717, 12.416925917192835, -7.134510916295871, 12.712731503474403, -3.4283184092095618]]
W1->P2
[[-27.405245511528854, 32.2051626779452, -8.020771570616866, 18.729618979491985, -24.59279034455923, 7.856694837793809, -0.7818989817314366, -1.8852627558375041, -0.20703703169324905, 4.565063771126527, -3.931685800596007, 0.8216240571154959, -1.6498069461250369, 1.6728766042173941, -0.6310563301894576, 0.8683918128984941, -0.7513903191749179, 0.248315548685489]]
W1->P1
[[2.6993403569080363, -6.397991713508552, 1.1614111027019416, -6.372088988261845, 14.091415088380641, -2.319555466685286, 5.019514776194218, -11.13169522735666, 2.1307298377298824, -2.518185185530736, 5.869897139354181, -1.1460164885306892, 1.734441227993615, -3.639500300116787, 0.6588728079937496, -0.6969885954668819, 1.469172779658984, -0.4446773648359261]]
P1->P2
[[-10.75232250661074, 20.01611344377786, -4.670457877011429, 19.526093359433343, -34.199760134754996, 9.280593063460794, -12.32242317236229, 19.773512748721128, -6.33538822893751, 5.451033516498244, -8.980457039373285, 2.416954795960686, -3.6161578436816093, 6.07056820291202, -1.6043121272578869, 1.8899099878523304, -2.9040354116150913, 1.0397491709768678]]
P1->P3
[[8.796185985052, -24.471941600583293, 9.36658650582222, -15.24943703924917, 45.49126850459564, -17.16487073015172, 10.399581106015589, -35.85603377058597, 13.32396081188636, -6.242903005523974, 22.5272327161574, -8.739234416276355, 3.1874872530807226, -9.866939104156744, 4.3324789861213215, -0.9579930856794221, 2.1960188193193284, -1.1851591950666545]]
P2->P3
[[-3.2902775667394284, 1.4171678473986433, -3.9095612929814036, 6.09565316419374, -1.6888356740752708, 7.435323607303215, -4.033750411519539, -1.3377514235266617, -5.653187804710369, 0.8306936806803528, 4.137493574961347, 2.5820964078167754, 0.9499624507410462, -3.8985694385332375, -0.2975570270880206, -0.6610008423998287, 1.5470919245028245, -0.2214655857085878]]
==============================
B3_Frequencies_1
W1->P3
[[9.707548085080871, -12.100425266350657, 4.053237203358346, -19.422977766379752, 22.483646702057232, -7.722312102402183, 14.185643312465306, -16.664750823839263, 5.622752827760925, -9.182700141597735, 10.6533635802741, -3.6631293353548626, 4.019463850134007, -4.647120230059626, 1.5925041171627203, -1.5015170657065882, 1.676880486041243, -0.5989268870322147]]
W1->P2
[[0.0, 0.0, 0.0, 0.0, 0.0, 0.0, 0.0, 0.0, 0.0, 0.0, 0.0, 0.0, 0.0, 0.0, 0.0, 0.0, 0.0, 0.0]]
W1->P1
[[0.0, 0.0, 0.0, 0.0, 0.0, 0.0, 0.0, 0.0, 0.0, 0.0, 0.0, 0.0, 0.0, 0.0, 0.0, 0.0, 0.0, 0.0]]
P1->P2
[[0.0034612007011560835, -0.006530514702805999, 0.00199672387271199, -0.006002997845363889, 0.011539491188559708, -0.0034975722632504037, 0.004765250074399466, -0.009001713941435606, 0.0027502614629824674, -0.0027194841321679574, 0.005295741080204767, -0.001593932247012496, 0.001318460289629874, -0.0025000958217228694, 0.0007620228767510068, -0.0003564617837326363, 0.0007403396524632404, -0.0002153052980662883]]
P1->P3
[[-0.5670471529226829, 0.2996696340725752, -0.4363728972029236, -3.4177538281557385, -0.5474951928760455, 0.7889615374535287, 0.30708787610955746, 0.41923042898673885, -0.5935102940290021, -1.3017542266425417, -0.2344669177749258, 0.36888819429914116, 0.25227424601642284, 0.05959143441833413, -0.16533807169240683, -0.15647760360841645, 0.013929868904248011, 0.036333663019576704]]
P2->P3
[[-1.0898991573087728, 0.48972271738429085, -0.23497258107395133, -2.873320734160932, -0.8741280718797619, 0.415334402367547, -0.19119537256086885, 0.6535866169897514, -0.30600844695240054, -0.9653059751291816, -0.4237447168397665, 0.20078829867156464, 0.1208500454199324, 0.20379088309058657, -0.10053556852286648, -0.08772272054175428, -0.048916155490289, 0.025814343149947287]]
==============================
B2_SymmetryFactor_1
W1->P3
[[5.824470615438393, -8.32929083586224, 2.8920661019312797, -10.820979547655476, 15.480732541109909, -5.3678363481695825, 8.056572954958067, -11.521355605722517, 4.000147074791123, -5.142051646103677, 7.356391727748998, -2.5503170897348992, 2.262484674587177, -3.2355139631610723, 1.1231280762727638, -0.8364687145921383, 1.1967374859381639, -0.41453306592830447]]
W1->P2
[[-0.4522039646399294, 0.023552434663535834, -0.011299853644383627, 0.03452196982072849, -0.04434993690693642, 0.021871205319419183, -0.023890999856204093, 0.031197493013247975, -0.01518363268938127, 0.013067548218901753, -0.016253380294926553, 0.008625816563832283, -0.004614913535056672, 0.005695948303125113, -0.0032023503473413545, 7.221986837066885e-05, 0.0003785109342881109, 0.0002703126748790826]]
W1->P1
[[0.021745338613242474, -0.03232640444000829, 0.011200537536678379, -0.03901441828109117, 0.05828069756024355, -0.01989274315211039, 0.030152631733313187, -0.04482704381058725, 0.015531100058499198, -0.018937914772155368, 0.02828912263500452, -0.009675713833532376, 0.008528627898264555, -0.012681752894213145, 0.004392698121678896, -0.00334204092508774, 0.004992218468505588, -0.0017192942499207342]]
P1->P2
[[-0.6425792417150296, 0.06728170611378252, -0.023848728213212416, 0.40608101644745165, -0.12104776350266681, 0.04284078774567171, -0.28851956086751307, 0.09258132430944817, -0.03278007308346469, 0.1954035799963818, -0.05675182806095072, 0.020099417524900735, -0.08111896449802897, 0.02539927023923283, -0.009016643548242375, 0.03314984534703281, -0.008268395717595314, 0.0030044249463570174]]
P1->P3
[[-0.20518312738603622, 0.02045268172852279, -0.0009527993059602186, 0.43019560618255825, -0.03581684923814451, 0.0011884659416670428, -0.28701291869895235, 0.027196100045200608, -0.0009505371987030261, 0.2047604019553107, -0.0160680730250612, 0.0002364097794699108, -0.08234507342064343, 0.006150787089959601, 0.0004917388833944199, 0.03538592587460438, -0.0024074552282914666, 0.00013163617409533534]]
P2->P3
[[-0.6431946214577617, 0.05194457317107821, -0.016659002976253643, 0.4473043739618759, -0.0928261807715888, 0.029623990624027458, -0.2922531319052325, 0.06854702232504564, -0.021783684795954692, 0.2102666238012255, -0.03889743989003784, 0.01210260266676334, -0.08303854294637655, 0.01681581748394537, -0.005080474889974167, 0.03563131858118259, -0.0034360017355779164, 0.0008784708588369043]]
==============================
B2_Frequencies_1
W1->P3
[[4.834302588956242, -7.021471718351823, 2.4613813296699836, -8.946802154070129, 13.027820130364185, -4.54086157148887, 6.685057109801652, -9.710287385006174, 3.403770750169953, -4.261356133089961, 6.208802603474123, -2.164680279546503, 1.875667953348222, -2.725097234441132, 0.9551130058101379, -0.6985695748519155, 1.0202415607005246, -0.3559627256246462]]
W1->P2
[[1.594392212322374, -2.1730976885775743, 0.4376072057982633, -3.3119776063521376, 2.7298094842178977, -0.9489011765775565, 2.081932673389569, -2.3131732785347143, 0.5705257401993428, -1.5526977406836275, 1.4995495663899294, -0.39392192828770156, 0.634630161366116, -0.663369055193646, 0.19477168071133666, -0.2706350697818497, 0.2678541135150621, -0.06576167720468575]]
W1->P1
[[0.003065079008685392, -0.008988799785057788, -0.0002896514445513146, -0.0019794099187298957, 0.011932596901936906, 0.0030582559161000814, 0.004176710584919235, -0.012359642029033478, -0.0004485260033891581, -0.0006077647197171906, 0.00528841971896945, 0.0017071783188107982, 0.001113167047863103, -0.003399556450215177, -0.00017053016898688575, 0.0001157692088008077, 0.0006144684178520352, 0.00044200996298586324]]
P1->P2
[[-0.15690779985941375, -2.80764114318198, 1.1497262030224062, -3.040891887046647, 5.277545053849036, -2.26647565985383, 0.5573010744339082, -3.915189687431125, 1.7500997239734526, -0.9069639158660119, 2.278968703424183, -0.9752627370696637, 0.3590484857839865, -1.2456531510233613, 0.5358912243525612, -0.17276996625295882, 0.41045859457469147, -0.19943534573853983]]
P1->P3
[[-2.1335475081367945, -0.041696141825669185, 0.05262772492667589, 4.390435078343008, 0.07837619149098168, -0.09676167648991617, -2.974565242327606, -0.05759459615658661, 0.07218616017404084, 2.114142714400423, 0.034669969798151304, -0.04416106439826758, -0.852779290701526, -0.016308179529880566, 0.0207276894835979, 0.3702608443696517, 0.0031397509148447236, -0.005016292254038773]]
P2->P3
[[-5.476075507330449, 0.4965481662185131, 0.4456488828139078, 5.37167280279697, -0.9456244463971878, -0.8406127877121061, -5.640810422694082, 0.8439822445536533, 0.641057659762759, 3.5754203368172677, -0.7206315901754707, -0.3003754662263443, -1.6238707132124415, 0.4901009528895894, 0.027453463106097094, 0.46264339263203286, -0.184273596292232, 0.03727974001182859]]
==============================
B3_ImaginaryFrequency_1
W1->P3
[[103.40256289801657, -130.35737846192455, 30.832487540460296, -167.68278469268634, 229.63243718181633, -57.007307889761684, 121.31408828962198, -177.54570215111096, 43.496565508083776, -77.70443367545246, 109.31576544949213, -26.22860997945421, 36.21391016863085, -49.01551753884863, 12.975113688954437, -13.199006928948567, 16.17845631109302, -4.0470699572458315]]
W1->P2
[[0.0, 0.0, 0.0, 0.0, 0.0, 0.0, 0.0, 0.0, 0.0, 0.0, 0.0, 0.0, 0.0, 0.0, 0.0, 0.0, 0.0, 0.0]]
W1->P1
[[0.0, 0.0, 0.0, 0.0, 0.0, 0.0, 0.0, 0.0, 0.0, 0.0, 0.0, 0.0, 0.0, 0.0, 0.0, 0.0, 0.0, 0.0]]
P1->P2
[[0.0, 0.0, 0.0, 0.0, 0.0, 0.0, 0.0, 0.0, 0.0, 0.0, 0.0, 0.0, 0.0, 0.0, 0.0, 0.0, 0.0, 0.0]]
P1->P3
[[15.693231544164183, 9.271796569224751, -13.954293897033926, -22.883614464347737, -17.522956227342924, 25.463735398343847, 10.256675343494129, 13.841438092033584, -19.388403138279624, -6.90799594125641, -7.32988748279544, 12.145705730065535, 6.578167445881886, 1.4648357325117003, -5.63582382527173, -3.1759437398426456, 0.5654077396658261, 1.421993916076743]]
P2->P3
[[-3.5868072400349074, 5.399369051911952, -0.5082879929975328, 9.99992520736653, -9.781402343194635, 0.7452632339868445, -12.118330779954693, 7.6176843809678685, -0.48915931600458323, 8.390585761317691, -5.529110365605474, 0.7872599739901893, -3.1921899056632563, 3.3086379118025686, -0.9201806046983402, 0.530769711458266, -1.1382885881815055, 0.4574019030360577]]
==============================
B1_SymmetryFactor_1
W1->P3
[[10.386358070484434, -13.371273717676042, 4.561493485913289, -18.888927300502033, 26.128922667462838, -8.76403644878385, 14.28108395793453, -18.624648975736747, 6.34210126827864, -9.157166552802229, 12.339998142237041, -4.233244089286788, 3.961200526143657, -5.338817901877477, 1.8021442691227247, -1.5614451336365291, 2.014192427831679, -0.7469230316634614]]
W1->P2
[[2.4688603026715787, -2.799717406430645, 0.6945773143086714, -1.5426339490493828, 2.2036373942705305, -0.6902661235658659, 0.25400025229887774, 0.03687781596625252, 0.038217207019049855, -0.4121627529274353, 0.4140319219684598, -0.08523349315273368, 0.17899197076802423, -0.1752067206096224, 0.05967762571934458, -0.0741132736119501, 0.07141016401097049, -0.021462333576014937]]
W1->P1
[[-0.6056119045569615, 0.6071425147177132, -0.14787634416254591, 0.7642269688916588, -1.3246136721654052, 0.28753449514902996, -0.39299505967612985, 1.0365637230037934, -0.2502588681947937, 0.28290644654214137, -0.5488343009030868, 0.13685956054523693, -0.15028205822038881, 0.3349539217860494, -0.07529256203750012, 0.06709150269381901, -0.1281215156565608, 0.042674515517057796]]
P1->P2
[[1.1942695260131257, -1.8788789333439027, 0.4733903263931726, -2.184884960373811, 3.2048402763450894, -0.9193261025666849, 1.410908022106748, -1.879475892109157, 0.6261958415731761, -0.7113833243224358, 0.8954647558814409, -0.2612152083334016, 0.4198416948292586, -0.5872035776248445, 0.16662551972856113, -0.20034837846773612, 0.26409243536332067, -0.09645615707329855]]
P1->P3
[[-0.5556277779516028, 2.0841891455395225, -0.819849182137821, 0.884090313387681, -3.8718151892037196, 1.501574036728903, -0.6057368067314604, 3.050303481172787, -1.1646966171166457, 0.32527784232698426, -1.9110038073127276, 0.760609784368203, -0.18430306302930966, 0.8313931999414097, -0.3740296069359386, 0.04416048475057129, -0.18228603415819053, 0.10107571551840729]]
P2->P3
[[0.7876223340434998, 0.032616480450255086, 0.2749764001194637, -0.716422673918819, -0.143506657655449, -0.5241896332430509, 0.4390132202276257, 0.34594602903216437, 0.39244552974118846, -0.16025996399985745, -0.49935157327899304, -0.1622273272644358, -0.05271695560421778, 0.3993317379145397, -0.0019558764535716976, 0.03169636742585001, -0.14553284032809977, 0.024814640459623675]]
==============================
B2_HinderRotor_1
W1->P3
[[0.0, 0.0, 0.0, 0.0, 0.0, 0.0, 0.0, 0.0, 0.0, 0.0, 0.0, 0.0, 0.0, 0.0, 0.0, 0.0, 0.0, 0.0]]
W1->P2
[[0.0, 0.0, 0.0, 0.0, 0.0, 0.0, 0.0, 0.0, 0.0, 0.0, 0.0, 0.0, 0.0, 0.0, 0.0, 0.0, 0.0, 0.0]]
W1->P1
[[0.0, 0.0, 0.0, 0.0, 0.0, 0.0, 0.0, 0.0, 0.0, 0.0, 0.0, 0.0, 0.0, 0.0, 0.0, 0.0, 0.0, 0.0]]
P1->P2
[[0.0, 0.0, 0.0, 0.0, 0.0, 0.0, 0.0, 0.0, 0.0, 0.0, 0.0, 0.0, 0.0, 0.0, 0.0, 0.0, 0.0, 0.0]]
P1->P3
[[0.0, 0.0, 0.0, 0.0, 0.0, 0.0, 0.0, 0.0, 0.0, 0.0, 0.0, 0.0, 0.0, 0.0, 0.0, 0.0, 0.0, 0.0]]
P2->P3
[[0.0, 0.0, 0.0, 0.0, 0.0, 0.0, 0.0, 0.0, 0.0, 0.0, 0.0, 0.0, 0.0, 0.0, 0.0, 0.0, 0.0, 0.0]]
==============================
W1_Energy_1
W1->P3
[[0.05259022117694727, -0.07321380398066886, 0.025100823605317166, -0.09637903628975111, 0.13580961021037177, -0.04659866627119155, 0.07045957675344204, -0.10120814316129219, 0.03470078435227958, -0.044978490767884974, 0.06447532319273425, -0.02209359475065674, 0.01979359533507748, -0.028366193997506485, 0.00973021396006534, -0.00725368411286654, 0.010432547184970109, -0.003557015980407971]]
W1->P2
[[0.0006809870845209293, 0.001024494178431553, -0.00022466167399425762, -0.0007643344135003628, -0.0007725329501947629, 0.00019284361391764182, -0.00019002268961639, -3.574797716019423e-05, 3.113316201038877e-05, 0.00022860184009994682, -0.00015950541503084714, 1.2168492795571271e-05, -0.00010105170373065066, 6.91364751925889e-05, -1.4260820180204673e-05, 4.506609963952357e-05, -3.501701966512794e-05, 7.866042929779068e-06]]
W1->P1
[[0.0015635214345419684, -0.00010934829628393945, 2.855108560287395e-05, -0.0014433301856190922, 0.0002882296427259426, -5.890304231083698e-05, -8.298773746214071e-05, -0.000225752035156985, 5.677220983593322e-05, 3.257275159837302e-05, 0.00011299505382584393, -3.1134677145813045e-05, -3.206664765880783e-06, -8.723077370445092e-05, 2.0773035764941074e-05, -8.622495169396116e-06, 4.132898709927375e-05, -1.6232296528377573e-05]]
P1->P2
[[-0.0003284971821309845, 0.0006206587942500089, -0.00014360923820973736, 0.0005892337206793241, -0.0010476393276583223, 0.00028064276524976514, -0.000365206330216407, 0.0005941139489348765, -0.00018701782589016064, 0.00016733195737384036, -0.000279097467337596, 7.336141645637052e-05, -0.00011529097981966945, 0.0001944207624442407, -5.131645915174906e-05, 5.924172508621701e-05, -9.13486462652073e-05, 3.260553259231864e-05]]
P1->P3
[[0.0004027151033571139, -0.0009555358856366327, 0.0003689958111291437, -0.0007064522696122957, 0.0017688224016563637, -0.0006754187369284266, 0.000488845023045984, -0.0013758972455680382, 0.0005186533489688638, -0.00028394101723027543, 0.0008484443706866532, -0.0003301436048101498, 0.00013409969834522062, -0.00036666463611491665, 0.0001573471334305889, -3.818310385997293e-05, 8.273298976814058e-05, -4.184748667913306e-05]]
P2->P3
[[-1.8682643255929227e-05, -7.367186493809907e-05, -6.834597905366011e-05, 3.292321077307064e-05, 0.0001680121994441267, 0.00013144300477145973, -2.0943011663887977e-06, -0.0002154273461289387, -9.700766169135218e-05, -5.020870562683323e-05, 0.0002363115625516783, 3.1705670497894574e-05, 6.423690725920408e-05, -0.00017083479118780887, 1.2657991114987306e-05, -2.9774418389570497e-05, 6.143075445476545e-05, -1.2633194838992212e-05]]
==============================
B3_Energy_1
W1->P3
[[0.055321623209888905, -0.08097660892685803, 0.028011574015491, -0.10648942916570991, 0.15207972046439133, -0.05244995426557756, 0.07908625620144104, -0.11216853386504401, 0.03876092026546929, -0.05128426697168763, 0.07264031304428273, -0.02505320622858141, 0.022356846608671807, -0.03157561617206267, 0.010891399771543912, -0.008476108310771913, 0.012119099805660645, -0.004158929953364953]]
W1->P2
[[-0.00017703851332891867, 0.0002455541735500614, -8.451994528015016e-05, 0.0003237899009169613, -0.000445684305245588, 0.0001531045379893489, -0.00024664441060541227, 0.0003420279543410466, -0.00011816172923847769, 0.00016032778584201642, -0.00021916168641864748, 7.525563990006196e-05, -7.061744107777189e-05, 9.771901549132982e-05, -3.4073001823839084e-05, 2.5385316792498648e-05, -3.375693490094481e-05, 1.1662395081760743e-05]]
W1->P1
[[5.419748767634286e-05, -8.217875196705694e-05, 2.568519824688951e-05, -9.141718325964152e-05, 0.00014318830934298074, -4.518894266205586e-05, 7.006337452758753e-05, -0.00010694224693550489, 3.2853354801966844e-05, -4.032900480533429e-05, 6.496741387971708e-05, -2.0527840339986522e-05, 1.5640444371168053e-05, -2.4536740252569966e-05, 7.225185524594349e-06, -6.267730606627439e-06, 1.1067133011608361e-05, -3.829426143859435e-06]]
P1->P2
[[-0.0001180684499301252, 0.0001771875850838839, -6.247283258436692e-05, 0.00021660187551191776, -0.00032498951070407856, 0.00011468210129453466, -0.00016605019531465426, 0.00024880888687084867, -8.809540037091989e-05, 0.00010333272551108164, -0.00015444532990892683, 5.508045550525497e-05, -4.706347013918344e-05, 7.02502834477346e-05, -2.5309031809839818e-05, 1.2221638559270399e-05, -1.8262724542044934e-05, 6.643593816491431e-06]]
P1->P3
[[-0.001829837059469153, -0.0003923654892265006, 0.0004142478934547955, 0.0019685424359917876, 0.0007222254718570995, -0.0007516648440192671, -0.0007768908748151027, -0.0005445871549389538, 0.0005633189868272863, 0.0006958122756174838, 0.0003018211945001572, -0.0003460708246571661, -0.00035814727795518677, -8.590550951416525e-05, 0.0001532723286115404, 8.619230268311668e-05, -2.8125146204941512e-06, -3.5375373755001564e-05]]
P2->P3
[[-0.0013191120032091223, -0.000609410139279197, 0.00027545709733178624, 0.001175578204197165, 0.0011017979561836824, -0.000494204350099532, -0.00023665976841355543, -0.0008210417548509531, 0.00036474636332899346, 0.00032395172726868625, 0.0005177434426864081, -0.0002325743407268164, -0.00017869660645131153, -0.00024387616367539203, 0.00011389462488149577, 3.5344402462492605e-05, 6.761739094455398e-05, -3.299500281077515e-05]]
==============================
B2_Energy_1
W1->P3
[[0.03113352267939754, -0.0441904652910001, 0.014678864797084369, -0.05826688875771236, 0.08271407905205727, -0.027474607334687505, 0.04308659629269269, -0.06115677416072774, 0.0203147590755697, -0.027791706225666866, 0.03945319373758332, -0.013107364924409361, 0.012118800793491143, -0.017201580565114956, 0.0057140844424172724, -0.004589340905956122, 0.006515640847519384, -0.0021661486890577073]]
W1->P2
[[-0.004711649408069359, 0.0036246156573406566, -0.0008596507356450172, 0.00310150928457558, -0.002221850943710192, 0.0006144526411249383, -0.0001237190891198189, -0.00018825108615910086, 0.00010735172933736899, 0.0004898937146931823, -0.0004875178735274681, 6.754878996034047e-05, -0.00015931344608988046, 0.00014886166086764302, -2.8419755799723513e-05, 8.850190941828814e-05, -8.712795616109718e-05, 1.9594580699720347e-05]]
W1->P1
[[-2.288138550785801e-06, -6.726851651089407e-08, -3.6089677996985873e-06, 4.419578042974784e-06, 2.0031685294895822e-07, 6.9801442881755315e-06, -2.885979989663069e-06, -5.024101774662258e-07, -4.8483535489347005e-06, 3.2598461143535665e-08, 3.0601253475596765e-06, 2.1632232009363142e-06, -5.865857172561352e-07, -4.708462302513749e-07, -1.2475705409897004e-06, -1.3262215201270808e-06, 2.4095765432998445e-06, -3.877667942587633e-07]]
P1->P2
[[-0.0027340743703270303, 0.0019087479624071424, -0.00046879851178455596, 0.003301625802522425, -0.0031149600402035843, 0.0008486464769906733, -0.0010918225358715482, 0.0016895165841321921, -0.0005263463369181244, 0.0005371165112350407, -0.0008142126316924603, 0.00022227244363987113, -0.00033918653678023365, 0.00054319073051878, -0.00014529339276936055, 0.00015428503210637416, -0.00023077566189937964, 7.944944159823142e-05]]
P1->P3
[[-0.00014589009905206297, 0.0001609792122518852, -5.168841067984499e-05, 0.00029131115257562774, -0.000290960121828448, 9.320397437449345e-05, -0.00020311424124429367, 0.0002191886370740474, -7.015343868573191e-05, 0.0001301354364897906, -0.00012883466727970746, 4.0720091400841265e-05, -5.549773127405802e-05, 5.592349747502108e-05, -1.7238705619313854e-05, 1.793298792932979e-05, -1.543548761902672e-05, 4.734575085725838e-06]]
P2->P3
[[-0.00040506310304752336, 0.00020061879813672957, -0.0003906180052600044, -0.00011231994727565511, -0.00024001446913563893, 0.0007078793160040743, 0.0008276190485793073, -7.959235954447295e-05, -0.0005089088542128029, -0.0007801716369817138, 0.0002961365891901196, 0.00025138797086770914, 0.0004696465407059199, -0.0002616366684013097, -6.303298100385365e-05, -0.00012550811462872132, 0.00010791042020546411, -4.8286579510879284e-06]]
==============================
B3_SymmetryFactor_1
W1->P3
[[9.038537579824197, -13.49648963027462, 4.593113828846905, -17.727044363275702, 25.257146978720257, -8.596598019341114, 13.104043806358304, -18.67003222075757, 6.353714280492235, -8.439162264613573, 12.023936421257927, -4.092568976363621, 3.6807865827934525, -5.244179583135166, 1.784592704827821, -1.3835673381978653, 1.971265583347837, -0.6710578339044214]]
W1->P2
[[0.0, 0.0, 0.0, 0.0, 0.0, 0.0, 0.0, 0.0, 0.0, 0.0, 0.0, 0.0, 0.0, 0.0, 0.0, 0.0, 0.0, 0.0]]
W1->P1
[[0.0, 0.0, 0.0, 0.0, 0.0, 0.0, 0.0, 0.0, 0.0, 0.0, 0.0, 0.0, 0.0, 0.0, 0.0, 0.0, 0.0, 0.0]]
P1->P2
[[-0.004145653248526353, 0.005761469903327223, -0.0016416678393764174, 0.007759318708421339, -0.010786427975430122, 0.0030798261030715516, -0.005738605259737463, 0.00797558816749569, -0.0022732192190253204, 0.0037041590834391994, -0.005150551900023534, 0.0014735608948681694, -0.0016152807238263031, 0.0022452057083902173, -0.0006405350128606686, 0.0006138897029010663, -0.0008544512007684782, 0.00024636930997128456]]
P1->P3
[[-0.48371074247791374, 0.07158226732933105, -0.0275323798686785, 0.08965955737125243, -0.1298043779827079, 0.0499586296215646, -0.06845551721172954, 0.09905395416560446, -0.03815203048762364, 0.04133234014854373, -0.05969325127875546, 0.023004086718476997, -0.018445031935975836, 0.026605548207062155, -0.010241255264332986, 0.005125750987513012, -0.007359299147411082, 0.0028007820633481916]]
P2->P3
[[-0.43509153872333983, 0.00039554132225245715, 0.0015186160636362722, 0.0017566471597647603, -0.0011176658098672044, -0.002553092180360528, -0.0018485679380851568, 0.0016216597163499756, 0.0015349869315563415, 0.0008958010221136013, -0.0006434277317589547, -0.0009533717222563498, -1.7057739106266486e-06, -0.00025589752822500507, 0.0005993632597188994, -0.000299484641275857, 0.0005086997978311688, -0.00034334751494391653]]
==============================
W1_SymmetryFactor_1
W1->P3
[[17.56116309301997, -25.79481081774325, 8.688708221608058, -32.21141458651155, 46.6085495678389, -15.851069747458736, 23.76738360411261, -35.538529475478015, 11.981784579858122, -15.06603716533025, 22.138477932525497, -7.434112543202779, 6.716331394671521, -9.860864942171585, 3.3400168501588823, -2.3434635994971025, 3.54302619633423, -1.133442121382896]]
W1->P2
[[-1.992570904566845, 2.7417138783423676, -0.6691604403325137, 1.461047371730443, -2.0951727100696615, 0.6436594011278615, -0.19055893350815148, -0.12145567672622266, -0.003989690063297825, 0.37947214531898193, -0.37085997559715994, 0.06724153634301591, -0.1661152019966132, 0.15827690227057753, -0.05271790787474209, 0.07341125092404002, -0.07095188079264961, 0.021142117142698993]]
W1->P1
[[0.5854419101396612, -0.5789995561585455, 0.1319322138596473, -0.7276604662225525, 1.2729221929660448, -0.2584637844745334, 0.36429887166267877, -0.9963467043692444, 0.22768812154396278, -0.26952138968800915, 0.5301770978455458, -0.12558637878661608, 0.14479558183317978, -0.3273071649701988, 0.07047035201574818, -0.06745847619789702, 0.12872704166281437, -0.042390729387557974]]
P1->P2
[[-1.016250186300024, 1.858104354090754, -0.4594231090976154, 1.8349179538857872, -3.1711432025912125, 0.8952615780331292, -1.169550443550619, 1.8602760076430909, -0.6106860943942991, 0.5461301357086523, -0.8853649024842762, 0.25293525550933527, -0.35298059206805377, 0.5835175713483016, -0.16310453939104871, 0.17312418069384744, -0.26488298831368917, 0.09616118791610465]]
P1->P3
[[0.8204258542250213, -2.18945222858587, 0.851027217100461, -1.425061515630445, 4.064489636262405, -1.558616475958815, 0.9732741331181488, -3.191956039738, 1.2060004024349464, -0.5775540399022349, 1.9946078645917764, -0.7843265901560286, 0.2878196039670975, -0.8681124378877126, 0.3840054001297607, -0.08451960486689672, 0.19190673800122482, -0.10359873248540763]]
P2->P3
[[-0.18673242974166832, -0.018536798233795938, -0.28028665498617883, 0.3449649482353948, 0.11654818047418575, 0.5343897186059432, -0.20606066845204288, -0.32106833126370043, -0.40200941533737394, -0.014461546960126503, 0.4815178026509455, 0.16943659963501442, 0.11743233780291869, -0.3874315829557944, -0.003097174448510513, -0.065128845145612, 0.14504720251647416, -0.024364389746381523]]
==============================
W1_HinderRotor_1
W1->P3
[[0.0, 0.0, 0.0, 0.0, 0.0, 0.0, 0.0, 0.0, 0.0, 0.0, 0.0, 0.0, 0.0, 0.0, 0.0, 0.0, 0.0, 0.0]]
W1->P2
[[0.0, 0.0, 0.0, 0.0, 0.0, 0.0, 0.0, 0.0, 0.0, 0.0, 0.0, 0.0, 0.0, 0.0, 0.0, 0.0, 0.0, 0.0]]
W1->P1
[[0.0, 0.0, 0.0, 0.0, 0.0, 0.0, 0.0, 0.0, 0.0, 0.0, 0.0, 0.0, 0.0, 0.0, 0.0, 0.0, 0.0, 0.0]]
P1->P2
[[0.0, 0.0, 0.0, 0.0, 0.0, 0.0, 0.0, 0.0, 0.0, 0.0, 0.0, 0.0, 0.0, 0.0, 0.0, 0.0, 0.0, 0.0]]
P1->P3
[[0.0, 0.0, 0.0, 0.0, 0.0, 0.0, 0.0, 0.0, 0.0, 0.0, 0.0, 0.0, 0.0, 0.0, 0.0, 0.0, 0.0, 0.0]]
P2->P3
[[0.0, 0.0, 0.0, 0.0, 0.0, 0.0, 0.0, 0.0, 0.0, 0.0, 0.0, 0.0, 0.0, 0.0, 0.0, 0.0, 0.0, 0.0]]
