==============================
W0_Energy_1
W4->P2
T_min:200.0 K    T_max:3000.0 K    P_min:0.0001 atm    P_max:10.0 atm
[[-35.369296052370444, 1.3720326941582115, -0.6244514753988218, 0.18239719714032443, -0.01441323867825517, -0.01601291540259364, 0.010124534381093397, -0.0017602906180764766, 47.19397841392464, -9.518767847026757, 7.972076103978852, -4.404985278589492, 1.8322499280707083, -0.5638965030936915, 0.1044450969019045, -0.008177541391424015, -4.226997759074635, 2.426196050384732, -1.8185159913615143, 0.9245123185965468, -0.3339561788944039, 0.08408846599168007, -0.007675765451049976, -0.0005449226030090227, 3.0098721133578605, -2.493107854119395, 2.3154660438647667, -1.3350844081098063, 0.5806330310794703, -0.18354410986652292, 0.03221222723585715, -0.0021119950848182967, -3.1393378702642427, 3.180723157588975, -2.691167184661618, 1.557328376474934, -0.6666621949107807, 0.20494476205107848, -0.03612035909198852, 0.0025421114789097032, 0.42974784296333857, 0.3353301623781342, 0.005836490678452266, -0.0500064691298755, 0.03351438603452661, -0.01552440372448105, 0.0024921073552999218, 7.133192401198585e-06, -1.0776517599514734, 1.150617433322004, -0.9651871585054792, 0.5625011184775373, -0.2424845507755009, 0.07419419872882038, -0.01307135248651159, 0.0009329415063401569, 0.43095464367055514, -0.5185935687417755, 0.43890515766972493, -0.2532176420295338, 0.10706506552180706, -0.03253957321107781, 0.005784001054077725, -0.0004216785994488603, -0.03585210402212802, -0.036424992398282896, 0.003691174814432374, 0.00295517414935631, -0.003164339841431385, 0.0022741072511163196, -0.0006701418794095026, 6.571128487919964e-05]]
P1->P2
T_min:200.0 K    T_max:3000.0 K    P_min:0.0001 atm    P_max:10.0 atm
[[-6.786799206141113, -5.204184845535679, 3.6528999650569096, -1.9550060895174903, 0.7781716129617549, -0.2094115818299791, 0.03297732963153521, -0.00225062811822202, 1.3789819824151541, -2.793919250052142, 2.1775749776030633, -1.4496874585729873, 0.744145888929844, -0.2867347858495024, 0.06801875278165803, -0.0069638950192015825, -7.381769067939653, 13.620509527056178, -10.037413110954077, 5.972483004324896, -2.7383544524637298, 0.9219991317286923, -0.19472821330042933, 0.01840514235225099, 0.838502814745039, -1.8111923699554107, 1.6420558506035037, -1.304232759016309, 0.7870549146130803, -0.3462228678504906, 0.09092677959382822, -0.01006668774470143, 4.308139006099988, -7.474217354582306, 5.1128398891817435, -2.6143140418199597, 0.9552360359570105, -0.21661915545328725, 0.02345100870225103, -0.00044619104280996247, -2.6575100892480705, 4.651529902090202, -3.227109354478865, 1.7008010066866797, -0.6565642178785005, 0.1678535707367299, -0.0245588299882602, 0.0015063991085566553, 0.9407586282875471, -1.6214926333124078, 1.118672084836215, -0.5822237715260254, 0.2202584432230923, -0.05405887040764101, 0.007359076439931833, -0.00040094452908068234, -0.49640944252804964, 0.8681561930949164, -0.6053824435223132, 0.3226744974040594, -0.12691262258153801, 0.03369302600584345, -0.005291711956243006, 0.00036577882919353044, 0.14082818407173603, -0.24364825732498807, 0.17159783961578867, -0.09334821544411448, 0.03796325013762458, -0.010704452671356127, 0.001861859006265787, -0.0001491875857483893]]
W4->P1
T_min:200.0 K    T_max:3000.0 K    P_min:0.0001 atm    P_max:10.0 atm
[[57.672167929797794, -174.5515650624943, 128.70134284018357, -73.7246521349597, 32.24302905118812, -10.070672995582918, 1.9466623237913439, -0.17030107407175699, 11.625844375547098, 61.6411333032356, -46.25267084798928, 27.83517996654626, -12.87785450867123, 4.326614539495381, -0.909573641335534, 0.0863005475344032, 55.94690179418946, -102.86768307458405, 71.48849991684996, -38.14115246976181, 14.8536004763237, -3.918947700689799, 0.6202638236248159, -0.044129108048331034, -139.67942548598194, 250.80659432171743, -176.78501412948782, 96.61957302722884, -39.37594933339708, 11.158718117682074, -1.9349497144762058, 0.1525238412446246, 73.64356723372363, -133.07284818481148, 93.88104705870452, -51.433586721531235, 21.037200317446615, -6.000047541928126, 1.0515191992916968, -0.08409200800097949, -43.759170989702, 78.76537717984823, -55.465237002816494, 30.2884193861113, -12.328900969498548, 3.489470560504781, -0.6046440465692413, 0.04765945951133688, 24.056520423750896, -43.42422369164363, 30.60089987568375, -16.738463568357773, 6.832659010603578, -1.9432859789871983, 0.3392098764093703, -0.026988800346813946, -9.045912309017538, 16.28843995799771, -11.473922035841866, 6.2718234156320705, -2.5574633649904683, 0.7258958864643503, -0.1262797660096595, 0.010002044101383945, 2.439050902587354, -4.426541945132811, 3.121706343753175, -1.7110173915294222, 0.700632618705896, -0.20020919451772556, 0.035161542831328774, -0.0028161045453316547]]
