==============================
W1_Energy_1
R->P2
[[-0.0060264458378824735, 0.0017931816382354407, -0.006090076776370722, 0.011702811056197632, -0.0034851042146940518, 0.011826246537221323, -0.010711647778510589, 0.0031978461884567895, -0.010824179398617845, 0.009229253122908648, -0.0027668574861170817, 0.009325610960463351, -0.007473298903876172, 0.0022536634092281804, -0.007550580743135978, 0.00566831909921339, -0.001722579488274455, 0.005726225809536115, -0.004012293230950177, 0.0012309955974497127, -0.004052606697666222, 0.002633755637295996, -0.0008174268906748195, 0.0026596947866986175, -0.001591954454400491, 0.0005008038141380163, -0.0016072175526320096, 0.000875159831272733, -0.0002796759197638195, 0.0008832904433964843, -0.00043145188111128643, 0.00014035034603241775, -0.000435283904190115, 0.00018542145257175997, -6.15465720861376e-05, 0.00018698651596074395, -6.718043292536779e-05, 2.2767224412669234e-05, -6.769831516896174e-05, 1.8533956553086967e-05, -6.400406448689105e-06, 1.8665196628965245e-05, -3.472638915515823e-06, 1.2125141597094782e-06, -3.4891106223712295e-06]]
R->P3
[[-0.004184436369554334, 0.0017619060170956902, -0.004247703559915776, 0.00812255967736818, -0.003420659205559119, 0.008245316434003993, -0.0074251450727946585, 0.0031282704142886614, -0.007537155216426337, 0.006384214746219071, -0.0026917881467404627, 0.006480254932480026, -0.00515397520151633, 0.002175398211267845, -0.005231166067113173, 0.003893973744006667, -0.0016460114731890318, 0.00395196963223378, -0.002742797951563272, 0.0011615961173802954, -0.002783329081328947, 0.0017898377146068395, -0.0007598502087609814, 0.001816039458291305, -0.0010742988534204068, 0.00045750199073425594, -0.0010898196474128123, 0.0005858103312620102, -0.00025043001207188836, 0.0005941446016145329, -0.0002861855268454268, 0.00012299372895117398, -0.0002901629192634677, 0.00012173571222608753, -5.264055027043066e-05, 0.00012338398101303873, -4.369166617486933e-05, 1.9095810213429933e-05, -4.425385868384452e-05, 1.1970000627960482e-05, -5.28483407826639e-06, 1.2116870175094711e-05, -2.2531593506472967e-06, 1.032440021910928e-06, -2.2753227830769214e-06]]
R->P1
[[-0.034049565209062584, 0.015626123451366138, -0.03391754423339662, 0.06608417083038334, -0.030326201988255377, 0.06582800247245316, -0.060375282440069566, 0.027701081431599987, -0.06014122104427276, 0.051863443548117276, -0.02378890429508484, 0.051662461938003654, -0.0418105554323127, 0.019169065459284398, -0.04164853727659518, 0.031531793838692174, -0.0144482710331011, 0.031409685057830206, -0.022154870532226388, 0.010143534392521936, -0.022069092205457382, 0.014414068032087678, -0.006593138972453838, 0.014358317157186728, -0.008615783640601121, 0.0039357606247521415, -0.008582475345353344, 0.004675891170710298, -0.0021327044811744007, 0.004657844911563084, -0.0022677453923549977, 0.0010320035309337883, -0.002259002271630239, 0.0009573086654814031, -0.00043453264910914914, 0.0009536294056552198, -0.00033830884934714215, 0.00015284487669652653, -0.00033701193247905243, 9.15861322653402e-05, -4.120616193510803e-05, 9.12376378181081e-05, -1.6220320225536193e-05, 7.1564853419231855e-06, -1.6159481828772406e-05]]
W2->P1
[[-151.2324304116158, 118.52108627621728, -149.10459739980496, 292.4348728980362, -229.1669807210916, 288.32168465804034, -264.1784488242895, 206.98382880356314, -260.4663590338811, 222.68112251628023, -174.41396216291696, 219.55724154143724, -174.7224713001448, 136.78732334866362, -172.2769395300996, 127.15598424130764, -99.48789749231429, 125.38136886290471, -85.39828429046058, 66.76540542069627, -84.2106185450621, 52.55898191948317, -41.052968064432086, 51.831022191853954, -29.358102420938316, 22.905463533174967, -28.953396566302366, 14.681932973163052, -11.439715526071886, 14.480620071350241, -6.445070516267979, 5.013871550273395, -6.357229957735564, 2.4092203603358877, -1.870716709838091, 2.3766080850015023, -0.7289593065500216, 0.5647592089909795, -0.7191684054109331, 0.16188194524078547, -0.1250774432986109, 0.15972741241479607, -0.020429762757153105, 0.015730997695458965, -0.020160898833800286]]
P1->P2
[[-0.13267711577347624, 0.052674995932290705, -0.13321453331131322, 0.25751111548636074, -0.10223643961503988, 0.2585536781615402, -0.23528899161427563, 0.09341020924065437, -0.23623934743987843, 0.20215227609943875, -0.08025217121041028, 0.20296600495732517, -0.16300866143494566, 0.06470729075997843, -0.16366117045904174, 0.12297544715112631, -0.04881215664609361, 0.12346429678320688, -0.08644169984431016, 0.03430597101449111, -0.08678192994543334, 0.05627008488569215, -0.02232883733190057, 0.0564889427653289, -0.03365718049649861, 0.013352315390281371, -0.03378590617619497, 0.01828151690427346, -0.007250890236097935, 0.018350059612735812, -0.008875749179041876, 0.003518639829119938, -0.00890803676921927, 0.003751801765815953, -0.0014867415903634656, 0.0037649789493480316, -0.0013282838134867987, 0.0005256872598557998, -0.00133264492757413, 0.00036024944987077744, -0.00014249393325280478, 0.00036135117686980037, -6.413035923118334e-05, 2.5175292975337457e-05, -6.427327198008475e-05]]
P1->P3
[[0.0006126490779280496, -0.0002528836426103286, 0.0006126490792528425, -0.0011894746215713936, 0.0004912674250267649, -0.0011894746241385159, 0.0010875006847003185, -0.0004499133902916522, 0.0010875006870351134, -0.0009355747093301024, 0.00038819426975462843, -0.0009355747113202743, 0.0007556790416029076, -0.00031487262443976254, 0.0007556790431897529, -0.0005715177115396021, 0.00023948289964229554, -0.0005715177127192061, 0.0004029509054329042, -0.00017009226815238828, 0.0004029509062465352, -0.00026338510819797455, 0.00011220001955736208, -0.00026338510871539697, 0.00015834298651662578, -6.825431971357837e-05, 0.00015834298681728046, -8.65768578698177e-05, 3.7852463452421875e-05, -8.657685802729993e-05, 4.240851560713529e-05, -1.890539363416991e-05, 4.240851568015569e-05, -1.8122446667207985e-05, 8.25930764377221e-06, -1.8122446696326504e-05, 6.539255521392413e-06, -3.093043733344564e-06, 6.5392555307856185e-06, -1.8062937156823004e-06, 8.840125154185372e-07, -1.806293718018804e-06, 3.472295740100691e-07, -1.9098552801355006e-07, 3.472295742765714e-07]]
P2->P3
[[-0.03225634818837241, 0.014462334508312346, -0.03246877765140827, 0.06260070863737602, -0.02806524658697332, 0.06301283139451516, -0.05718561987124914, 0.02562974405854446, -0.057561430896655476, 0.0491120015425503, -0.022000923466602783, 0.04943394248803716, -0.039579909178835304, 0.017717783724680462, -0.03983828216405792, 0.02983605301866362, -0.013343504366127105, 0.03002982156878997, -0.02095196447027789, 0.009358253866030338, -0.02108702385748403, 0.01362129944900994, -0.006074482347639539, 0.013708334057758573, -0.008134953517299358, 0.003620168440693411, -0.008186275598162011, 0.004409479675345634, -0.0019572752675411126, 0.004436890061211298, -0.0021357885542569433, 0.000944648781387042, -0.002148760982461389, 0.0008996725156895065, -0.00039620927452981643, 0.0009049958775665022, -0.0003173412596436629, 0.00013875879363045248, -0.0003191217594377256, 8.544627049049621e-05, -3.705433469203319e-05, 8.590195541783091e-05, -1.5097449026205606e-05, 6.379197987702312e-06, -1.5159030644455643e-05]]
