==============================
W1_Energy_1
W1->P3
[[0.001895835384030386, -0.0010117675992718836, 0.00021260415323108678, 9.916869228325664e-05]]
W1->P2
[[0.00171464337697802, -0.0009401545958920813, 0.00019485558065920365, 0.0001879574945951869]]
W1->P1
[[0.0018657963467480058, -0.0009947487362489107, 0.00019320842109610048, 0.00012275114087114113]]
P1->P2
[[5.840535136205636e-05, -3.225123722435628e-05, 2.9834133512356208e-06, 1.3992879837657384e-05]]
P1->P3
[[8.89567250259486e-05, -4.967302490338867e-05, -5.4085798612452566e-06, 4.1712752678612054e-05]]
P2->P3
[[-1.960941668838516e-06, -1.0029707269768363e-05, -7.029613336815936e-06, 5.776456180506829e-05]]
