==============================
W1_Energy_1
W1->R
[[0.06146612284802977, -0.11614817154883686, 0.0718684702791688, -0.028593624029998998, 0.006229506519815708, -0.11443264275052813, 0.21919172507165982, -0.13556960691244463, 0.053936523140178244, -0.011753235924821482, 0.09466539937403727, -0.18381514778919647, 0.11368952821194347, -0.04522562310649864, 0.009858374673214295, -0.0701901870375621, 0.1363017634929487, -0.08433046148121846, 0.03354809354699305, -0.007315893033244004, 0.0455690079664267, -0.08854125556047036, 0.054790388041373345, -0.02180152748230376, 0.004758412493230861, -0.02549651694176337, 0.049576108804918216, -0.030690834988493385, 0.01221398621387324, -0.002669303836205555, 0.011974693945153379, -0.023308173425138367, 0.014435809765338354, -0.005745796745061503, 0.00125748631411685, -0.004519477280466762, 0.008811595736362147, -0.005461256225775341, 0.0021741795927774535, -0.000476671443552803, 0.001256450298759607, -0.00245403463864869, 0.001522257924393965, -0.000606222909195119, 0.0001332690740158483, -0.00020102565933972466, 0.000396660994787215, -0.0002466850341234271, 9.819848217068592e-05, -2.166819163164556e-05]]
P3->W1
[[-0.02742995804307599, 0.03928265052343364, -0.02463860322021349, 0.010573684520861808, -0.00240977131446212, 0.051722378623498676, -0.07416347417563891, 0.046504488572502896, -0.019950350625209487, 0.0045455217276756995, -0.043415253747035545, 0.062170102452971644, -0.038986845789402, 0.016730023806957223, -0.0038096790934026817, 0.032193923828776554, -0.04612655415962109, 0.02890699161725968, -0.012403303562148823, 0.0028218314080165024, -0.02091219085118826, 0.029927565341313103, -0.018751784450550146, 0.008045886644926763, -0.0018278311131108363, 0.011703341040403343, -0.016737814367797196, 0.010478579651202118, -0.0044975392196194754, 0.0010197540068414782, -0.005498746610006508, 0.007852831995343446, -0.0049118906649968375, 0.0021086644191868776, -0.00047715169218841703, 0.002077378393460267, -0.0029605016396980328, 0.001849366581740047, -0.0007940336645089356, 0.0001790313377377276, -0.0005830731863213186, 0.00083065264346057, -0.0005177332488925816, 0.00022243938773256397, -4.9940736427860736e-05, 9.91875531718014e-05, -0.00014113455541710763, 8.750267581533096e-05, -3.7577281983481754e-05, 8.415760440168873e-06]]
R->P2
[[0.002317825634448953, -0.0031721573700199852, 0.002365836232943221, -0.0004959867954107476, 0.00010015837739555174, -0.004551512991922068, 0.006389548556313383, -0.004675471886783915, 0.001023295019811266, -0.00020927293787442877, 0.004333102714209485, -0.006336233117898918, 0.004493855565687036, -0.0010836001930692298, 0.00022672322010221498, -0.0039390904367212366, 0.005917343462857026, -0.004096202065719078, 0.00110227196310617, -0.00023325833848933064, 0.0032561479786513614, -0.0050169550854758365, 0.0033863878970767664, -0.001007392630036827, 0.0002146408045412259, -0.002329517338683274, 0.0036726312947622753, -0.0024259780794881076, 0.0007762358985395359, -0.0001670645513676913, 0.001388071559416461, -0.002220040849144656, 0.001446377333907438, -0.00048583222852273693, 0.00010495517352593113, -0.0006516884408583359, 0.0010535421014913407, -0.0006787252621846533, 0.0002360796119588752, -5.090072938865597e-05, 0.0002126836192393802, -0.00034574627692111735, 0.00022128780674583666, -7.816423478077354e-05, 1.6764714095396205e-05, -3.632448150258036e-05, 5.8661874198939915e-05, -3.7660603970247786e-05, 1.3249413269249966e-05, -2.7461424386597847e-06]]
R->P4
[[0.023418010285358774, -0.038983967758838174, 0.02446167027628373, -0.009419440651163048, 0.0020326130244368757, -0.043774211068827756, 0.07295897274554186, -0.04574831361561677, 0.01760863752186079, -0.003798461407961211, 0.03572166995625646, -0.05959950359012563, 0.037356877042117355, -0.014349768369316805, 0.0030911133747192564, -0.025301282966427096, 0.042147885517849315, -0.02644962717426842, 0.010121716222407243, -0.002172272040617607, 0.01531005816882615, -0.02544312285749932, 0.015987329127117263, -0.006087272142832341, 0.0012981807056863168, -0.007679092887967158, 0.012722708713387612, -0.008008428677336947, 0.0030227222044579643, -0.0006387338721452817, 0.0030317087197181437, -0.004988163605745853, 0.003153796444679306, -0.0011700735739535138, 0.0002427527911552272, -0.0008451236017128362, 0.0013702033709010115, -0.000874001052968219, 0.00031225127993115664, -6.186684537108748e-05, 0.000118459282943372, -0.000181314353169189, 0.00011996533810440967, -3.630978390813804e-05, 5.601309273271449e-06, 8.717903426627334e-06, -1.8808845442502627e-05, 1.007696732976126e-05, -6.179887315338997e-06, 1.909254272541949e-06]]
P3->R
[[-0.025013067024433233, 0.0437990153539956, -0.026759468950589043, 0.011316285969450269, -0.002838727842494926, 0.04712138754224011, -0.08240285533279014, 0.05038007694478166, -0.02130418381382814, 0.005344064341511864, -0.039237746373668614, 0.06852472910380249, -0.041913663519526696, 0.017731680751916317, -0.004448908584448918, 0.02864711402993913, -0.050070418198531974, 0.03059997054999884, -0.012956081957357165, 0.0032550446832364534, -0.01816115423541747, 0.03177399627076032, -0.019405767919733315, 0.008219779187266203, -0.0020696979192636545, 0.009831894705435178, -0.01721448589108252, 0.010506604073961782, -0.004453935445594793, 0.0011241543982943463, -0.0044145908900607165, 0.007744692138435558, -0.004719368662340898, 0.00200390186477261, -0.0005078065760028772, 0.0015576880075650413, -0.0027394645775894546, 0.0016667957312929058, -0.0007092318248022325, 0.00018103823289316017, -0.00039016318279343936, 0.0006893018357606171, -0.0004181474313717888, 0.00017878822796734434, -4.622161833907846e-05, 5.232843105823289e-05, -9.356994161436291e-05, 5.642964682643899e-05, -2.4315897929548207e-05, 6.518362577174522e-06]]
W1->P3
[[-0.00783580705864315, 0.00215417009387007, -0.00010820270088809227, 6.86763477361413e-05, 0.0002962985701933829, 0.01653235820253819, -0.004261227897062642, 0.00031434667631992944, -0.00016881943475062096, -0.0005508344741666784, -0.015353194804566464, 0.003922369722095847, -0.0004838775215775267, 0.00023863273014076533, 0.0004405159330085157, 0.011674410332092953, -0.003408009427834289, 0.0006507757730030678, -0.0002984416139893295, -0.0002997251747261476, -0.007845090165514311, 0.0026102836967833577, -0.0006667669043731944, 0.00029655467585286167, 0.00017209567498869822, 0.004575182622791962, -0.0017486702902755852, 0.0005433546531041607, -0.00023947956127723995, -8.017441299747057e-05, -0.002242215735466171, 0.0009585543270711405, -0.0003365687119679578, 0.00014784504665069046, 2.9681317421196945e-05, 0.0008728933675098094, -0.000393850159261328, 0.00014496613011586286, -6.444670135994287e-05, -9.305573386661706e-06, -0.00024416387092895107, 0.00010852116701966538, -3.901233806737752e-05, 1.819884689105608e-05, 2.4867897841961977e-06, 3.626394201620974e-05, -8.942746410126215e-06, 6.397885914356454e-07, -9.64219567729101e-07, -7.663432899575221e-07]]
W1->P2
[[-0.00040018139275044154, -0.010516365899388903, 0.006569898132658909, -0.001990269864685814, 0.00022269700503383216, 0.002382635248977594, 0.01980803066480677, -0.012377197038362733, 0.0037567345115535854, -0.00042243907927997303, -0.0032288897951575305, -0.01672691774213224, 0.01045138907052982, -0.003176121316272347, 0.0003624304101977687, 0.002349358952216474, 0.012477533474938907, -0.007818438981131753, 0.002385710807780026, -0.0002782678575962576, -0.001487167282650852, -0.008223705700173728, 0.005159109902228682, -0.0015868006187053003, 0.00019241130551952065, 0.0007988701348348705, 0.0046923234682690945, -0.0029528667912935035, 0.0009152504712420264, -0.00011627918582190362, -0.00033625008957484907, -0.00229459367652983, 0.0014486638978782455, -0.000455487049483523, 6.154565209709391e-05, 0.00010348644737044508, 0.0009206277908103483, -0.0005834726517727061, 0.0001872230732185069, -2.734471679909118e-05, -1.6694763919092073e-05, -0.0002808406212779103, 0.0001786879654125967, -5.880291214245875e-05, 9.433537493304516e-06, 3.3424866327994453e-06, 4.7660155786336455e-05, -3.079720573212163e-05, 1.0163120712186253e-05, -1.7324269192535812e-06]]
W1->P1
[[0.03416835219496126, -0.07001460718641887, 0.04471359408591201, -0.018030833200891456, 0.004084226976918833, -0.06299536413797191, 0.13230628999524655, -0.08442337754216389, 0.034028895664444406, -0.007707983063707294, 0.0514842870640749, -0.11085043249930207, 0.07073595241843988, -0.028508929767143507, 0.006462276010756573, -0.03805987347123235, 0.08201033040639591, -0.05236627470952215, 0.021109254405612937, -0.004790089572591717, 0.02454799315857278, -0.053020372901736515, 0.03387120805381007, -0.013659850843595514, 0.003105772237950503, -0.013558788956164967, 0.029397891820623773, -0.01880013512922232, 0.007583727932140594, -0.0017288378233825306, 0.006230808511550005, -0.013597345563311554, 0.008706966983335783, -0.0035133289355830134, 0.0008033271795376794, -0.0022659427054343637, 0.004999571703805976, -0.0032079598363684574, 0.001294624779065587, -0.00029709081015070885, 0.0005892517459739719, -0.0013245609605403027, 0.0008523537375477447, -0.0003438607163050256, 7.925738145836448e-05, -8.098522012194588e-05, 0.00019312563812467234, -0.00012518585492113816, 5.031239519838705e-05, -1.1630993535632258e-05]]
W1->P6
[[-4.884378874622383, 8.065658101099144, -4.457270703798725, 1.5125744532467231, -0.24344316738455268, 9.220616135085278, -15.224187880331147, 8.412987931526704, -2.854582729187924, 0.4593584475669819, -7.743751410270317, 12.783921552271993, -7.064507172444688, 2.3968222097446152, -0.38562640670772047, 5.758978588358503, -9.50743639320391, 5.254215662269453, -1.7828370444219275, 0.2868929627893561, -3.7553689494755367, 6.199802964563782, -3.426483039451955, 1.162792574323858, -0.1871654656030569, 2.1138494695688133, -3.4898468181378064, 1.928896623000141, -0.6546651043221318, 0.10540448876806598, -1.0022854137884782, 1.65476300794846, -0.9147121787135474, 0.31051308053732296, -0.05001483066712452, 0.38267158020726205, -0.6318067827003465, 0.34929933531460355, -0.11860723623291726, 0.019115047411175888, -0.10816747017171743, 0.1785971444868223, -0.09875591892571955, 0.03354409020993342, -0.005409605654005453, 0.018363729198059387, -0.030322926783658177, 0.016774557484064728, -0.00570241074240948, 0.0009211927022962742]]
W1->P5
[[-0.05225831998557749, 0.07736198346044655, -0.04750855963467093, 0.02014612046712851, -0.004798375559586825, 0.10020459786617143, -0.1462646151999073, 0.0900022960811299, -0.038168418592146626, 0.009079806850126628, -0.08495575471245165, 0.1220736376387521, -0.0752298162139947, 0.03194840712823249, -0.007598939890982973, 0.06274257717438234, -0.09003861481248922, 0.055422673797347555, -0.023535870578221717, 0.00559540398233381, -0.0405903457734111, 0.05815313825674661, -0.03576602500516622, 0.015179386028703126, -0.0036032022565520736, 0.022471824057484106, -0.03208068384345855, 0.019704310328493783, -0.008361799327125559, 0.0019821061494481665, -0.010391275625080479, 0.014758924693544477, -0.009048594299078056, 0.0038388734930460498, -0.0009079459684165092, 0.003802984645685996, -0.005349619285059617, 0.0032716403196497413, -0.0013891857323429214, 0.00032804989873262404, -0.0009965073663019562, 0.0013783158618716808, -0.000839795293978143, 0.00035715305878416875, -8.41847945559711e-05, 0.0001412187502394696, -0.00018506911815221815, 0.00011181419574886381, -4.814287242369664e-05, 1.1412757734594185e-05]]
W1->P4
[[0.02836412467797796, -0.058637273413420225, 0.036356627068660094, -0.01489746896284015, 0.003414322239945211, -0.05179882210772298, 0.1104733442196177, -0.06850877735992489, 0.02808153926170049, -0.006438559253100793, 0.041972722437101886, -0.09234555626682191, 0.05725764033738531, -0.02346623144219716, 0.0053857016619906, -0.030855500284069363, 0.06800674428923528, -0.04217732573298405, 0.017289059445532055, -0.003975045066410061, 0.019760029160571523, -0.04374336435233331, 0.02712617294114409, -0.011121984724495357, 0.002564147020355486, -0.010841291740319281, 0.02413959447221424, -0.014973362145509022, 0.006139023405989887, -0.001420927198589005, 0.004949640802238332, -0.011116997299968191, 0.006897215641411205, -0.0028283200543287716, 0.0006581202026295934, -0.0017881134260587677, 0.004073451055153541, -0.0025280368314953244, 0.0010366625584008822, -0.0002432392550004313, 0.00046445848730820426, -0.0010814537955238838, 0.0006716990750789203, -0.00027492027336189763, 6.530541319599818e-05, -6.43881603987673e-05, 0.00016017832457498123, -0.00010008158000027358, 4.065320957853316e-05, -9.817523400617937e-06]]
P5->P6
[[0.037337286673688144, -0.06364151804321447, 0.03894208830361981, -0.015580271460639632, 0.003325988207482848, -0.07018558131706434, 0.11963668183342235, -0.07319789871911057, 0.029285728667899594, -0.006248987024205832, 0.05829677235852394, -0.09937791030971603, 0.06079372399382573, -0.02432352984317549, 0.005186871409152826, -0.04264375803991329, 0.07269562644985511, -0.04447054273585754, 0.017793748489573314, -0.003794504100691238, 0.02717941320290031, -0.04633318587892809, 0.028346012212879388, -0.011343424086431159, 0.0024202086438192306, -0.014826810486940543, 0.025276011105216996, -0.015464873357335797, 0.006190036020228391, -0.0013215214490443438, 0.006729791748776612, -0.011472876485687173, 0.007020620324133224, -0.0028110215607229237, 0.0006007316884477195, -0.002430383110578575, 0.004143408910534782, -0.0025362846544915766, 0.0010161075231099456, -0.000217577582171571, 0.0006300044353433896, -0.0010741325833659072, 0.0006577858582549346, -0.00026376124705813897, 5.663055227317681e-05, -9.394998011618132e-05, 0.00016019029307429974, -9.819930268305156e-05, 3.9443539770848015e-05, -8.521370280025063e-06]]
P5->P3
[[0.03928595547173912, -0.0672430528928546, 0.04184331788199264, -0.017297600727014865, 0.004152771710063268, -0.07377146541698604, 0.12633277220674002, -0.07858969159544466, 0.03251124648362583, -0.007814085969651587, 0.06108531442196644, -0.10467979000895654, 0.06509931399945924, -0.026955195258000147, 0.006495341419922875, -0.044584571415397, 0.07640401063811345, -0.0475244681763997, 0.019677018066411835, -0.004751161586231946, 0.028458335834100842, -0.0487643832414655, 0.03034251691378662, -0.012564250290034301, 0.003037536143611912, -0.015536284375112546, 0.02662984656088075, -0.016577286221307434, 0.0068718872707535655, -0.0016667386041716323, 0.0070136141901326055, -0.01202374848145315, 0.007491872124005228, -0.003109060649771821, 0.0007585244980076815, -0.002510424107086625, 0.004304429473800971, -0.002685206614194943, 0.0011158376641074406, -0.00027403811115620484, 0.0006424152229283526, -0.001102350398634321, 0.0006893000672160127, -0.0002875287769741188, 7.163617247177623e-05, -8.225050427512969e-05, 0.00014114231953208728, -8.898740930822695e-05, 3.7350359572716986e-05, -9.721686646334688e-06]]
P6->P3
[[-0.010413549803037268, 0.017823770889420026, -0.011128803948354575, 0.004599172742203924, -0.0010710635703136562, 0.019515561102484938, -0.033403356951754525, 0.02086202064619737, -0.008624401560772725, 0.0020108371056049576, -0.015861209042862888, 0.02715151814947541, -0.016970556752381363, 0.007023058668980467, -0.001642560883083523, 0.010922794618388064, -0.018703493065291416, 0.011706081352307274, -0.004854400970757379, 0.001140882513620245, -0.006249478128796139, 0.010707358064658286, -0.00671703463100886, 0.002795614765558037, -0.0006622530361724195, 0.0028762137311107187, -0.004933015386969832, 0.0031076589111836755, -0.0013018643353235207, 0.00031277658759839725, -0.000978044426390136, 0.0016811712993026761, -0.0010685572612267975, 0.0004537535421503992, -0.00011215943304328806, 0.0001911039482988481, -0.0003309020611211603, 0.00021653750318620236, -9.590536122184563e-05, 2.5726230244834707e-05, 6.269164824545538e-06, -9.317918019849155e-06, 2.092713726430792e-06, 1.5327726577881519e-06, -1.6327786112544257e-06, -1.2814345655632824e-05, 2.164106241388789e-05, -1.271561827477391e-05, 4.750064960372124e-06, -8.306658301613818e-07]]
P3->P4
[[0.04000444637390425, -0.06439695055549473, 0.03866111817084671, -0.014349523202773898, 0.0029361629456322357, -0.07520544685454189, 0.12118143720841153, -0.07273974338336654, 0.026998589413448085, -0.005524648505025654, 0.06254186147944144, -0.10084652999701794, 0.060518290824609695, -0.02244809001166529, 0.004592564784180058, -0.04587176244371729, 0.07385815559117637, -0.044311993832722746, 0.01641359081537379, -0.00335517463365273, 0.029294673980665806, -0.047084070348055465, 0.02823369477072425, -0.010443517554956535, 0.002132574106113936, -0.01603315068142028, 0.02572274586575355, -0.015411449941743881, 0.005688155260057099, -0.0011602719648380693, 0.007338421929752246, -0.011731874891726703, 0.007020556759872905, -0.002581535858485569, 0.0005252270139121208, -0.0026778894323284067, 0.0042634600449610715, -0.0025468640638698524, 0.0009326804350706492, -0.00018892386200443487, 0.000724017050316531, -0.0011465077812507132, 0.0006829299511332863, -0.0002487204946919639, 5.005339946870397e-05, -0.0001225426621699389, 0.00019267403418757125, -0.0001142228865174414, 4.158129972912267e-05, -8.323530367175197e-06]]
P3->P5
[[0.04751914617660804, -0.08142482028287384, 0.05009623051833741, -0.02057632304732785, 0.004658513380719189, -0.08942657105119226, 0.15329587535163666, -0.09428848676898027, 0.03874846138841701, -0.008780273737301381, 0.07451478052275737, -0.1278020350633981, 0.07858181747265293, -0.03231278989040402, 0.007335593321384728, -0.054921288993365756, 0.09419190363448089, -0.057921122934887125, 0.023809438869363025, -0.005411960712896569, 0.035517261951008655, -0.0609032704310334, 0.037459190503494354, -0.015393731482867917, 0.0035011986418646327, -0.019746026104358626, 0.033863054229463806, -0.020833376003515303, 0.008564468907104678, -0.0019520681839976072, 0.009154226445832088, -0.015698179940054312, 0.00966303819121565, -0.003972708668046694, 0.0009087889783862879, -0.0033895999019419583, 0.005812001309710356, -0.003579765335687534, 0.0014716514404451342, -0.0003378826248532091, 0.0009210771217994356, -0.0015795680641928452, 0.000974106242895156, -0.00040085949703698567, 9.280313901211089e-05, -0.00013415736044102852, 0.00022991783652225742, -0.00014227222355163826, 5.855369672901338e-05, -1.3834159479740974e-05]]
P3->P6
[[0.029171432245177174, -0.0499927338755598, 0.031064442789142003, -0.01281057656186285, 0.002852963591074463, -0.05445095689191115, 0.09331975203083218, -0.05798493203267006, 0.02391351569741742, -0.005322651456731652, 0.04429800703380327, -0.07592800012232255, 0.04717520486477037, -0.019458616603854846, 0.004325039690129003, -0.03132320583992178, 0.053697943307380556, -0.03336134153386234, 0.013764544130150038, -0.0030535363056181522, 0.01898007203730812, -0.03254603555188723, 0.0202184847693252, -0.008345383925593641, 0.0018460713735043428, -0.009592528914927727, 0.016455283767230586, -0.010220676829046225, 0.004221228117250861, -0.0009292982959098904, 0.0038808466190028527, -0.006661625945965381, 0.0041361170595799355, -0.0017097783789738858, 0.0003732635392176996, -0.0011669949222660328, 0.002005493310799338, -0.0012440507117879576, 0.0005149408657454069, -0.00011058936744398577, 0.0002137252777217151, -0.0003683263294586765, 0.0002277877237761768, -9.450982405739644e-05, 1.937747356194409e-05, -1.1007354787036167e-05, 1.92905418121802e-05, -1.1668389134481208e-05, 4.888303972750058e-06, -6.892722833092452e-07]]
P3->P1
[[-0.12430046300998487, 0.21479619609773362, -0.13111145604073307, 0.05233917550794459, -0.011571789041275888, 0.23430506752956198, -0.4047633196803752, 0.24711052229496644, -0.098650076772521, 0.021812072722247635, -0.19578489183405498, 0.33813322858623834, -0.20646373398163226, 0.08243194148152055, -0.01822879982768756, 0.1441992801466092, -0.2491062859794401, 0.15209083151536038, -0.06072609471753001, 0.013432724477318699, -0.09267141894686358, 0.16012565272668533, -0.09776559523483123, 0.039033403191546655, -0.008637860418705635, 0.051112053086625364, -0.08833601153919263, 0.05393623718844766, -0.021533478368341602, 0.004767039257586035, -0.02353044418300192, 0.04068959345223507, -0.024841944990372823, 0.009917495414795863, -0.002196801654384349, 0.008612907663121052, -0.014901555779601559, 0.00909793683132387, -0.003631592268939013, 0.0008051912386948031, -0.0022807724223328774, 0.003950764617413214, -0.0024114787202448684, 0.0009621813671050473, -0.00021353943699738834, 0.0003363672852185812, -0.0005839188516939405, 0.00035615210068342307, -0.00014189692213118383, 3.153345143629479e-05]]
P3->P2
[[0.021346004764555383, -0.034234807415635435, 0.021782196375749893, -0.008102358586262017, 0.0017512690712758671, -0.04019368119646869, 0.06459071692542312, -0.041081849583465495, 0.015286525018462368, -0.003304196462972016, 0.033638001022951544, -0.05416898228659289, 0.034443888483866106, -0.012816251520841756, 0.0027690333836061644, -0.024988224934513296, 0.040198154412052725, -0.025564400277694296, 0.009507018957833832, -0.0020504077293625315, 0.016226907167566876, -0.02607540437472655, 0.016580198859660854, -0.006166904826028911, 0.0013267527787795205, -0.009043063020787051, 0.014523203288475665, -0.009232519953218688, 0.0034328399864697757, -0.0007366614256658935, 0.004205804123516997, -0.006734706649223967, 0.004281442719295162, -0.0015881687418931093, 0.00033901355301104574, -0.0015450164192717167, 0.0024638708352768927, -0.0015662159416113188, 0.0005789546946598634, -0.00012238324287136324, 0.000408225373370269, -0.0006461057058965121, 0.00041070840085131094, -0.00015056221433438428, 3.125456371661052e-05, -6.066236710392919e-05, 9.373414574437582e-05, -5.932169703136997e-05, 2.1313673301975274e-05, -4.204476761849622e-06]]
P1->P2
[[-0.03569416280538619, 0.06318057461498747, -0.03745628222220157, 0.0150505885930354, -0.0032461543975716746, 0.06742996421293423, -0.11923318394677924, 0.0707300321518711, -0.02842361241759652, 0.006131918784081205, -0.056703535335234194, 0.10015738072246451, -0.059453876955378834, 0.023901821862582523, -0.005159996986137259, 0.04218538973886446, -0.07454269264082326, 0.0442470886513134, -0.017795213565113408, 0.0038471310631165516, -0.027536113717044605, 0.04866744711507024, -0.028897986505948672, 0.011622509111523623, -0.00251775493788638, 0.015545215657611815, -0.027469881481942068, 0.01632190095227195, -0.006565540942667352, 0.001425135324121869, -0.007416302873286202, 0.0131102554205019, -0.0077936142418109965, 0.0031360456764483327, -0.0006825912460741834, 0.002866441301883098, -0.005066245054900317, 0.003015147499275996, -0.001213289933179537, 0.00026508677976180297, -0.0008268068629139588, 0.0014613741651510288, -0.0008707511445596437, 0.00035040228726944563, -7.686942351367708e-05, 0.0001421746086006931, -0.00025171324907328953, 0.00015012219705840238, -6.027057542533439e-05, 1.3296068755355788e-05]]
P1->P3
[[-0.06013473207670942, 0.10550534268771249, -0.06421530228200908, 0.025439681685263584, -0.005720985269170102, 0.11277664321024065, -0.19776745025647857, 0.1204055291425277, -0.047699080958630735, 0.01072828470012762, -0.09274043028449293, 0.16261677312873488, -0.09901663625795436, 0.039220147385641335, -0.00882434662396729, 0.06637957376227874, -0.11655068064641946, 0.0709296481262506, -0.028079675681574722, 0.006322422585907944, -0.040837822098698316, 0.07182972969117393, -0.04369132584763316, 0.01727707651631667, -0.00389461351490509, 0.021150205613932337, -0.03729449281817761, 0.022668328801717392, -0.008949192144323461, 0.002019957101203078, -0.008888384859471042, 0.01574436901612547, -0.00955534384740321, 0.0037628888857041552, -0.0008512492369071872, 0.00284147506839749, -0.0050681870838122645, 0.003069635385791017, -0.001203494338827161, 0.000273412765610386, -0.0006027343367201628, 0.0010914814329401699, -0.0006578519614816682, 0.000255518143756775, -5.846720454918494e-05, 5.70128402033435e-05, -0.00010786495919162109, 6.407834658301361e-05, -2.4141954264712735e-05, 5.651254343381248e-06]]
P1->P6
[[-0.05874451421649202, 0.10022962579325104, -0.062306833678959304, 0.025562468677127494, -0.00592584878445493, 0.11109780429418525, -0.18955494913171758, 0.1178331734163929, -0.04834221108144939, 0.011206242083172465, -0.09360988181274162, 0.1597168718561073, -0.09927959433303171, 0.04072741879918522, -0.009439552675629386, 0.06972158246545967, -0.1189574712510631, 0.07393653116200448, -0.030326615335970905, 0.007026396819906046, -0.04545584980408762, 0.07755471817508656, -0.04819628211856726, 0.01976471948019964, -0.004576745319936315, 0.025549988693499393, -0.04359161083154453, 0.027084853718704942, -0.011104315496391418, 0.0025694444257801942, -0.012034215028347516, 0.020531570058221756, -0.012754149529935482, 0.005227394700917617, -0.0012085401867165289, 0.004523187853915247, -0.007716858138808379, 0.004792530275021222, -0.001963585857219013, 0.00045352933274950014, -0.0012346715545699985, 0.002106385690731568, -0.0013078039181475404, 0.0005356120001147773, -0.00012357179162253377, 0.0001865616566936829, -0.00031826977750016845, 0.00019759282506344084, -8.09055876803786e-05, 1.866086560453272e-05]]
P1->P4
[[0.013307830225115723, -0.019493567303422107, 0.012921439628613685, -0.00520450978854449, 0.0011924564546425798, -0.025388111737499143, 0.03737771391954791, -0.024709253296582825, 0.009951746124169722, -0.002279539461130172, 0.022048166572755042, -0.03273771684362912, 0.02155456773372791, -0.008680207134394588, 0.0019873010563233547, -0.01734741197955606, 0.025937028611702124, -0.01702835981637621, 0.00686286174048473, -0.0015692492775357613, 0.012211733601499677, -0.018439386402072305, 0.012049154993104124, -0.004866127654586028, 0.0011108112578734571, -0.007526382152190387, 0.011495991152974625, -0.007471575923758188, 0.0030236071814778768, -0.0006898897844852366, 0.003946973440102144, -0.006089015524474687, 0.003940139503364887, -0.0015975987591513616, 0.00036423736452328737, -0.0016823736486609785, 0.002623700345354544, -0.001689120377559807, 0.0006865537917032274, -0.0001562424854477654, 0.0005313513651837445, -0.000835806356075754, 0.0005360338398652213, -0.00021847359084034017, 4.967415706325328e-05, -9.772788008445373e-05, 0.00015435235299482853, -9.887030008847198e-05, 4.0575652543023655e-05, -9.223004446511884e-06]]
P1->P5
[[0.08888531659059247, -0.15170157791791378, 0.0943094497135244, -0.03858847189155985, 0.009084769130302534, -0.16758484799089124, 0.2860809902086, -0.17782133870912226, 0.07277815531573013, -0.017139898443892777, 0.14029665692065527, -0.23956332814010722, 0.1488747430347613, -0.060945135310377804, 0.014362545677364244, -0.1039661588857424, 0.177519199472886, -0.11031355519173443, 0.04514584732497144, -0.010640117439025487, 0.06760646487381929, -0.11542548528414164, 0.07172413367132248, -0.02934448023576691, 0.006912147312552788, -0.037887550786986586, 0.06468854691924826, -0.040193483321544925, 0.016443769790905827, -0.003872866440227715, 0.017793129041645626, -0.030377678826670224, 0.018874619924249436, -0.0077194781111628846, 0.001818427231240987, -0.006701151079223379, 0.011439526196868405, -0.00710715589519257, 0.0029054389082960185, -0.0006841512532701093, 0.0018521132538604286, -0.0031617124187205002, 0.001964354278063169, -0.0008028699780089595, 0.00018922077792141986, -0.0002892602098714608, 0.0004934511244190346, -0.0003067373089323182, 0.00012513718521259322, -2.9577407941833134e-05]]
P4->P3
[[0.028718784050782865, -0.045356468588038, 0.027313373853793708, -0.01005259487328654, 0.002055730252082263, -0.05414505329435044, 0.08565310138931119, -0.05157139846736573, 0.01898785825143627, -0.003884470739456944, 0.04550839541776301, -0.0721209852256283, 0.04341935256363028, -0.01599076073967855, 0.003273893634931041, -0.03401321271486023, 0.05387172649548232, -0.03243571458670999, 0.011945660762594828, -0.0024472023620756493, 0.022286284733613416, -0.03528362131061437, 0.021241662366149213, -0.007829524946219238, 0.0016057518049396853, -0.01261536796645433, 0.019977286919719242, -0.012023522914066977, 0.004434960370935311, -0.0009114043210202697, 0.006006417492425575, -0.009498477176550313, 0.0057140066074550635, -0.0021066899246520642, 0.0004333811071116423, -0.002283414919398042, 0.003604767272745237, -0.0021665109616772925, 0.000798466594911077, -0.00016418264619979422, 0.0006417998923334968, -0.0010100862567688994, 0.0006058423660451564, -0.00022284574055681078, 4.574117934260966e-05, -9.93943534251733e-05, 0.0001538034830092246, -9.140228080888343e-05, 3.3186773718269714e-05, -6.691451136229177e-06]]
R->P3
[[0.04394673699383593, -0.07397844686395827, 0.046971553480116494, -0.01917375115136011, 0.004541003835243787, -0.08250131084262831, 0.13898244155318876, -0.08821680901109294, 0.036012669463272126, -0.008531353260558478, 0.06818777642172798, -0.11495153436048079, 0.07296413347705046, -0.029783273659032834, 0.0070602588165390315, -0.049386283227221696, 0.08320840345241476, -0.05286575924030034, 0.02157558645629021, -0.005117770266127118, 0.03099639477272405, -0.052188060282302245, 0.03319206942845931, -0.013549833888445599, 0.0032168012344933397, -0.016537709749370022, 0.027827132305410212, -0.01772260364472513, 0.007236535681842383, -0.0017209989585214073, 0.007276974115129839, -0.012226713939549935, 0.007805927516509557, -0.0031875456981979708, 0.0007596996214755035, -0.002509227317212295, 0.004208202285841029, -0.002694968264115642, 0.0011008990321934116, -0.00026301282328925466, 0.0006165027327051479, -0.001030633600340678, 0.000663268257124948, -0.00027082258599141586, 6.483752029300616e-05, -8.532919932511778e-05, 0.00014168237446580514, -9.194173147543966e-05, 3.759739653230716e-05, -8.97741537288404e-06]]
R->P1
[[0.05570559193229433, -0.09378341977927117, 0.0582883538669633, -0.023423810656085217, 0.005216590217806576, -0.10462361810222097, 0.17623828851138165, -0.10949345336942964, 0.04400061536683892, -0.009799027596433826, 0.08657016970874151, -0.14590025255004824, 0.09061849092248506, -0.036404805788227315, 0.008105332825796861, -0.06279227353063735, 0.10577679294965742, -0.06572163323567476, 0.026390890751316325, -0.005870366734463241, 0.03947117377088876, -0.06645693031728565, 0.04130268750175209, -0.01658219445747488, 0.0036835368309316315, -0.02110039397773954, 0.03550802788579518, -0.022074465591331083, 0.008858912243061241, -0.0019648947108938312, 0.00931862235814196, -0.015663766051587574, 0.009744802943401173, -0.003907836860657838, 0.0008645162864122366, -0.003232498743495158, 0.005426373434333116, -0.00337828754953866, 0.0013537448461734508, -0.00029825689743445883, 0.0008048984258557799, -0.001348112630136279, 0.0008404474492761022, -0.0003362738483820632, 7.358677943033525e-05, -0.00011496897363494551, 0.0001918786527195573, -0.00011987576805793503, 4.798737526949446e-05, -1.0365307620977278e-05]]
R->P6
[[0.06157757698175718, -0.10504245206946967, 0.06417907059151058, -0.025808839626062622, 0.005525954675971049, -0.11577376523367941, 0.1974937264983468, -0.12065720993033552, 0.048517535751044255, -0.010384598038345039, 0.09616609335106854, -0.16404576129205387, 0.10020838333746797, -0.04028822630268548, 0.008617006588691894, -0.07033826547177267, 0.11998574185028371, -0.07328374933440024, 0.029457110961826034, -0.006295943013007902, 0.044813961455792604, -0.07644370565423358, 0.046682131607320806, -0.018759164705067145, 0.004006262057340422, -0.024408071650212526, 0.04163414884449178, -0.025419058779008814, 0.010210711225218591, -0.0021781286950492327, 0.011039664347577104, -0.018830266821002285, 0.01149298121158561, -0.004614313274659859, 0.0009827838371037243, -0.0039413939867504865, 0.006722492240142795, -0.004101358752321896, 0.0016455312183419372, -0.0003497374019877525, 0.001000547739044715, -0.0017064553660339947, 0.0010404384019433305, -0.00041702794571798303, 8.833806881081564e-05, -0.00013620652241520904, 0.00023229106772911225, -0.00014145878077437396, 5.660345948393683e-05, -1.1909269450669544e-05]]
P4->P6
[[0.02467284325526516, -0.041821365735162964, 0.025441464815528184, -0.009998930321724296, 0.0021628314610117167, -0.046352409586498826, 0.07856907523066495, -0.047786852823076174, 0.018776732148894006, -0.00405758410813024, 0.03850858330945, -0.0652731813816761, 0.039683154066025454, -0.015584531722757243, 0.003360403420461517, -0.028269042370828893, 0.04791612067183474, -0.029117513160197082, 0.011428259010410483, -0.002457840639281397, 0.018118034214915688, -0.03070953846846361, 0.01865064363674729, -0.007314446473252318, 0.001567733297713434, -0.009927567082275294, 0.01682636249331379, -0.010210052326748521, 0.003999439351277986, -0.0008528319340533216, 0.004499421405103301, -0.007625421195068707, 0.004620754259383838, -0.0018065270664319225, 0.0003822378013387992, -0.001601612345646919, 0.0027138925223959384, -0.0016411700245529148, 0.000639716484170705, -0.00013377609573141786, 0.00040220487773327406, -0.0006813053804997554, 0.0004105644953523026, -0.00015920331323019, 3.262297565613314e-05, -5.304452898542327e-05, 8.976797774156353e-05, -5.3667562921092647e-05, 2.0552050389365995e-05, -4.017624042204712e-06]]
P4->P5
[[0.08434359357262873, -0.14418045167479066, 0.089129632225008, -0.03650076422516052, 0.00835684789337542, -0.15907612750635952, 0.27199146336339725, -0.1681130670990519, 0.06886504470893733, -0.015772047857537188, 0.1332890035838875, -0.22796829124525325, 0.14087371809283056, -0.057724347619157776, 0.013229978291314597, -0.09888769864396305, 0.16912903338339919, -0.10451352239195229, 0.04281852032571774, -0.009816548809016022, 0.06440574130519028, -0.11014592079451054, 0.06806687190212392, -0.027881970251849533, 0.00639041606606741, -0.03616533273540676, 0.06185473549161247, -0.03822495697240372, 0.015660968615586947, -0.00359019625202926, 0.017016010968092077, -0.029103936491901163, 0.01798818103370314, -0.007370727457572076, 0.0016911839926071427, -0.00641647833901547, 0.010974649608765588, -0.006784085570165783, 0.002780014392993375, -0.0006382352594821462, 0.0017776463017716924, -0.00304110839485746, 0.001880572349739472, -0.0007712377713063395, 0.0001774703119559135, -0.0002808754972165869, 0.00048045189970840734, -0.00029747862879087825, 0.00012206559058644356, -2.8279904403925707e-05]]
R->P5
[[0.0649361795654521, -0.11082217168679608, 0.06869094765664872, -0.028081866138805093, 0.006520913703821253, -0.12238433165331063, 0.20892507708574168, -0.12947109105865245, 0.052946479717550725, -0.01229851279941576, 0.1022577188491936, -0.17463431111281374, 0.10819398866007988, -0.04426121029013382, 0.010289094552749125, -0.07543726973297564, 0.12883021691588958, -0.07981894275432104, 0.03264751354236925, -0.007592846098678695, 0.048731755369371264, -0.08321603653890927, 0.051560526577788736, -0.021085189017411687, 0.004902398017382314, -0.0270945842292096, 0.04627213782923046, -0.028670648929049452, 0.011726625236465938, -0.0027268683651008323, 0.012573846560050223, -0.021474258913472957, 0.013308124741755823, -0.005443579150377161, 0.0012670079432751486, -0.004656993240706943, 0.007953417739748695, -0.004929829413318688, 0.002016485367719525, -0.00046958743795857873, 0.001254009490653561, -0.002142074465631242, 0.0013282918549233286, -0.000543659519357679, 0.00012687555846696387, -0.00018284817014406886, 0.0003122892140859962, -0.00019399985566555275, 7.94574010502238e-05, -1.8704422565172346e-05]]
P2->P3
[[0.044494308484236356, -0.07384240196495111, 0.04691388588592991, -0.0186701836101568, 0.004428377535539307, -0.0832868136651946, 0.13832657789786873, -0.08788283493295633, 0.034973288080666215, -0.008297767201365007, 0.06828493030826463, -0.11345758588658918, 0.07211164171302724, -0.02867905408514101, 0.006808995364791269, -0.04878806384654139, 0.08093142780265516, -0.05149186207000782, 0.020449409486761792, -0.004858821772278195, 0.029911833032378897, -0.04950349510616341, 0.031541338546195306, -0.012504839762178643, 0.002975076339012755, -0.015379820000911813, 0.025376834319177456, -0.01620470968060036, 0.0064063737454026215, -0.0015281711255604195, 0.006380698230729939, -0.010463696961060143, 0.00670690144588488, -0.002637019825536202, 0.0006313531954182614, -0.001988395808718213, 0.0032264455598708147, -0.0020813794351654917, 0.0008107876483785299, -0.00019521244959792324, 0.0003911791257935382, -0.0006184114848367391, 0.0004052267399164076, -0.00015411912042223775, 3.7614800259932535e-05, -3.535330642791881e-05, 5.067303589730056e-05, -3.442090673194756e-05, 1.1990906213343802e-05, -2.9643567856281675e-06]]
P2->P5
[[-0.03591263199365921, 0.060664991786967076, -0.03729602769445589, 0.014657001827094441, -0.0032857019573981384, 0.06752050120262941, -0.11399559387999089, 0.07010487112592236, -0.027527991370935697, 0.006164088184526052, -0.055895094625864686, 0.09428952068825242, -0.05800283695381601, 0.02274492374762446, -0.005078653036687632, 0.040331404295462586, -0.06801669613909091, 0.04182516639817866, -0.01638597720234179, 0.0036481611438957057, -0.024939850287398042, 0.04204509744941279, -0.025836703944830803, 0.010102980242813685, -0.0022431595269526428, 0.012947317685684292, -0.02180377255746256, 0.013385546147036438, -0.005212108090905319, 0.0011504764830476358, -0.005445384700345902, 0.009156652547236136, -0.005610847240786117, 0.00217101346050427, -0.0004737575547791083, 0.001705322895809224, -0.0028599775259988158, 0.0017469033345640095, -0.0006681644064130094, 0.00014310278646901682, -0.0003179021551151541, 0.0005284876378794942, -0.00031996869138323746, 0.000117902153747124, -2.372507216525947e-05, 1.0687244567921727e-05, -1.6171731817640712e-05, 8.50365856256415e-06, -1.455861673138861e-06, -4.0638052476364823e-07]]
P2->P4
[[-0.09062284169486813, 0.15473893532211974, -0.09341984047731286, 0.03783198946373032, -0.008220576960263976, 0.1705345983126582, -0.2910628543094127, 0.17572807203947777, -0.0711613887215098, 0.015462014846378323, -0.14163098017974599, 0.24161622105737393, -0.1458584546617983, 0.05907337531967794, -0.012834824287979739, 0.10312556794094925, -0.1759699786316288, 0.10618900092269078, -0.04302387297326278, 0.009349120262322487, -0.06517876519993555, 0.11125324613155847, -0.06710501198228706, 0.027197696830594312, -0.005911333925220261, 0.03513567329044471, -0.059980021132337163, 0.03615512785943507, -0.014660904811233218, 0.0031865927899354485, -0.015682039764867896, 0.026786616386360613, -0.016130485789211835, 0.006547819345398459, -0.0014237023723124814, 0.005503720461591662, -0.009408541247944045, 0.005658136198294172, -0.0023000143108952934, 0.0005006196161814666, -0.0013744324886698488, 0.002352396127094141, -0.0014114831139773383, 0.0005752410349139109, -0.0001254530274559981, 0.0001902843360756401, -0.0003274702198686982, 0.00019593276284790714, -8.034811837680026e-05, 1.767702414777645e-05]]
P2->P6
[[-0.11535473842520637, 0.19665317611714517, -0.12106094048878072, 0.04894677072934667, -0.010856360222844306, 0.21740961305862766, -0.3706311919502654, 0.2281674279435145, -0.09225220582626308, 0.020463507319227324, -0.18145803400784305, 0.30933989263615574, -0.19044111139151607, 0.07699968115760926, -0.017082961986851268, 0.13324713698595544, -0.2271519110871357, 0.13984381729534875, -0.05654206788015285, 0.012545039984270312, -0.08519037526173887, 0.1452272842574508, -0.08940672283870171, 0.03614874837779307, -0.008020313182036831, 0.04663117266073297, -0.07949359927687792, 0.048938557236070976, -0.01978650707298659, 0.004390172617489758, -0.0212280468386819, 0.03618795601659059, -0.0222781383397833, 0.009007244159371257, -0.0019985969927178546, 0.00764306264272359, -0.013029239204415375, 0.00802103038260986, -0.0032429483710055365, 0.0007196358002752867, -0.001972238565300943, 0.003362080046052903, -0.002069800367705934, 0.0008368638255485884, -0.00018576725839758088, 0.00028365208799840486, -0.00048354464169870484, 0.0002977252778643176, -0.00012040594201807884, 2.6759198259924593e-05]]
