==============================
W0_Energy_1
W4->P2
T_min:200.0 K    T_max:3000.0 K    P_min:0.0001 atm    P_max:10.0 atm
[[-33.74101003141538, 1.886053838880775, -0.4314081895323029, 0.08948777642396298, -0.033983397670246565, 38.68722531264304, -0.7550262078794948, 0.5066577303268475, -0.11614647893322004, 0.033328824486783135, -0.66621955418326, 1.6724536882393142, -0.31773694053746393, 0.06837043673587283, -0.040297189490614886, -0.6721931166030045, -0.24989681346948558, -0.08347573605991777, 0.06842990988630641, 0.0072159791349057315, 0.33794681148311834, -0.02851012733259012, 0.14373147349852947, -0.0622541880729111, -0.0014331127661258065, -0.39335390644525886, -0.014654988975756181, -0.08480548531448256, 0.03231690559150882, 0.0034054750375748758, 0.12571154983067404, -0.06784494687256717, 0.07253278606269573, -0.027594012750787766, 0.00031769944884179745, -0.08066856914486437, 0.021913545305563262, -0.014529876527969108, 0.004488785242607572, 0.0006387759680474319]]
P1->P2
T_min:200.0 K    T_max:3000.0 K    P_min:0.0001 atm    P_max:10.0 atm
[[-9.954721941936478, 0.18003064913461353, -0.10254920205854197, 0.0471867489092722, -0.009947986322088652, 0.11139696478531617, 0.04037022296872474, -0.04584422339228649, 0.012369948585528832, -0.007740010381609895, 0.21341720107993045, -0.5199206209308348, 0.34678650582644405, -0.14060155878705252, 0.04127770285652113, -0.15131977946094038, 0.4268715372426838, -0.2852707322696269, 0.11607351319936819, -0.0345534888787153, 0.05050714390427941, -0.1678075086349695, 0.11512262178685644, -0.04634128921201202, 0.014710067984815988, 0.005096819043009624, 0.05850739834252664, -0.04063007800318646, 0.016301589442859934, -0.005330299234963813, -0.0005671902181752876, -0.021496856372132608, 0.014878306771663045, -0.0059599760637814555, 0.0019252615126361067, 0.004971363634054875, 0.004220861454251059, -0.002978907905894478, 0.0011796752431676005, -0.00039505121784922867]]
W4->P1
T_min:200.0 K    T_max:3000.0 K    P_min:0.0001 atm    P_max:10.0 atm
[[-46.72417407042979, 15.184105298291712, -7.319682523195209, 3.029975803922038, -0.6667233455303208, 50.17338571776523, -12.46037794131461, 7.265301155949241, -2.927104975805484, 0.6945185953958946, 0.6160658660768029, -0.5507862630696112, 0.4802294365374628, -0.2745798401216069, 0.04716093883740958, -1.6150266448812556, 1.3516469101168913, -0.9920436083959238, 0.4437785135592886, -0.11842628749031227, 0.5501149165642526, -0.4462708954280238, 0.3389308647292371, -0.15326456883100675, 0.037578168305645025, -0.5049756554748339, 0.29154231401048014, -0.20839480945361058, 0.08731053218128322, -0.021335118180409268, 0.21133819142369722, -0.20163399824318537, 0.1332734175186809, -0.05522300874530717, 0.012828133825193606, -0.09920951885843689, 0.05609340057812165, -0.037952038460000656, 0.015324361180312107, -0.003739504769847489]]
