==============================
B1_Frequencies_1
R1->P1
[[-0.7299295321849789, 1.292874297594163, -0.9603054638989634, 0.5706388788242229, -0.2633517678046633, 0.0853569810045944, -0.016635841809598474, 0.7821419133931891, -1.4653109497430024, 1.0882849424294827, -0.6462932090345166, 0.29806523444803895, -0.09649714069974298, 0.018751585160107324, -0.09539149934610296, 0.13789988978389198, -0.10207680669335394, 0.060391932189863884, -0.02760242869712787, 0.008864627466806463, -0.0016727798820993713, -0.02230500129109611, 0.018300289023387106, -0.013744870835535031, 0.008292180859064743, -0.003907722905961149, 0.0012995441345464672, -0.000252495255811419, -0.004796970534149266, -0.0038715402070365543, 0.0029821087963624172, -0.0019018265386807932, 0.0009627237092585772, -0.0003445357913976057, 8.089774262841975e-05, -0.02529336522184793, 0.03953808970512119, -0.029465888954644633, 0.01758282350821514, -0.00817036037032317, 0.0026699545404995496, -0.0005235533899720645, 0.002892478872029535, -0.008071405833312048, 0.006105559903936653, -0.0037820511836634224, 0.0018376543946310366, -0.0006449652444329606, 0.00014041797843481954, -0.010680864446602501, 0.018442765025526615, -0.013747846935324822, 0.00823450816301939, -0.003838322711632444, 0.0012657843771733414, -0.0002547008505106165, -0.0008214789170815874, 0.0011937982841701486, -0.0007654088962648082, 0.0003220923606144553, -4.583817768766108e-05, -3.378360633823101e-05, 3.093393411081645e-05, -0.00662291939606475, 0.012120792682795487, -0.008932550813117668, 0.0052598126882425645, -0.002373745829880329, 0.0007528476937320343, -0.00013910937042234907]]
P1->W1
[[-4.451336393310157e-05, 9.204549074027816e-05, -7.905160358169919e-05, 5.704916325652458e-05, -2.9239640075832718e-05, 1.1424600472194323e-05, -2.2791652509097672e-06, -0.0009327080084741218, 0.0017028666655576007, -0.001265573998996501, 0.0007582559571807325, -0.00034570314022390805, 0.00011181727541615506, -1.9402070114836807e-05, 0.00248953452760699, -0.004486289038493272, 0.0032664596422027395, -0.0018711195346978614, 0.0008079064526295354, -0.0002370212315895219, 3.7568619233933515e-05, -0.002026187850236896, 0.0036474583638355868, -0.0026382235423351844, 0.0015082879896981317, -0.000649723103131574, 0.00019249197517229338, -3.030648436047879e-05, -0.00109079795851601, 0.0019684131337719527, -0.0014318776207702254, 0.0008251168550214849, -0.0003596107375600418, 0.00010908790384785096, -1.8707850478634067e-05, -0.00033972976716322513, 0.0006348266983964264, -0.0005088372943405528, 0.0003423110153478925, -0.00018361789070843007, 7.213022455701982e-05, -1.6898049250476327e-05, -0.00039384116960808016, 0.0007279617804572304, -0.0005701656570302865, 0.00037175177791596827, -0.00019332916874570082, 7.311877611146775e-05, -1.59425609591607e-05, -0.00205683965917258, 0.0036992192106538673, -0.0026720113834899236, 0.0015164106899390353, -0.0006450580315195519, 0.00018553934268627305, -2.7840378739189236e-05, -0.0010449939415078792, 0.001862153791306265, -0.0013062401627783465, 0.0006990695222618877, -0.0002663218561022137, 6.0975791622958135e-05, -5.242070602706307e-06, 0.006594572615915124, -0.011908652474157198, 0.00870599564239694, -0.005049599713211082, 0.0022233681745561155, -0.0006766697823714288, 0.00011125272045371773]]
==============================
B1_Energy_1
R1->P1
[[-7.889869616797436e-05, 0.00014055766403506584, -0.00010480965764961042, 6.248176417943571e-05, -2.9148124436969734e-05, 9.532899211618997e-06, -1.931297766223344e-06, 6.546750520834135e-05, -0.00012188316932828905, 9.099905078127067e-05, -5.418734896737534e-05, 2.5370573095171013e-05, -8.300147688803873e-06, 1.7155504159855706e-06, 6.410717824491911e-05, -0.00011847998167845485, 8.728640345515491e-05, -5.153882905106942e-05, 2.3217388571972868e-05, -7.365485505214529e-06, 1.2822045039961886e-06, -6.930672644907183e-05, 0.00012455616039812916, -9.203553719183112e-05, 5.461262876419273e-05, -2.4840460404769108e-05, 7.988510328639673e-06, -1.4429376600185407e-06, 6.412522560814279e-05, -0.00011685448448665743, 8.627874638029873e-05, -5.110059060771494e-05, 2.319057165882921e-05, -7.412005412466459e-06, 1.3327095949179182e-06, -5.2222886951856947e-05, 9.466015560419699e-05, -7.013351870151139e-05, 4.180022074885488e-05, -1.9178220123623514e-05, 6.23440275549932e-06, -1.1673794721135421e-06, 2.467050108302968e-05, -4.502697934105328e-05, 3.376688461940707e-05, -2.061137382681108e-05, 9.793971374204911e-06, -3.345134035151924e-06, 6.883022577915846e-07, -2.069511641947034e-05, 3.7851656400824544e-05, -2.8490922660456633e-05, 1.7473008028843395e-05, -8.373551903359178e-06, 2.893883092970688e-06, -6.139903459203705e-07, -1.0937844609721416e-06, 1.893895017107828e-06, -1.20159641774662e-06, 4.4705469466884014e-07, -1.0960669172767616e-08, -9.652947355512119e-08, 7.579160907362627e-08, -1.025170278162631e-06, 1.970791894694201e-06, -1.5516977849121633e-06, 1.039330883811248e-06, -5.643545723313431e-07, 2.3307007283271108e-07, -7.633717348041642e-08]]
P1->W1
[[5.702138671772272e-06, -1.0235819006895556e-05, 7.385779295189388e-06, -4.201970446089698e-06, 1.8073243002059665e-06, -5.351506221152119e-07, 8.485426181314896e-08, -2.8525795944428067e-06, 5.2054024909145225e-06, -3.889104320406461e-06, 2.3307617380623807e-06, -1.0647464508560997e-06, 3.391429299793619e-07, -5.6880600010073885e-08, 9.704683201712811e-08, -2.1941906072131515e-07, 2.4655375785651846e-07, -2.0413795669030072e-07, 1.2143743759338282e-07, -4.5422930753702695e-08, 1.2021099702047364e-08, 2.659913654317581e-06, -4.842788402447925e-06, 3.6247372382051564e-06, -2.1707750348819323e-06, 9.929562535016594e-07, -3.159664943121314e-07, 5.547020881667755e-08, -1.2272405849805869e-06, 2.2476783860889573e-06, -1.7130943950518116e-06, 1.069334527660768e-06, -5.255677872085597e-07, 1.926650010506989e-07, -4.2257489645821197e-08, -3.521739896952267e-06, 6.361310421306758e-06, -4.648278190926144e-06, 2.6935327307090704e-06, -1.184983214475633e-06, 3.6041295310996245e-07, -5.991940194070444e-08, -4.279236236339509e-06, 7.7274797015192e-06, -5.65468825214014e-06, 3.2870777400781417e-06, -1.4528640180926498e-06, 4.4352533718463214e-07, -7.10581278376677e-08, -1.9048694792055837e-06, 3.4285174982119505e-06, -2.485695045348728e-06, 1.4174518268898877e-06, -6.051813969155264e-07, 1.7518460605076416e-07, -2.5352497930012567e-08, 1.5499559754815425e-06, -2.8604574020582943e-06, 2.2353773932389313e-06, -1.4567799574020857e-06, 7.595772731814456e-07, -2.937352904723391e-07, 6.560909636470337e-08, 1.1209781646631285e-05, -2.0258160821976353e-05, 1.4837482969775992e-05, -8.63297951038313e-06, 3.821125228811406e-06, -1.1719213382158518e-06, 1.9559326814440188e-07]]
==============================
B4_Energy_1
R1->P1
[[-1.9955278809187808e-05, 3.553302936871967e-05, -2.57438406795963e-05, 1.4827506192516765e-05, -6.365596211446123e-06, 1.9008151679008775e-06, -2.7498505684071807e-07, 3.649804960708043e-05, -6.684668622039204e-05, 4.824607563563923e-05, -2.7598222825399468e-05, 1.1694777205461472e-05, -3.4221657007726657e-06, 4.6387116203875707e-07, -3.30269355838198e-05, 5.877476166324256e-05, -4.2331162075568785e-05, 2.414438338054817e-05, -1.0169171615144547e-05, 2.950970246667851e-06, -3.845432608957429e-07, 3.17061684368432e-05, -5.783411161439092e-05, 4.1723486055310536e-05, -2.384263761825371e-05, 1.0078244689449598e-05, -2.9360124872777514e-06, 3.855717425674676e-07, -1.872888325424854e-05, 3.334031746883897e-05, -2.3894116412099963e-05, 1.3555726276969043e-05, -5.609348441861364e-06, 1.6020718895234514e-06, -1.777609957707877e-07, 1.3825973298527674e-05, -2.5238976764142138e-05, 1.8050733448329728e-05, -1.0208058969520498e-05, 4.186481147693627e-06, -1.177235441099038e-06, 1.1405315050480372e-07, -1.4783507214318412e-05, 2.6475385953949975e-05, -1.906361908875264e-05, 1.0867089337543153e-05, -4.551189302822686e-06, 1.3182387014583922e-06, -1.5073594695069442e-07, 1.1569334562667515e-06, -2.0990467807754045e-06, 1.085998293643451e-06, -2.422940197874604e-07, -2.4285933644578065e-07, 2.129768184683859e-07, -1.1306967725628682e-07, -1.09751816864756e-05, 1.979990805579011e-05, -1.448952884789056e-05, 8.461385888473274e-06, -3.719907067798392e-06, 1.1487041607541994e-06, -1.684656817754785e-07, -9.847051919781665e-06, 1.7759022791942047e-05, -1.30921947262638e-05, 7.689667086193764e-06, -3.4712949984307188e-06, 1.0912330927883897e-06, -2.0175943001263172e-07]]
P1->W1
[[-0.0014643053030771469, -0.000246083040976258, 0.0001586441308681797, -0.0001249178622458117, 7.406043083052615e-05, -2.8502009543987497e-05, 5.463807777225808e-06, 0.0017988601080249518, -0.0005501613053786222, 0.00044606271268832486, -0.00029197786298534124, 0.00014811800600639683, -5.496668080285443e-05, 1.041008602910979e-05, 0.0005036670793191436, -0.0009044158416607195, 0.0006953179077232953, -0.0004321403908912776, 0.00021427903247680933, -7.410893862709225e-05, 1.3003817951689728e-05, 0.0006773873048333112, -0.0012175355862633483, 0.0008850539389236452, -0.0005128094383340932, 0.0002303955536499887, -7.179855485640687e-05, 1.177700699041257e-05, 0.0009098338470838854, -0.0016420817105900173, 0.0012004421242089597, -0.0007035401900921736, 0.0003181739951036559, -9.996932547023885e-05, 1.6513304232657732e-05, 0.0009793498231537507, -0.0017636242567997701, 0.0012810623182528574, -0.0007429577085030584, 0.00033103319913749924, -0.00010234954802536396, 1.660683894184344e-05, 0.0008867433137212653, -0.0016021774852983017, 0.001176340119980042, -0.0006953478402871191, 0.000317798083623908, -0.00010102757381452426, 1.6819991960395202e-05, 0.0006763761892849235, -0.0012294510428198634, 0.0009205902476819515, -0.0005628833589117527, 0.00026863648114073136, -8.931168152485978e-05, 1.548281837825581e-05, 0.00038260626986355003, -0.0006962914308856193, 0.0005233677662186521, -0.0003224951522157185, 0.00015570052481712703, -5.249764974942327e-05, 9.23704249806396e-06, 0.00019098025869612742, -0.0003658265338716581, 0.00031652754440702737, -0.00023545112513473297, 0.00013621900943854218, -5.288654875500856e-05, 1.0259597749839299e-05]]
==============================
W1_Frequencies_1
R1->P1
[[0.010020501057956606, -0.018216197283940784, 0.013595229033506767, -0.008178633815298608, 0.0038292926393479424, -0.0012743866287367538, 0.0002578616142411091, -0.021550363386093584, 0.039153828788770266, -0.02923392140323615, 0.017574874132802065, -0.008229692160304477, 0.0027361858288109477, -0.0005527511080019021, 0.021109544981118816, -0.03836178837224095, 0.028606808502878864, -0.017184255278113902, 0.008025860152553363, -0.0026626931321357254, 0.0005347960730218419, -0.025598189386378613, 0.0464830399551147, -0.03461522892877472, 0.020733941246273264, -0.009642371444735403, 0.003181176856262433, -0.0006309390024503228, 0.028017316445917265, -0.050856904932399485, 0.03779794381785836, -0.022575506124338823, 0.010444189932007025, -0.003421370343782769, 0.0006684505625131964, -0.031011292703664397, 0.05627166833934835, -0.04178266735616794, 0.024915596552509234, -0.011494777286603907, 0.003753886224351521, -0.0007273427739969291, 0.03275971105632637, -0.05942705099007806, 0.04407104455540951, -0.02622974163112861, 0.012058918002149557, -0.003919744265714306, 0.0007506298275570786, -0.03207093532899096, 0.05816856228259544, -0.04311808821458561, 0.025644382773372453, -0.011772262240932743, 0.0038205979048792516, -0.0007272989978602489, 0.022748627610342145, -0.04125677406413932, 0.030564892506194197, -0.01816413622665982, 0.008326637783431231, -0.0026977318401655813, 0.0005116418082597235, -0.0139858183832451, 0.025364129887802962, -0.018790862081844696, 0.011167590121235048, -0.005118457912569621, 0.0016583601544928942, -0.0003140829563217582]]
P1->W1
[[-1.1179994692801796, 0.3590497204536492, 0.26036984525718443, -0.08293828753479111, 0.03438852612799521, -0.021949351797366918, 0.005619571637834104, -0.9953459135644772, 0.8489174196547138, -0.9361739197728406, 0.5849083513795919, -0.24150640265531245, 0.0946793505766355, -0.018087880448387134, -0.3134747304251276, 0.3678292774494891, -0.3930200483834339, 0.1828532384376847, -0.08950494312934465, 0.026669919620668364, -0.0013197870528768758, -0.1061732768748553, 0.1574274916602009, -0.13922102438634318, 0.06796130729508079, -0.037071539844376285, 0.009272222654797695, -0.002104593396929621, -0.42628673692903185, 0.7627866194855949, -0.5679809758379859, 0.33335016009792584, -0.15343116086192782, 0.04841873074989425, -0.008777401505292251, -0.36828943982484924, 0.6601339571280591, -0.48576384412652174, 0.28285881531005147, -0.12709858964054954, 0.039230187915078533, -0.006390620038363159, -0.35278822115277675, 0.634968978351084, -0.4677661607032557, 0.2742023912678197, -0.12374002663251918, 0.038320760122460926, -0.006138310834608167, -0.3476682905293802, 0.6286706910995782, -0.4655724937036746, 0.2759339368216696, -0.12595196349788274, 0.03959675790733589, -0.006458205771201546, -0.20009041244431824, 0.3620376127270354, -0.26855050515785855, 0.15984635691273283, -0.07339692909361092, 0.023281383635707514, -0.003835585746158947, -0.2598562743432782, 0.47397722745841286, -0.35626425464772427, 0.2160216850267567, -0.10114891323625883, 0.03264575370366545, -0.0054519894195558406]]
==============================
B3_Frequencies_1
R1->P1
[[-0.10747572861105742, 0.07175071212148659, -0.052923192333584675, 0.031128515632892893, -0.014053439735316257, 0.004433551090590005, -0.0007885942119825895, -0.01383342137507573, -0.13081185047932917, 0.09630765704860528, -0.056664693770076074, 0.025492765898792288, -0.008040438655864733, 0.0014133840180542325, -0.0906908772750369, 0.11813092251526729, -0.08697457453215764, 0.051095965870958514, -0.022967440097746223, 0.007221566127546514, -0.0012645825704655097, 0.05130477588083454, -0.08959616996068155, 0.06591968226518573, -0.03866546821628132, 0.017339167915472176, -0.005430647842084346, 0.0009455511654837301, -0.03214023109510299, 0.0710951807348077, -0.05228771947103423, 0.030683441283469493, -0.013752118912748317, 0.0043103283834161525, -0.0007456804201598373, 0.03371748576244236, -0.05124938283555854, 0.03769369746818244, -0.022100407541112654, 0.009900921212536778, -0.003096591088899874, 0.0005342269862598461, -0.014869786576032799, 0.032283721965794106, -0.023709250680473568, 0.013880277961707264, -0.00619265440381209, 0.001929682725294028, -0.0003252010636252727, 0.008113181343076386, -0.012081134012781046, 0.008787362461536904, -0.005053950168013659, 0.002186002858877609, -0.0006489101506294748, 9.204042069037546e-05, 0.0001499816791258096, 0.0007521291040807376, -0.0005549042493568449, 0.00032990773691603264, -0.0001446130846572219, 4.603431998041999e-05, -5.969415147492406e-07, -0.003589250402182827, 0.0070210640476546515, -0.005155742088634914, 0.00301073432594867, -0.0013452314529650345, 0.00041795688407639866, -7.797690843282217e-05]]
P1->W1
[[0.0, 0.0, 0.0, 0.0, 0.0, 0.0, 0.0, 0.0, 0.0, 0.0, 0.0, 0.0, 0.0, 0.0, 0.0, 0.0, 0.0, 0.0, 0.0, 0.0, 0.0, 0.0, 0.0, 0.0, 0.0, 0.0, 0.0, 0.0, 0.0, 0.0, 0.0, 0.0, 0.0, 0.0, 0.0, 0.0, 0.0, 0.0, 0.0, 0.0, 0.0, 0.0, 0.0, 0.0, 0.0, 0.0, 0.0, 0.0, 0.0, 0.0, 0.0, 0.0, 0.0, 0.0, 0.0, 0.0, 0.0, 0.0, 0.0, 0.0, 0.0, 0.0, 0.0, 0.0, 0.0, 0.0, 0.0, 0.0, 0.0, 0.0]]
==============================
R1_Frequencies_1
R1->P1
[[0.2535828651394383, 0.0003034462073671188, -0.00012297372846197953, -3.0195607158078447e-05, 7.547320744999356e-05, -5.145796498384078e-05, 1.1446223886316501e-05, 0.3882687110086546, -0.0056038272730124725, 0.0039554508454098134, -0.0021519221536707676, 0.0008620268678604747, -0.0002237629641318306, 3.1796052381199217e-05, 0.1940826288444743, 0.004526998145091125, -0.0032356585318677814, 0.0018086642018767317, -0.0007647098853204833, 0.00022172145229424202, -3.892650327696004e-05, 0.08002757805686617, -0.009496509834956026, 0.006845048045353652, -0.003868537450267624, 0.001639556285345959, -0.0004709888786957304, 7.289303251676223e-05, 0.022426958224597022, -0.001985461271046151, 0.0015534216981175199, -0.0010070074738785903, 0.0005149109342264288, -0.00018781040251670387, 3.75176030381256e-05, 0.002780768668891516, 0.0019719748541860795, -0.001512562907418637, 0.000953324034482711, -0.0004725211647560111, 0.00016849266864747486, -3.295600252108842e-05, -0.0007653767552049997, 0.001192492644747287, -0.0008863814743891443, 0.000526273035907209, -0.00023802207742360098, 7.657593468912561e-05, -1.323594023234584e-05, 0.002562790054487134, -0.005351462133286026, 0.003954881793177313, -0.0023358229687253677, 0.0010551925813302725, -0.0003346636903868991, 5.4561976201050986e-05, -0.006084011826122384, 0.010768287153433274, -0.008031711485748392, 0.004823450818214047, -0.0022393028981465535, 0.0007386257485630111, -0.0001337460575720584, -0.0008486652198887866, 0.0014411018507557412, -0.0009589437598532745, 0.0004587108880361151, -0.00013469725113968625, 1.1043216417331819e-05, 3.664035447576375e-06]]
P1->W1
[[0.0, 0.0, 0.0, 0.0, 0.0, 0.0, 0.0, 0.0, 0.0, 0.0, 0.0, 0.0, 0.0, 0.0, 0.0, 0.0, 0.0, 0.0, 0.0, 0.0, 0.0, 0.0, 0.0, 0.0, 0.0, 0.0, 0.0, 0.0, 0.0, 0.0, 0.0, 0.0, 0.0, 0.0, 0.0, 0.0, 0.0, 0.0, 0.0, 0.0, 0.0, 0.0, 0.0, 0.0, 0.0, 0.0, 0.0, 0.0, 0.0, 0.0, 0.0, 0.0, 0.0, 0.0, 0.0, 0.0, 0.0, 0.0, 0.0, 0.0, 0.0, 0.0, 0.0, 0.0, 0.0, 0.0, 0.0, 0.0, 0.0, 0.0]]
==============================
B2_Frequencies_1
R1->P1
[[-0.18936882437698466, 0.03378300095721289, -0.02495311502831609, 0.014733401721855688, -0.006698057550188541, 0.0021378882785070986, -0.0003941544494390881, -0.24123497825251336, -0.05283928986570382, 0.03892603130818437, -0.02287602512235377, 0.010310714319109354, -0.003252173724480309, 0.0005779967106288547, -0.1738967680590418, 0.04582244759189811, -0.0337486421925723, 0.01983765781550263, -0.008941320074203913, 0.0028204680246358095, -0.0005035298534884722, -0.0338856262692728, -0.05033502690344824, 0.03705712084562057, -0.02174893750928239, 0.00977907681263521, -0.00306820867151452, 0.0005399400095510136, -0.0390562173856238, 0.03482373043733054, -0.02559325660217606, 0.014979787562759425, -0.006691424925556051, 0.0020835643878943117, -0.0003555369756565537, 0.014396968898003308, -0.03422259347389717, 0.025041011870748885, -0.014537715349869201, 0.0064049111827539345, -0.0019479657742139088, 0.0003179715394473438, -0.016266255822618626, 0.028780047574845584, -0.02101090275047606, 0.012140581307770536, -0.00530159349008037, 0.0015906287434398635, -0.0002486593247947331, 0.006866101847989849, -0.011575061756353717, 0.008344090036409598, -0.004709568921920114, 0.001965095383848557, -0.0005419064809872644, 6.234797392688322e-05, -0.0033970499390850845, 0.00665141675995508, -0.004840672743648136, 0.0027775523318314525, -0.0011931931531112285, 0.0003462400908777854, -4.410945644226056e-05, -0.0007208183782850638, 0.0018586131745071527, -0.0013893503990653967, 0.0008377913088799869, -0.0003993966067207268, 0.00013818888451861113, -3.332472936023736e-05]]
P1->W1
[[0.0, 0.0, 0.0, 0.0, 0.0, 0.0, 0.0, 0.0, 0.0, 0.0, 0.0, 0.0, 0.0, 0.0, 0.0, 0.0, 0.0, 0.0, 0.0, 0.0, 0.0, 0.0, 0.0, 0.0, 0.0, 0.0, 0.0, 0.0, 0.0, 0.0, 0.0, 0.0, 0.0, 0.0, 0.0, 0.0, 0.0, 0.0, 0.0, 0.0, 0.0, 0.0, 0.0, 0.0, 0.0, 0.0, 0.0, 0.0, 0.0, 0.0, 0.0, 0.0, 0.0, 0.0, 0.0, 0.0, 0.0, 0.0, 0.0, 0.0, 0.0, 0.0, 0.0, 0.0, 0.0, 0.0, 0.0, 0.0, 0.0, 0.0]]
==============================
B4_SymmetryFactor_1
R1->P1
[[0.0027292834039756566, -0.007894359902261996, 0.005898923127214813, -0.0035747372407270964, 0.0016752623204870224, -0.0005675962773029123, 0.0001124073401593169, -0.005604425785914809, 0.004982629371493902, -0.003958912956903846, 0.0026901766098309725, -0.001446673841129445, 0.00058746854090482, -0.00014835516333299795, 0.006245259445215459, -0.01613794694962857, 0.012154650986948656, -0.00745838919873589, 0.003569065226618671, -0.0012380974546755547, 0.0002589475955000871, -0.007878353522818508, 0.01077403043792723, -0.008207901266966178, 0.0051513475907941295, -0.0025421399962445527, 0.0009218201182918172, -0.00020714514676514758, 0.004319891515595132, -0.010781733675746608, 0.008203582219245146, -0.0051271167586644135, 0.002519074260191307, -0.0009024155277911583, 0.00019779298683924714, -0.007349011306392835, 0.011401670251065572, -0.008596691803720554, 0.005289231524690755, -0.0025441379460567647, 0.0008897638757714704, -0.0001881904021810566, -0.0006581167628428715, -0.00033893244393073805, 0.0004295080411627739, -0.00046528278536747615, 0.0003584264127992408, -0.0001895162836317488, 6.344332534192575e-05, -0.0007879474677403566, 0.0005041744342348803, -0.0005205820238180936, 0.0004774252440488053, -0.00033761009344989167, 0.00016958169809139415, -5.7110158652052196e-05, -0.004301234972382685, 0.007229094390310012, -0.0052936069456519675, 0.0030649493202822777, -0.0013420488052660457, 0.00040097604089880473, -5.356267338717882e-05, 0.0007126712250491594, -0.0017600839436857651, 0.0013086850408552167, -0.0007767428554382936, 0.0003540784501975781, -0.00011164853311753066, 1.381139497707079e-05]]
P1->W1
[[-0.1169935083858758, -0.14980499977709175, -0.0318638819774352, 0.0009191341845492023, 0.0009506986527560917, 0.0026631052373919752, -0.0010397766907295574, 0.2605904855304599, -0.22014034223305165, 0.24053783777583526, -0.15451136513545652, 0.06332903997990444, -0.025241358855160493, 0.005112421876404706, 0.0931945753149008, -0.11341104517061566, 0.11741362894273726, -0.056817726891132396, 0.027455918629600593, -0.008703663448787542, 0.0006212395657860529, -0.0015555356841084594, 0.012457473331337489, -0.002323883201433214, 0.005565622188714842, -0.000734726790917197, 0.0009658465170017855, -7.201601736656978e-05, 0.09771827184333977, -0.1753173842409561, 0.13141120626856553, -0.07752309276484723, 0.03621209819110115, -0.011584839863295325, 0.0021907979873037873, 0.08724772886543504, -0.15725856966366905, 0.11638365400016427, -0.06838220158854683, 0.031181284216159875, -0.009842195430393236, 0.0016665471213077301, 0.08039566500714344, -0.1453493432266532, 0.1075116131792588, -0.063538397287866, 0.029033327453076158, -0.009171303418077745, 0.001509223274124733, 0.06561564198923825, -0.11912956501221895, 0.08891411372286022, -0.05356133003971493, 0.02505105055030939, -0.008144585174383717, 0.0013842661774515486, 0.04338186584033889, -0.07879509962340485, 0.058768120139556894, -0.03541979303152965, 0.0165629869670854, -0.0054002412210327425, 0.0009236938866931036, 0.04566918843584545, -0.08351914400441121, 0.0636343727035394, -0.039642126343550035, 0.019243469668866742, -0.006502608390573421, 0.0011461591130987382]]
==============================
B1_SymmetryFactor_1
R1->P1
[[-0.18646263198280189, 0.3308946121370992, -0.24551523230674707, 0.14563793062525207, -0.06700281115478403, 0.02162565821818426, -0.004168592222650563, 0.2176940405522762, -0.4051414447435213, 0.3002059365779759, -0.17764799874340748, 0.08138564167028686, -0.026114604493263593, 0.004957585015933344, -0.057457925302073894, 0.09602303841052037, -0.0705698876176367, 0.04121808325140818, -0.018417999927362632, 0.005710074874113994, -0.0009834967176170551, 0.03454709280478029, -0.0672225919310274, 0.04923951385010699, -0.02858676517438506, 0.012639077171505801, -0.003851571563919674, 0.0006336856081928095, -0.03142785088448784, 0.054014788827477525, -0.039559460428147473, 0.022948585667979117, -0.010137461445138128, 0.0030875650675384237, -0.0005060473971339561, 0.021899958858443407, -0.040817963340933204, 0.02979973995892816, -0.017197995861061577, 0.007521555889907697, -0.002254874617653212, 0.00035391994760530657, -0.018549278516834578, 0.03288984085514621, -0.024054700282490148, 0.013902280882807077, -0.006110504917572899, 0.001843004347332489, -0.0002963350037471487, 0.011326763336432564, -0.020583173857178446, 0.015023533761689073, -0.008649702203003831, 0.0037773875450714902, -0.0011260869793280597, 0.0001717690951747065, -0.007245981784428352, 0.013064411115270859, -0.009647369771067761, 0.00567033046212483, -0.0025652828581746896, 0.0008090453288932882, -0.00013836217565830407, -0.00034585449251522645, 0.0006667097481142752, -0.00045718731399103, 0.00024913648320151223, -8.735321534860642e-05, 2.013573256840946e-05, -3.636578585335344e-06]]
P1->W1
[[0.0008630089623777171, -0.0015461093895880456, 0.0011161458118215508, -0.000636589525268735, 0.00027668262991489313, -8.31884502312656e-05, 1.3779968934166453e-05, -0.00014591342193695763, 0.00028243766896273744, -0.0002314270221567658, 0.0001590634226686468, -8.304185496478555e-05, 3.102983823096142e-05, -5.840641424640186e-06, 0.0019681342059354517, -0.003553770258406814, 0.0025988621907109045, -0.0014994044800427813, 0.0006530631505994546, -0.00019398892499812044, 3.157879646590725e-05, -0.0019715048898893282, 0.0035483815442949695, -0.0025693990020513357, 0.0014719384535334037, -0.0006379218718488993, 0.0001915379698568962, -3.09337256771494e-05, -7.494491418906822e-05, 0.00013533615143097863, -9.600590381687976e-05, 5.3353843373123294e-05, -2.1979139664453618e-05, 7.234187344503016e-06, -2.0231947331768425e-06, 0.0003737672764624032, -0.0006562249672654146, 0.0004410836623788296, -0.00021632606944030984, 6.842763128403809e-05, -7.98494006200208e-06, -2.343181927285265e-06, -0.00014651658510525392, 0.0002714172704869498, -0.00021431810708004293, 0.0001419630302593606, -7.516172598662109e-05, 2.8634974726840217e-05, -5.618381318559444e-06, -0.0012062890899314175, 0.0021553348514473667, -0.0015252640691873008, 0.0008322828810756448, -0.0003300070027264165, 8.273427380864268e-05, -8.322684011041973e-06, 0.00011576233169983853, -0.00023459597845451274, 0.00022960546982598302, -0.00019539643385318932, 0.0001305131832848779, -6.152934078001576e-05, 1.5905039543951637e-05, 0.0069946682908618345, -0.012640915014029643, 0.009263390698364519, -0.005396311551659239, 0.0023929102131638458, -0.0007367900525009303, 0.00012378723489997204]]
==============================
colrel_Sigmas
R1->P1
[[-0.22882258428874475, 0.4145107874639632, -0.307841256895327, 0.1828501690690271, -0.08434870312454495, 0.02731654404966147, -0.005323268699585839, 0.2648376752097894, -0.4797191272087003, 0.3560367003981711, -0.21131675215720636, 0.09730705112308517, -0.031458097105468256, 0.006097439231041028, -0.04657354044636228, 0.0843671373792387, -0.06228857539074251, 0.036788252988666385, -0.016723295447326692, 0.005341704460047819, -0.0010014150827000502, 0.02246958711460201, -0.04068908715081193, 0.02998059941546401, -0.017656372615061335, 0.007994999851308783, -0.0025388586657657582, 0.0004780231480133118, -0.024629384990392713, 0.04459601676336706, -0.03282508831462866, 0.01930862143830244, -0.008702353031521587, 0.0027530344022002463, -0.0005012659575280703, 0.013447462566597209, -0.02434593591046201, 0.017862206340953556, -0.01046781475309611, 0.004678133281359975, -0.0014646147313865424, 0.00025899648781791914, -0.015363090569616825, 0.02779532382616148, -0.020426113628017134, 0.011968890228370239, -0.005360926735993759, 0.0016774401171058334, -0.00029429122308971865, 0.004375065538171914, -0.007894088600879798, 0.005725593408287693, -0.0032867261464063326, 0.0014151966789532659, -0.00041846699539101325, 6.20976428998795e-05, -0.0006110833138660626, 0.001114817451084355, -0.0008359186490899501, 0.0005106888067432753, -0.00024168464593813557, 8.440183763239291e-05, -1.5374250514969695e-05, -0.005058789779293083, 0.00915933916575234, -0.006760239557881824, 0.0039860373933460385, -0.0018031645240658175, 0.0005725944093714699, -0.00010242054658851628]]
P1->W1
[[0.3941674212336097, -0.18841286049388523, -0.037521350200930434, 7.018393594149325e-05, 0.0016865213531538452, 0.0031392486326946713, -0.0012665728488013238, 0.32352347418581995, -0.27387459783416324, 0.2986169471289329, -0.1919475603724924, 0.07864809809731246, -0.03134197045694324, 0.0063617892699868225, 0.1157280886646993, -0.14081212482106303, 0.14589029105201162, -0.07072619608179678, 0.03421878750573388, -0.010898801875541469, 0.000794398463179932, -0.007537883772733597, 0.025675589582758, -0.010355340453960147, 0.0113290331979485, -0.0029017718727893543, 0.0018371756414075368, -0.00020299068999980098, 0.12037573136066218, -0.21598083767650322, 0.16203288483445627, -0.09569431185507604, 0.044800807946798686, -0.014376781939117443, 0.0027334543819565495, 0.10797692620051633, -0.19461284293709416, 0.14402860984014376, -0.08462069739869602, 0.03858664059974286, -0.012181501248819225, 0.0020648988434664338, 0.0922871289517564, -0.16688861558160567, 0.12361108069399576, -0.07321390396036245, 0.03358654818983261, -0.010658656255004973, 0.0017610545475019606, 0.08149298877728527, -0.14796335323414556, 0.11044961989659266, -0.0665489606026845, 0.031137992202621586, -0.010132311193515138, 0.0017228802094492821, 0.052961792558599126, -0.09619184322907764, 0.07173905555984222, -0.04323901388515856, 0.020221181489225925, -0.006594420363073415, 0.0011276445077836863, 0.051004173114541335, -0.09339807017934529, 0.07145547667210103, -0.044818613222513334, 0.021949844087986108, -0.007484316354005451, 0.0013277531741508536]]
==============================
W3_SymmetryFactor_1
R1->P1
[[0.13862438572878055, -0.2511693630629822, 0.18650475608022749, -0.11081856133015755, 0.0510889202752131, -0.016555633168485948, 0.0032063359481338633, -0.1653533273360501, 0.29963169203193496, -0.22243292219399724, 0.13217844045773786, -0.06088340607380512, 0.019733692204935593, -0.0038011935634998575, 0.03843274013958374, -0.06972531489758958, 0.05168580882038746, -0.030761759704401117, 0.01411861709486695, -0.00459114847225364, 0.0008649226918675041, -0.027232001754153346, 0.049425199788507124, -0.036689020047466055, 0.021887978591380843, -0.010093123665238323, 0.003302537686016763, -0.0006356400087980622, 0.026000191330955685, -0.04718967541724474, 0.035004872223935765, -0.020867997129200073, 0.009604927159291246, -0.0031350372086340543, 0.0005997809083512808, -0.025150350066419847, 0.04563406498227516, -0.0338187855128023, 0.020130304162127584, -0.00923930645300374, 0.003006236932445382, -0.0005703175975468613, 0.024918327701316696, -0.04518944695308868, 0.033475406041915276, -0.019892085262777564, 0.009120644330461282, -0.0029565099754120198, 0.0005629352386853776, -0.024599200791828795, 0.04461774777812188, -0.03305979073916464, 0.019656916155785884, -0.009015279643111601, 0.002924745001818441, -0.0005541745470410536, 0.012347503267296823, -0.02238445785799976, 0.01656225464020407, -0.009819918594287014, 0.004492435348845726, -0.0014483111266561485, 0.0002772345038897072, -0.004429198110161472, 0.008043471376182262, -0.00598223451093318, 0.003582541702639809, -0.0016668191568828539, 0.0005516307644852295, -0.00011366158620277673]]
P1->W1
[[0.00012674567702879763, -0.00022506856070153358, 0.0001586322552300053, -8.573588154011007e-05, 3.376534732445215e-05, -8.60605839521361e-06, 1.181271272281644e-06, 4.930989602923639e-06, -2.8307118893361134e-07, -1.4046648614991654e-05, 2.349966880177801e-05, -2.0555824935463854e-05, 1.0974039918928188e-05, -2.641064492356129e-06, -0.00014708510705548327, 0.00027037461769810787, -0.0002043188440221244, 0.00012628158730140633, -6.070331265153034e-05, 2.0955205071195744e-05, -3.779901236464934e-06, -0.0004645891603771968, 0.000843064224815642, -0.0006224732327184454, 0.00036855029757783947, -0.00016743487800240195, 5.389354860169504e-05, -9.382195204322171e-06, -0.00035142267021730467, 0.0006356853253480971, -0.0004652347648520155, 0.00027134489164248676, -0.00012024691663661511, 3.7429977673600643e-05, -6.219731599442863e-06, -0.00013464255763417552, 0.0002436593725632029, -0.00017819546603339346, 0.00010420506377999833, -4.608166487232949e-05, 1.4568471847839518e-05, -2.45742317001442e-06, 0.00022760618262661616, -0.00041216991046877583, 0.0003042409085697818, -0.0001788629413539713, 8.087577445652125e-05, -2.5361051214831495e-05, 4.377079405945071e-06, 0.0004598694500972439, -0.0008332950432113277, 0.0006153547279114006, -0.000362789198129111, 0.00016420798709068822, -5.2050014490860895e-05, 9.06977386335522e-06, 0.0003126963918938511, -0.00056664098044739, 0.00041828461861902736, -0.00024637662284989224, 0.00011130104295584552, -3.5172509623012235e-05, 6.11303036920385e-06, 0.00038968157998811495, -0.000708770198123729, 0.0005289871475809241, -0.00031809092592248716, 0.0001482837383632702, -4.939616649212086e-05, 9.20169779801859e-06]]
==============================
B3_SymmetryFactor_1
R1->P1
[[-0.16359544968605375, -0.05121327033359691, 0.03807045068515839, -0.022761416856232456, 0.010533431920508351, -0.003448960139291663, 0.0006667454593922882, 0.05730083316753087, 0.056259210143317785, -0.04209100881615538, 0.025374898775081003, -0.011925081682177574, 0.003980472207633491, -0.0007973504645433496, 0.03658763722968481, -0.04233113570707833, 0.03159569485112325, -0.01899581636018025, 0.00885687616523487, -0.0029285895094477675, 0.0005648419571924922, -0.018242395745278344, 0.04310637967044917, -0.03217842942331948, 0.019361536507997653, -0.009045675515147414, 0.0030016762534938028, -0.0005881288853010772, 0.02400191535397146, -0.03798203119997552, 0.02838504716997793, -0.017104963027134996, 0.00801653340138785, -0.002669813951624548, 0.0005271254096333884, -0.02301832999677662, 0.04478244982178819, -0.03331195278049018, 0.019930242391947038, -0.009228912305985536, 0.003026967401399486, -0.0005807877504367516, 0.016714571959584795, -0.028866908533235088, 0.021596102999157017, -0.01304415134576243, 0.006138538603469194, -0.0020560326398747853, 0.0004148311753513278, -0.010020116728255325, 0.019003292297383078, -0.014282227599612023, 0.00869849955214507, -0.004145922590380812, 0.0014146029456977088, -0.00029624925705828563, 0.004251507902546935, -0.007455764385256815, 0.005645665837868691, -0.0034861221181577665, 0.001700077916773527, -0.0005969514743351715, 0.00013569414845130632, -0.0016686035354645313, 0.0031790049377391364, -0.0023759729775266318, 0.0014377863717757312, -0.0006823333115849443, 0.00023334506447607103, -5.3516231076950476e-05]]
P1->W1
[[0.0, 0.0, 0.0, 0.0, 0.0, 0.0, 0.0, 0.0, 0.0, 0.0, 0.0, 0.0, 0.0, 0.0, 0.0, 0.0, 0.0, 0.0, 0.0, 0.0, 0.0, 0.0, 0.0, 0.0, 0.0, 0.0, 0.0, 0.0, 0.0, 0.0, 0.0, 0.0, 0.0, 0.0, 0.0, 0.0, 0.0, 0.0, 0.0, 0.0, 0.0, 0.0, 0.0, 0.0, 0.0, 0.0, 0.0, 0.0, 0.0, 0.0, 0.0, 0.0, 0.0, 0.0, 0.0, 0.0, 0.0, 0.0, 0.0, 0.0, 0.0, 0.0, 0.0, 0.0, 0.0, 0.0, 0.0, 0.0, 0.0, 0.0]]
==============================
W3_Energy_1
R1->P1
[[-2.975190998413769e-05, 5.3788143358620995e-05, -3.919746485489892e-05, 2.275122980811737e-05, -9.910964822882786e-06, 3.0206583385035446e-06, -4.547370478277927e-07, 8.453282856966718e-05, -0.00015292471765863727, 0.00011215861000993083, -6.561485287847491e-05, 2.9166232880259288e-05, -9.09092166629568e-06, 1.5187491785089665e-06, -0.00011258119386757793, 0.0002037343879955846, -0.00014995619687671195, 8.8098433622265e-05, -3.9580017902102405e-05, 1.2472501414590694e-05, -2.18400678895969e-06, 0.00010119059565814984, -0.00018314070990112916, 0.0001348245908021293, -7.92441672577177e-05, 3.5622889298445395e-05, -1.123726259430516e-05, 1.9696536861883097e-06, -8.482893436079184e-05, 0.00015352799510287804, -0.00011301170299031854, 6.64162152699941e-05, -2.9843595566120647e-05, 9.413552204850061e-06, -1.6437750035931798e-06, 7.502067164889459e-05, -0.00013576837729279697, 9.991701798212977e-05, -5.869383464188019e-05, 2.6348385503623638e-05, -8.29673900548653e-06, 1.4376470860312182e-06, -6.0633365870097545e-05, 0.00010971328359797744, -8.06926205709922e-05, 4.7350651550294795e-05, -2.1209941479128348e-05, 6.659004825011925e-06, -1.1389354069197168e-06, 4.0105469657144816e-05, -7.25571679639767e-05, 5.3334531373737825e-05, -3.126558507600121e-05, 1.3978105946770184e-05, -4.378075051386906e-06, 7.402164570222605e-07, -3.413708764808895e-05, 6.176010983171077e-05, -4.540100173596237e-05, 2.6613168451132245e-05, -1.1896221589773927e-05, 3.72071161667153e-06, -6.266325603299198e-07, 1.3486750412731716e-05, -2.4399180244097484e-05, 1.7922985493199e-05, -1.0497453605698313e-05, 4.6812361004907356e-06, -1.4619987231662995e-06, 2.420559675523799e-07]]
P1->W1
[[-5.148652470786558e-07, 9.341997376714102e-07, -6.929674308471345e-07, 4.123660203657549e-07, -1.890441768285211e-07, 6.124504638264189e-08, -1.0953739485581745e-08, -1.0937875879824307e-06, 1.9847678602307664e-06, -1.4725830724421469e-06, 8.766106021655849e-07, -4.020975151390327e-07, 1.3037429334428875e-07, -2.3328464729822643e-08, -1.1420236850752776e-06, 2.069684419275823e-06, -1.529945455875722e-06, 9.048159359026596e-07, -4.107630825631922e-07, 1.3104912885130936e-07, -2.285669439017619e-08, -1.1173755100721327e-06, 2.024808317390203e-06, -1.496404230590468e-06, 8.845044191854858e-07, -4.0119366373121756e-07, 1.277996767178947e-07, -2.2181402033375405e-08, -8.757974667426097e-07, 1.5865867995294136e-06, -1.1716572433444876e-06, 6.915052022975522e-07, -3.1288997494720825e-07, 9.925908213952522e-08, -1.7043968369482488e-08, -5.216214264422871e-07, 9.463637465247639e-07, -7.020645532397161e-07, 4.175506621827539e-07, -1.912397446503244e-07, 6.179263955929742e-08, -1.0816546581896419e-08, -1.757258203052039e-07, 3.2026566277480204e-07, -2.4094517220907156e-07, 1.4659435448366278e-07, -6.949755110778291e-08, 2.3579326802730818e-08, -4.298401446858463e-09, 3.208013396364078e-08, -5.6833184020967205e-08, 3.8924185810491014e-08, -2.0046758113792272e-08, 6.964848350507454e-09, -1.2130169109769672e-09, 1.0707806367066274e-10, 3.20577256614472e-08, -5.719834262315338e-08, 4.014091770113678e-08, -2.1691005483312136e-08, 8.37633563387127e-09, -1.9809508817280035e-09, 2.834296926552891e-10, 4.4370694844079716e-08, -8.252475174288112e-08, 6.554857733974788e-08, -4.359503179871885e-08, 2.328739767319891e-08, -9.200729789594294e-09, 2.1193212549556333e-09]]
==============================
P1_Frequencies_1
R1->P1
[[0.0, 0.0, 0.0, 0.0, 0.0, 0.0, 0.0, 0.0, 0.0, 0.0, 0.0, 0.0, 0.0, 0.0, 0.0, 0.0, 0.0, 0.0, 0.0, 0.0, 0.0, 0.0, 0.0, 0.0, 0.0, 0.0, 0.0, 0.0, 0.0, 0.0, 0.0, 0.0, 0.0, 0.0, 0.0, 0.0, 0.0, 0.0, 0.0, 0.0, 0.0, 0.0, 0.0, 0.0, 0.0, 0.0, 0.0, 0.0, 0.0, 0.0, 0.0, 0.0, 0.0, 0.0, 0.0, 0.0, 0.0, 0.0, 0.0, 0.0, 0.0, 0.0, 0.0, 0.0, 0.0, 0.0, 0.0, 0.0, 0.0, 0.0]]
P1->W1
[[0.02019644727127862, -0.0014022454255752867, 0.001015472683430986, -0.0005804477740544228, 0.0002498006166687434, -7.416558086828245e-05, 1.1894050007934183e-05, 0.03709742479156005, -0.0005216174607900267, 0.00036401200648780285, -0.00019504684511658656, 7.602822040691274e-05, -1.9586326294639872e-05, 3.0608091555947923e-06, 0.0314482304418427, -0.00014713602351685564, 6.705715846051055e-05, 3.663787406685176e-06, -3.1212892685536784e-05, 2.4168617806682585e-05, -7.710627568745596e-06, 0.021598120549064348, 0.004242524397368025, -0.003101707702817457, 0.0017998831915426708, -0.0007931482470184008, 0.00024196609181119705, -3.994614025454713e-05, 0.014426844295242526, 0.003499283186473389, -0.0025463427688644865, 0.0014649190683051442, -0.0006383135940240535, 0.00019113506172070954, -3.115707798694967e-05, 0.008579413705332873, 0.0024367603969186946, -0.0017751768362147217, 0.0010234604205532959, -0.0004473392440405268, 0.00013479962134049653, -2.1764386788273136e-05, 0.004490430848199654, 0.0014557811044344823, -0.0010752158367752862, 0.0006358817220485466, -0.000288285323178884, 9.208224852710348e-05, -1.5672525086491708e-05, 0.0013252918081545634, 0.001972083356704112, -0.0014474474558716036, 0.0008463884644693215, -0.000376334417563987, 0.00011604318868615307, -1.891751804250461e-05, 1.4232467187845783e-05, 0.0015832951036889452, -0.001143954776398385, 0.0006497028921615505, -0.000274786863137392, 7.70479684229736e-05, -1.0576956098016285e-05, 0.002536390559492805, -0.00414603552441695, 0.003001373555488906, -0.0017094213496286952, 0.0007291127824519137, -0.00021056569881533688, 3.07098704727812e-05]]
==============================
B2_SymmetryFactor_1
R1->P1
[[-0.24523195769677666, 0.030764219133515375, -0.022635302563778083, 0.013289237259400902, -0.005978102362668266, 0.001879974417668742, -0.00033702095385574715, -0.06356144704034304, -0.03153532238718544, 0.022921689568299423, -0.01319743806447972, 0.005712811647692054, -0.0017030223884814766, 0.00025745775082113427, -0.0028668514334889987, -0.00941075157360673, 0.007283146734134632, -0.004562819779625878, 0.002324792802806151, -0.0008379965418561281, 0.00020813347374558643, -0.0020622195373977935, 0.001122423860931173, -0.0011297500486827992, 0.0009196926306315595, -0.000654617765792654, 0.0003049389461656402, -0.00010769204947584063, -0.004747669980245556, 0.007714386134546254, -0.00537682897915178, 0.0028913982478017517, -0.0010563828638595952, 0.00023370260204677983, 1.2981155839516933e-05, 0.003126165292277669, -0.005588017432294403, 0.003810505212071969, -0.0019601715630818747, 0.0006395390172336926, -9.761760787982122e-05, -3.473045769966344e-05, -0.003965516528138087, 0.007351534689258573, -0.005159129627617868, 0.002786712593472562, -0.0010472125143851311, 0.0002421260366170569, 9.437211000570958e-07, 0.0001322633182237899, 0.0001514282689515215, -0.0003140588959685445, 0.000379815667111296, -0.00033539687982569945, 0.00017848628026208524, -6.8346691196018e-05, -0.002657407399838439, 0.005003561907566765, -0.0036311814000959813, 0.002082190374657197, -0.00088429366581169, 0.0002551472388527957, -2.5549324787742547e-05, 0.0005688704410082437, -0.0007687007359393031, 0.000550839737519534, -0.0003060640317427641, 0.00011926854838999243, -2.6683967995971027e-05, -6.4040603962243936e-06]]
P1->W1
[[0.0, 0.0, 0.0, 0.0, 0.0, 0.0, 0.0, 0.0, 0.0, 0.0, 0.0, 0.0, 0.0, 0.0, 0.0, 0.0, 0.0, 0.0, 0.0, 0.0, 0.0, 0.0, 0.0, 0.0, 0.0, 0.0, 0.0, 0.0, 0.0, 0.0, 0.0, 0.0, 0.0, 0.0, 0.0, 0.0, 0.0, 0.0, 0.0, 0.0, 0.0, 0.0, 0.0, 0.0, 0.0, 0.0, 0.0, 0.0, 0.0, 0.0, 0.0, 0.0, 0.0, 0.0, 0.0, 0.0, 0.0, 0.0, 0.0, 0.0, 0.0, 0.0, 0.0, 0.0, 0.0, 0.0, 0.0, 0.0, 0.0, 0.0]]
==============================
B4_Frequencies_1
R1->P1
[[-0.01620578930310417, 0.024884455406144528, -0.018282765976658982, 0.010691878583262355, -0.004796344775771129, 0.0014969004455965954, -0.00027152770246881427, 0.020370974885591777, -0.044904249174126956, 0.032971331913243286, -0.019223306748652146, 0.008597855381529683, -0.002664197385049594, 0.0004775177327726039, -0.02303562340345592, 0.03440076202102813, -0.025257735131372108, 0.014749667248930117, -0.006604662666419717, 0.0020539904021916232, -0.00036984198810662705, 0.014690277531803478, -0.03218319499123261, 0.023618049186774116, -0.0137617468279187, 0.006143089864619219, -0.0018975795945480824, 0.00033727607056148446, -0.01683091350313016, 0.02595440267206837, -0.01908589314069069, 0.011172380632352475, -0.005019135210536595, 0.0015694737320182438, -0.0002844053207978789, 0.010878183410451788, -0.022850722825019577, 0.016712969816321668, -0.009686175529449592, 0.004280319451227193, -0.0013024557701401456, 0.00022658385243060875, -0.013468596225948445, 0.02197830277728822, -0.016094386731349348, 0.009353879084635282, -0.004145900279146179, 0.001272121008346501, -0.00021959509977147377, 0.011263657511663257, -0.021982879487688758, 0.016046353113282952, -0.009276192703182681, 0.00407117681180725, -0.001229783978748691, 0.00019961788531935257, -0.01200788117919644, 0.020824972507589277, -0.015319811113257791, 0.008984286475263321, -0.00403406078297249, 0.0012663048402306724, -0.00021874917370343495, 0.00013557755785809504, -0.001055527725905906, 0.0007805205636894549, -0.0004654111421521203, 0.0002184481088680463, -7.506806121624065e-05, 1.3298560667611815e-05]]
P1->W1
[[-0.018501703650825246, 0.033278312366311305, -0.025118913447397063, 0.014915847052480643, -0.007129786929662328, 0.0023245920591606017, -0.0005123975796466094, -0.029236052111936674, 0.052531095353059956, -0.03970524383129563, 0.02355492378076066, -0.011284986666368376, 0.003675027396151152, -0.0008155046110726898, -0.011720735042855103, 0.020949951960179746, -0.01597095281668464, 0.009445125398485276, -0.004597688219293844, 0.0014943340953189612, -0.0003473674041870514, 0.0020321135590720984, -0.0038264991325567504, 0.002685908540254439, -0.0016460963159776628, 0.0006814406706294236, -0.00022845894080583343, 2.761979582306635e-05, 0.007994118353312818, -0.014510120331535956, 0.010788394659954749, -0.006440126278230527, 0.00299085009271453, -0.0009778349994628258, 0.00019649149459526755, 0.005823449684025936, -0.010522831420488767, 0.007902411224521849, -0.004715766735559154, 0.002237568062848527, -0.0007343696977479417, 0.00015857994184051525, 0.001802602439391908, -0.0032134425278563484, 0.0024918773657571047, -0.001488694370661889, 0.0007543498146058644, -0.00025125762606582127, 6.510795842426145e-05, 0.00033348048185573797, -0.0005488429326380721, 0.0004907929304719524, -0.00028536074459001857, 0.00017998264081906643, -6.013915651260689e-05, 2.2702555691466343e-05, -0.000254557368686377, 0.0004957585811184416, -0.0003223753209284313, 0.0001986422589322242, -6.670378512297078e-05, 2.1671002486639783e-05, 1.1387244989934525e-06, 0.0007041539258022377, -0.0012363136616687666, 0.0009454506683031783, -0.0005394881396377257, 0.00025814979082419156, -7.82983662953814e-05, 1.6829244191432856e-05]]
==============================
W1_SymmetryFactor_1
R1->P1
[[-0.028779726371964014, 0.0520266985470756, -0.03822133094385444, 0.022348752993747095, -0.009978848825851061, 0.0031070720254458848, -0.0005330296992956495, 0.05584832660126714, -0.10096736767015461, 0.07416891034602212, -0.043371053095052216, 0.019364500992551378, -0.006031194462999017, 0.001035511580171695, -0.05432371373136093, 0.0982090795664169, -0.07214746788689845, 0.04218983952565202, -0.018837007194965668, 0.005866574789352272, -0.001005300760734194, 0.04890897585475656, -0.08841969466350699, 0.06493518724997757, -0.03795807203178462, 0.016931612062273674, -0.005266840037041125, 0.0008980864706933613, -0.04396908752926878, 0.07949033765074517, -0.05837396031811727, 0.034121590799283896, -0.015215765598254515, 0.004732964623449543, -0.0008043410613990308, 0.0360174191299434, -0.06511429989358748, 0.047800998879634495, -0.027929959287558592, 0.012441287251045622, -0.0038644475687112543, 0.0006522428203645914, -0.031673577691430026, 0.05726682003772808, -0.04204228554645347, 0.02457158581340589, -0.01094527212329927, 0.0034011969481827706, -0.0005720607632250602, 0.019689605153174236, -0.03559235803482376, 0.026101731700455197, -0.015230050068823059, 0.006761510562438196, -0.0020923190457677954, 0.00034607270997068397, -0.015621962279540309, 0.028245600811655648, -0.020728449334475048, 0.01210951270386928, -0.005385980574662108, 0.0016705101818901423, -0.0002773709582250958, 0.005350406377435427, -0.009669722937172472, 0.007078833886800346, -0.004120199130498346, 0.0018189924668195587, -0.0005590186838309384, 8.94878496552108e-05]]
P1->W1
[[-0.3052479613779753, 0.12287612178691984, 0.05066942374543017, -0.011667898902392112, 0.0041413167248277195, -0.004282135797142793, 0.0012848426568758146, -0.26255741080271927, 0.2247463934548938, -0.2448779228050978, 0.15561875599398026, -0.06397875496571877, 0.025277204857522054, -0.004997937208621513, -0.08162724111160485, 0.09404195154705004, -0.10228483411653795, 0.04791268740100019, -0.02345225571706263, 0.00726822424790183, -0.0003805950822904904, -0.017390917278365135, 0.022444366370874148, -0.022988717026293362, 0.009571163066865156, -0.0059956472354656815, 0.0011800693259273705, -0.00030983519189335543, -0.10466145190340533, 0.18792367565016735, -0.1403383647040214, 0.08258540343829844, -0.0382566241347786, 0.012145702102267637, -0.0022467377827954968, -0.09258756652282255, 0.16679817555379733, -0.12299497176385664, 0.07189359606881766, -0.032469576791666316, 0.010102732862471434, -0.001669191044014787, -0.08870256757524893, 0.16033807916730092, -0.11839310612194161, 0.06978748633692669, -0.031721238999085875, 0.009943837347399988, -0.0016239509448971305, -0.08005830180481846, 0.14511313163561324, -0.10767515555830903, 0.06419274894135861, -0.02952557932987556, 0.009387117843314382, -0.001551317211971645, -0.04809248971153536, 0.08726035667025432, -0.06486631267594632, 0.038860229719364, -0.017995249564217573, 0.00578743017507194, -0.0009754072768646596, -0.05401373193406455, 0.09858168405349321, -0.07462515295303163, 0.045965440779278624, -0.021953300598909445, 0.007265614821144811, -0.0012478158739617187]]
==============================
colrel_PowerOne
R1->P1
[[0.019453562396449797, -0.0353396835416013, 0.02628398821463783, -0.015738003783931746, 0.007292081351307836, -0.0024002144356805293, 0.0004648922822580309, -0.11907068897923229, 0.21578594250191804, -0.16075228751322793, 0.0958569479457277, -0.04458086947168222, 0.014566595133658523, -0.0029046556723541766, 0.08842831027256255, -0.16031717236707782, 0.11931412158826478, -0.07114830923756997, 0.03300551796736988, -0.010780542161934019, 0.002125083783056647, -0.0016902626820750402, 0.0032095917024039036, -0.0024786777442592674, 0.0016778565352434244, -0.0008554651041305442, 0.0003408906894455943, -7.317812411623175e-05, 0.020899450084615433, -0.03795385471020365, 0.028435057291188986, -0.017127246107243033, 0.008092616180218008, -0.002700720931277617, 0.0005621881475872774, -0.025801494313959297, 0.04685076831496338, -0.034841418356707614, 0.020837658195171516, -0.009654177087768945, 0.00317051630161682, -0.0006185073219569515, 0.015859072137429167, -0.028816181849730237, 0.021482703123264085, -0.012898680907947185, 0.006020757096105323, -0.0019947774035020127, 0.0004006286405215838, -0.01883658838555409, 0.034200910238830415, -0.025461014119535427, 0.015241652912276263, -0.0070836567228160785, 0.0023326104587626482, -0.00046174754413058454, 0.010920851857820907, -0.019827597994280313, 0.014726743194139937, -0.00879489929623908, 0.004064706290902963, -0.0013309280127632417, 0.0002604560761852205, -0.00931726845628228, 0.016899252822935446, -0.012541247514891891, 0.007466027132155897, -0.0034378297821451367, 0.001118108975413576, -0.00021469105675991917]]
P1->W1
[[0.3022528276567371, -0.09176155672646846, 0.05612608477944092, -0.045068931043854565, 0.016101855219379235, -0.007022097650861703, 0.0012595567237505545, 0.508636796676567, -0.061703317625351195, -0.02689824129857632, -0.0035243385413125106, -0.003202432697397284, 0.00132156643847553, -0.0009592893436006361, 0.2517856109485628, -0.0065038922178581315, 0.03469889068375365, -0.019173465789055627, 0.006425997829047347, -0.004218932986905233, 0.0005966145287827906, 0.08145861523022102, 0.06825468261880269, -0.030157052562471698, 0.026824640658716647, -0.010533593652457263, 0.0034200029233216744, -0.0009366296841270549, 0.013260265938574989, 0.07219248860083682, -0.04372583324683432, 0.030704188102531893, -0.01189956301008821, 0.004193573516604321, -0.0006428699856082104, 0.015962707068977178, 0.013000774772673751, -0.004140123505345095, 0.00448089747999425, -0.0006246087740043732, 0.00023054581394621465, 0.00011819751791514177, 0.0042746008588726014, 0.0032620054971418955, 0.0020512907733380784, 0.00028171698433235304, 0.0007674193290981013, -0.0002796524991355298, 0.00011164024267693029, -0.009882643653247869, 0.012111444217380862, -0.004498584884062018, 0.0035806348504124896, -0.000691452689280253, 5.006497954290756e-05, 4.1280255502207375e-05, -0.005838292460057237, 0.0046492341385703795, -0.000807264203953606, 0.0009345271403791294, 0.00013332927505188552, -0.00016425164568067974, 5.606555635556676e-05, -0.009770467615180523, 0.0012292263645785617, 0.002979420586540771, -0.0013441610110356828, 0.0014681630990491523, -0.0006934014413415013, 0.00016702123978279415]]
==============================
colrel_FactorOne
R1->P1
[[-0.3003231446127795, 0.5438688608710133, -0.4040437552477149, 0.2398993433905601, -0.11072190556474876, 0.03583159582244118, -0.006993309540534375, 0.3296708179296574, -0.5969911542121021, 0.44307751110819044, -0.2628053949474185, 0.12097150152651086, -0.03904991061518817, 0.007552917824166422, -0.027662313028981755, 0.049967886935073896, -0.03663278690441037, 0.021334838055267147, -0.009482423969687374, 0.002922527860455762, -0.0005051038078955856, -0.0003735803332611406, 0.0008567570643788101, -0.000817203754785718, 0.0007796218265085933, -0.0004973978606133789, 0.0002560266680061553, -5.9561886281226964e-05, -0.0031856750781302187, 0.005629236870012365, -0.003911780726042981, 0.002019963771876473, -0.0007256802332564263, 0.00013292637748966947, 5.606243963254047e-06, -0.011460325551348535, 0.020876176454888106, -0.015623823810907968, 0.009471931960201201, -0.004462147703889669, 0.0015077938500132843, -0.0003026929996418548, 0.009021103854700044, -0.016443341478000598, 0.012272697637806203, -0.007434468226698357, 0.0034801517435779183, -0.0011738171811018947, 0.00023173629177206833, -0.019009255279637153, 0.0345146045337652, -0.025622601061125582, 0.015301469434506002, -0.0070502504597779745, 0.002307837805905853, -0.00043904648170764915, 0.016061697769673845, -0.0291195371914839, 0.021504563541901483, -0.012727336454256147, 0.005779558466339698, -0.0018510910257808523, 0.000337860690897776, -0.01504519267647655, 0.027268149154651096, -0.020144482953049082, 0.011918027421188521, -0.005413864110422816, 0.001733710313789889, -0.0003150753410213524]]
P1->W1
[[0.2666271735930945, -0.007963761508045385, -0.11795736304210049, 0.04585522323646221, -0.022261030454527743, 0.010725697964368052, -0.0023844007984542745, 0.2896869992376683, -0.18343337318369754, 0.21315376247602927, -0.1311175358063193, 0.05207850976332493, -0.023156928942075047, 0.004843164942917111, 0.047277505596182635, 0.020738393246904265, 0.013787430592757952, 0.009124903223303574, -0.0019525485767882833, 0.001201997130272494, -0.0013723278236672221, -0.07427640528940932, 0.1725209790040586, -0.12269132042219484, 0.07738152232463873, -0.03279869393566989, 0.01157512254760794, -0.0018910636471217417, 0.0230329824319335, -0.02829674102280165, 0.022699982538090194, -0.013084874111314376, 0.007142457550121637, -0.0022804202911105385, 0.0006880256377546088, 0.012836059060648872, -0.019082489471557277, 0.015300132654822385, -0.008637674001929845, 0.004258410282560503, -0.001370096886988665, 0.0002847438133752237, 0.004350541893904388, -0.010320442810333941, 0.008795334287758586, -0.004538920848253292, 0.0021324998751801067, -0.0006116728032081206, 8.050486650411796e-05, -0.006588112422879898, 0.005662475208978141, -0.002565788117528868, 0.001698344833729319, -0.0004088821764080764, 4.066274429584769e-05, 4.225761921293429e-06, -0.00031218527526018236, -0.0037135712915079976, 0.003676307345685468, -0.0020491801173628324, 0.0011206410996017309, -0.0004014297856932395, 7.216304890497032e-05, 0.0017983882796365077, -0.011103021532056724, 0.009674909844670915, -0.005639665135649968, 0.0028835144732558787, -0.0010054467109712392, 0.00018841283011777695]]
==============================
R1_Energy_1
R1->P1
[[0.0016578727797568775, 1.513159628162975e-05, -1.1031229798520851e-05, 6.358409732160632e-06, -2.780673978289928e-06, 8.264195346018467e-07, -1.289455857387904e-07, -0.0014413929890304137, -2.987139492452222e-05, 2.1670858323124968e-05, -1.2384823695398835e-05, 5.327666367823939e-06, -1.545177116401296e-06, 2.2629737250979914e-07, -3.1984495192907236e-06, 5.680101063227342e-06, -3.963648594830593e-06, 2.096297374482484e-06, -7.89605659759437e-07, 1.677256845978147e-07, -4.357670361311969e-09, 3.427424682898123e-06, -6.124144619136462e-06, 4.3545523001333e-06, -2.385620099442929e-06, 9.562110794507224e-07, -2.4047353204627196e-07, 2.225782926844997e-08, 4.86959603789814e-06, -8.887908123488929e-06, 6.686814396244814e-06, -4.085703862054575e-06, 1.9395594586935067e-06, -6.575986138021516e-07, 1.283644039869033e-07, -1.1432599606416439e-05, 2.0750508127705073e-05, -1.5403475130796996e-05, 9.187814723913903e-06, -4.216331448223191e-06, 1.368276473671414e-06, -2.478548445916724e-07, -1.9621317258557345e-06, 3.4895922347283043e-06, -2.4351308295314595e-06, 1.2714500600134978e-06, -4.5674081208905597e-07, 8.892255657480839e-08, 2.637595093240658e-09, -1.1936059987467161e-05, 2.1632599334806107e-05, -1.5998303509307393e-05, 9.474278956218862e-06, -4.306155473610915e-06, 1.3724463250118451e-06, -2.449365804589626e-07, -7.610006762655907e-06, 1.3852381039267195e-05, -1.0390879555924139e-05, 6.30295170085447e-06, -2.97689705035607e-06, 1.0101215482436407e-06, -1.9315040503293142e-07, 1.1228144625393794e-06, -2.0851101912345104e-06, 1.6601901310560506e-06, -1.1105901845693937e-06, 5.97893407138196e-07, -2.3502719607237817e-07, 4.903319281536072e-08]]
P1->W1
[[0.0, 0.0, 0.0, 0.0, 0.0, 0.0, 0.0, 0.0, 0.0, 0.0, 0.0, 0.0, 0.0, 0.0, 0.0, 0.0, 0.0, 0.0, 0.0, 0.0, 0.0, 0.0, 0.0, 0.0, 0.0, 0.0, 0.0, 0.0, 0.0, 0.0, 0.0, 0.0, 0.0, 0.0, 0.0, 0.0, 0.0, 0.0, 0.0, 0.0, 0.0, 0.0, 0.0, 0.0, 0.0, 0.0, 0.0, 0.0, 0.0, 0.0, 0.0, 0.0, 0.0, 0.0, 0.0, 0.0, 0.0, 0.0, 0.0, 0.0, 0.0, 0.0, 0.0, 0.0, 0.0, 0.0, 0.0, 0.0, 0.0, 0.0]]
==============================
W3_Frequencies_1
R1->P1
[[0.33058833013493977, -0.599030040401404, 0.44510292104396487, -0.2646784061393059, 0.12226368545461015, -0.039687241956376455, 0.0077479110765940095, -0.34579538954397304, 0.6265666473944366, -0.465638082476164, 0.27694016501542834, -0.12794076545359387, 0.0415517614163025, -0.008098258826650013, 0.018786411581174636, -0.0341990925960939, 0.0256364688124592, -0.015545643285169696, 0.007346690395948771, -0.002482898082599816, 0.0005029688480129587, -0.01429365973878634, 0.026032850738799292, -0.019682281506517407, 0.012041034680865864, -0.00582466555618829, 0.002006621776952863, -0.0004419521389437575, 0.015184754847526686, -0.027621610275435544, 0.02068837225777088, -0.01251337655407923, 0.005903724858149704, -0.0019856337492446118, 0.0004042441958310127, -0.0063359733671029305, 0.011593946074947615, -0.008791339896689697, 0.00544946191685981, -0.0026542220647838965, 0.0009355822676566352, -0.00020409473193887416, 0.00860511897249091, -0.015690590129396553, 0.011880634688192915, -0.007301579437885401, 0.0035463894920778664, -0.0012345223956920469, 0.0002735233133835485, -0.012036081692433307, 0.02188401162013543, -0.016339813089492432, 0.009844253435477061, -0.004607431528825206, 0.0015369002047562258, -0.00030638100074481767, 0.004653504884383739, -0.008452539609484009, 0.006313434148134776, -0.0037997826363095374, 0.0017855119637388119, -0.0005966037814125691, 0.00012690383717712674, -0.009103891974216485, 0.01649778417248191, -0.012200626023169868, 0.007226382270271311, -0.003294478717273261, 0.001059156670102801, -0.00019810740733349546]]
P1->W1
[[0.001377021384017311, -0.0024741696926018544, 0.0017954404895282792, -0.001024630741605067, 0.00044190760103055075, -0.00012996453567285215, 2.0161068247874876e-05, 0.0020569784613783055, -0.003694651576263314, 0.0026839732571781235, -0.0015321665283945499, 0.0006609773837232532, -0.00019384630624079128, 2.9764055024528423e-05, 0.001496407934797902, -0.002691037176179846, 0.00196440360704782, -0.0011289910913654104, 0.0004923913572086892, -0.0001467700022622741, 2.3399048102021038e-05, 4.913155868204222e-07, 2.755012831683226e-06, 6.2476694200041055e-06, -4.207696524055171e-06, 2.924131559095107e-06, 4.52169536377137e-08, -3.0868652852006166e-07, -0.0005363860659341518, 0.000971379885061956, -0.0007051590489137173, 0.0004101929025842432, -0.0001806685087238597, 5.611595788453366e-05, -9.517021578768014e-06, -0.0006558042770871686, 0.0011869672799685131, -0.0008663834274312023, 0.0005055458013856097, -0.0002240267711813581, 6.984694214043578e-05, -1.2113497502998847e-05, 0.0001040625186992994, -0.00018840630250911047, 0.00014305887285073678, -8.605644617425102e-05, 4.071257332925022e-05, -1.2994642853880274e-05, 2.0938915769867747e-06, 0.0008515997627193823, -0.0015434415685168248, 0.0011424379217291967, -0.00067617429130467, 0.0003075138312761849, -9.769673033224391e-05, 1.7094483137531907e-05, 0.0008774955557383128, -0.001592157299427919, 0.0011810878468778928, -0.000702244755552467, 0.0003207713043131806, -0.00010252143589722008, 1.814857202259316e-05, 0.0012728073572348044, -0.0023000431442221354, 0.0016844040941084968, -0.0009810995354396436, 0.00043614069582206566, -0.000135375136600438, 2.342603121099147e-05]]
==============================
P1_SymmetryFactor_1
R1->P1
[[0.0, 0.0, 0.0, 0.0, 0.0, 0.0, 0.0, 0.0, 0.0, 0.0, 0.0, 0.0, 0.0, 0.0, 0.0, 0.0, 0.0, 0.0, 0.0, 0.0, 0.0, 0.0, 0.0, 0.0, 0.0, 0.0, 0.0, 0.0, 0.0, 0.0, 0.0, 0.0, 0.0, 0.0, 0.0, 0.0, 0.0, 0.0, 0.0, 0.0, 0.0, 0.0, 0.0, 0.0, 0.0, 0.0, 0.0, 0.0, 0.0, 0.0, 0.0, 0.0, 0.0, 0.0, 0.0, 0.0, 0.0, 0.0, 0.0, 0.0, 0.0, 0.0, 0.0, 0.0, 0.0, 0.0, 0.0, 0.0, 0.0, 0.0]]
P1->W1
[[0.4332637880687868, 0.001865823979772622, -0.0013760017147796432, 0.0008086574184476285, -0.00036243735651001504, 0.00011182343916027886, -1.8313872108364626e-05, -0.0005058123558884717, 0.0009196245510136126, -0.0006853860564363416, 0.00041285442170435594, -0.00019552291110720623, 6.894713158311115e-05, -1.4014781791714377e-05, 0.0009464895985882787, -0.0017141729759434859, 0.0012644204684701546, -0.0007469981084217172, 0.0003412210259594053, -0.00011130078589167915, 2.1662890234164337e-05, 0.0002495234312556153, -0.0004518545059117106, 0.00033061177996975813, -0.00019323774752312236, 8.444117785412871e-05, -2.53346207796003e-05, 3.6970801927934694e-06, -0.003355695813226452, 0.006058958630252067, -0.004434176748632897, 0.002574993936215138, -0.0011352620201931752, 0.0003464162678454424, -5.656957545190908e-05, -0.000800667421315748, 0.0014288734032477117, -0.0010032278511991676, 0.0005388705015889698, -0.00020583668391035441, 4.680622787286164e-05, -3.5670285746437052e-06, -0.002276048866041095, 0.004131888425342193, -0.003069473313793455, 0.00183037336492875, -0.0008408507081231806, 0.0002726890020646857, -4.836605727334222e-05, -0.0019742660431973516, 0.0035378201697149657, -0.002521260240726554, 0.0013956020262864198, -0.0005676688719261837, 0.00015000115632385686, -1.903994727336187e-05, 0.0014419662706719187, -0.0026017348249530287, 0.0018984604161782236, -0.001096542661341981, 0.0004785847686170091, -0.0001424260387817154, 2.198833404511118e-05, 0.0013447931057579746, -0.002425018366439354, 0.0017666308726130737, -0.0010199304188187428, 0.0004482883456575895, -0.00013837976661513614, 2.453502442359676e-05]]
==============================
colrel_Epsilons
R1->P1
[[-0.04110085923419559, 0.07439810527460762, -0.055027127056239716, 0.03249860373222954, -0.01482565979943849, 0.004741536612142328, -0.0008948886370078486, 0.05125764023812527, -0.09274178395343426, 0.06842935530528949, -0.040276410825131954, 0.018253627876781805, -0.005793625142758281, 0.0010734785436148236, -0.00951925305605848, 0.017144782996786446, -0.012330216403510567, 0.006992592985729315, -0.0029372976738941186, 0.000847088896303836, -0.00011899613898443035, -0.002419857523412133, 0.00447008464842317, -0.0036447832525056097, 0.0024379315817192877, -0.0013561931313257447, 0.0005228225173583157, -0.00013779852749757764, 0.0009932547314502917, -0.0018806271970501576, 0.0016924974314538258, -0.0012569252547372195, 0.0007954245105844218, -0.0003354738377865032, 0.00010195276557561275, -0.003940228961007102, 0.007213035066881759, -0.005594244835211879, 0.003535761055108722, -0.001805789059822067, 0.0006504644966057108, -0.000156612838176767, 0.009869311770607283, -0.017941222042994073, 0.013464218987205491, -0.008143091625284048, 0.003858379025510347, -0.0012926088213560728, 0.00026722070215448644, -0.014468443759418624, 0.026250448310403872, -0.019533848786111772, 0.011667648680853836, -0.005406024021139693, 0.001766457927992869, -0.0003432450496352838, 0.013295086207053554, -0.024108058008253757, 0.017885685654513702, -0.010637031364277927, 0.0048881010611983656, -0.0015818614460099102, 0.00029909226179992634, -0.009253543755290262, 0.01677333728379249, -0.012427363724560173, 0.007375028549052203, -0.003375826248512301, 0.001087496860127764, -0.00020279320270713254]]
P1->W1
[[0.04612217356509831, -0.015992927357094355, -0.019510555584366034, 0.008626856791500052, -0.003367054708798903, 0.001896100980857354, -0.00045963500510510656, 0.007930917807217755, -0.015748658041106124, 0.03839356288402457, -0.023612200262004536, 0.009284359560778126, -0.004152696468587982, 0.0009350544610199819, -0.00028481571461617814, -0.01135828811255595, 0.013745634398311328, -0.004896850349098151, 0.0027077921065180857, -0.0006937849780162076, -7.571798273326669e-05, -0.011255857305192183, 0.018758565667219385, -0.01580454781337012, 0.009438933905871586, -0.003976917496305056, 0.0014573028640084283, -0.0002087571831421464, 0.015737815934036913, -0.027683054792412877, 0.01992397608163945, -0.012141708112500664, 0.005536661857978978, -0.0018084774870108416, 0.00035268775084560175, 0.010397988862882925, -0.018226859687459563, 0.013519834792183513, -0.007973867790780995, 0.0035703169301701107, -0.0011395856044874317, 0.00018272619594302165, 0.003053016751158789, -0.004887188305590726, 0.0034995824816240885, -0.0019610362845769846, 0.0008268407922356878, -0.0002203555535790539, 1.7709788802246556e-05, 0.002521794578477825, -0.003998892125945386, 0.0030269630795070872, -0.0019709718979623475, 0.001011690263204893, -0.0003660536920958142, 6.984678087708903e-05, 0.002607008466112353, -0.004299510675984608, 0.0031651754211684106, -0.0019253042249237795, 0.0008963723200105457, -0.0002873808323609384, 4.471730474231794e-05, 0.004831252814884865, -0.00860883221243079, 0.006528629192221797, -0.0040136466383939575, 0.0019168150316563287, -0.0006411180938897519, 0.00011333161432701618]]
==============================
B2_Energy_1
R1->P1
[[-0.0008459996636205721, 0.0002234718606560555, -0.0001651038932717109, 9.745661840434878e-05, -4.430403516623132e-05, 1.4111245699197327e-05, -2.5985362921468464e-06, 0.000615341622408878, -0.0003189287138881267, 0.00023502389023986485, -0.00013815391340671085, 6.231728123301984e-05, -1.9638090093997747e-05, 3.5100507187373416e-06, 2.7911930182115348e-05, 0.0001594071599894467, -0.00011657862102330173, 6.771922176522132e-05, -2.9827728721060946e-05, 9.098828898757441e-06, -1.4645041891468956e-06, 7.654320284375324e-05, -0.00012188383220637468, 8.895469971515583e-05, -5.151219459614308e-05, 2.251911188586022e-05, -6.793047335140332e-06, 1.0411130271862437e-06, -5.071126127857075e-05, 9.184420843304965e-05, -6.678235885955415e-05, 3.8403505658194615e-05, -1.6590716695977907e-05, 4.914426645914901e-06, -7.214815674292381e-07, 2.971775486050906e-05, -5.265741877535792e-05, 3.808524984576649e-05, -2.1701118702951607e-05, 9.192635084326443e-06, -2.6344391466962035e-06, 3.367182360274095e-07, -2.521469676288306e-05, 4.54236370287179e-05, -3.284842552175399e-05, 1.8688102216729253e-05, -7.907382777660352e-06, 2.260637111163283e-06, -2.832657179717175e-07, 1.6699961630124428e-05, -2.961886562562278e-05, 2.13870666632027e-05, -1.2132695565061266e-05, 5.1053584546440615e-06, -1.4371764977494945e-06, 1.5775901778114862e-07, -2.34797025326991e-05, 4.227301751610501e-05, -3.111067678881072e-05, 1.825046429396606e-05, -8.159650919430348e-06, 2.5388949396822185e-06, -4.0095397818523465e-07, -4.443107007732772e-06, 8.183397320946e-06, -6.054796973817752e-06, 3.5992421002817147e-06, -1.654543423398997e-06, 5.443893698699881e-07, -1.163571084818589e-07]]
P1->W1
[[-0.0004243491702754069, 0.0007855720590065395, -0.0006083051597182637, 0.00038444120682613105, -0.0001863860805595083, 6.113783974957797e-05, -1.014416318259779e-05, -0.0004070814586613255, 0.0007618427432996002, -0.0006051322765689896, 0.0003979744605345373, -0.00020227547342091016, 6.934644960535584e-05, -1.1907433459151484e-05, -0.0007297488920427871, 0.0013410835411929657, -0.001020218697522859, 0.000631555502592249, -0.0003009258664304975, 9.746721353947693e-05, -1.6001753596691815e-05, -0.00029097231083540865, 0.0005324740023861418, -0.0004006364611059247, 0.00024886125616876953, -0.000121712130700234, 4.080499585797239e-05, -6.854309720617961e-06, -0.0005430291380197137, 0.000989230729969407, -0.0007359107716934928, 0.00044440391802697964, -0.00020793566943051663, 6.656389376465196e-05, -1.0800344824061472e-05, -0.0003805947491502832, 0.0006958107614835866, -0.0005221797185055296, 0.0003210781680822972, -0.00015410147304711748, 5.055459108366782e-05, -8.340341365481158e-06, -0.0005267487606930568, 0.0009691486055197306, -0.0007389004054063791, 0.00046010881820758245, -0.00022127948290232423, 7.23326237037991e-05, -1.1952322921667528e-05, -0.000722068103889024, 0.0013278652257794194, -0.0010118438934036615, 0.0006259311680754288, -0.0002967941474101157, 9.541856253488324e-05, -1.5570793545990283e-05, -0.00035496554594719305, 0.0006581192884453294, -0.0005116445980544984, 0.00032578153684612954, -0.00015944170121139848, 5.275509245260257e-05, -8.816043239176293e-06, -0.0010644438786040697, 0.0019464234054810054, -0.0014628689889268367, 0.0008825102137565767, -0.00040436247913264037, 0.000125499257676704, -1.9923025704827304e-05]]
==============================
B3_Energy_1
R1->P1
[[-0.0006631871290179655, -0.00037157965399273575, 0.00027591457474289736, -0.00016414476557457554, 7.566774896290079e-05, -2.4568332541119342e-05, 4.738021585159348e-06, 0.0006536396092810511, 0.0004985923210654667, -0.00037047632931512314, 0.0002207408055777603, -0.0001019229087864929, 3.319986081327024e-05, -6.41147196953722e-06, 3.572777544493165e-05, -0.00024036540096656386, 0.00017846992735974444, -0.00010640374206847074, 4.90002240781062e-05, -1.5965632420797833e-05, 3.029957572082416e-06, -0.00011442523201671498, 0.00019681013774718172, -0.00014625259134764884, 8.739379372611707e-05, -4.036278592728008e-05, 1.3221323598068432e-05, -2.530034550164835e-06, 0.00011319420046345057, -0.00020563375745007455, 0.00015262620437103412, -9.101388934511496e-05, 4.189837615715917e-05, -1.3654539406030325e-05, 2.5876014028109576e-06, -0.00011637232102180689, 0.0002109276733313831, -0.00015627273535780871, 9.291831603319375e-05, -4.256458538936249e-05, 1.3784503367931815e-05, -2.576078071063836e-06, 0.00010385557100614921, -0.00018866736453151744, 0.00013974506880579736, -8.304587789500395e-05, 3.801403292055769e-05, -1.2289713329639528e-05, 2.2946537934703424e-06, -8.779936189278907e-05, 0.00015924460437806028, -0.0001179335011992803, 7.007744404571212e-05, -3.206609957952809e-05, 1.0371628851742407e-05, -1.9393953304217125e-06, 4.2723778176251096e-05, -7.77366762260769e-05, 5.7461768123724366e-05, -3.4051726895067626e-05, 1.5520206820243142e-05, -4.99860031617331e-06, 9.427467273124585e-07, -3.0672202675857624e-05, 5.588665915924002e-05, -4.1312223102353236e-05, 2.4479093994415066e-05, -1.1154550739512096e-05, 3.593644937915947e-06, -6.765774937550534e-07]]
P1->W1
[[-0.0004243491702754069, 0.0007855720590065395, -0.0006083051597182637, 0.00038444120682613105, -0.0001863860805595083, 6.113783974957797e-05, -1.014416318259779e-05, -0.0004070814586613255, 0.0007618427432996002, -0.0006051322765689896, 0.0003979744605345373, -0.00020227547342091016, 6.934644960535584e-05, -1.1907433459151484e-05, -0.0007297488920427871, 0.0013410835411929657, -0.001020218697522859, 0.000631555502592249, -0.0003009258664304975, 9.746721353947693e-05, -1.6001753596691815e-05, -0.00029097231083540865, 0.0005324740023861418, -0.0004006364611059247, 0.00024886125616876953, -0.000121712130700234, 4.080499585797239e-05, -6.854309720617961e-06, -0.0005430291380197137, 0.000989230729969407, -0.0007359107716934928, 0.00044440391802697964, -0.00020793566943051663, 6.656389376465196e-05, -1.0800344824061472e-05, -0.0003805947491502832, 0.0006958107614835866, -0.0005221797185055296, 0.0003210781680822972, -0.00015410147304711748, 5.055459108366782e-05, -8.340341365481158e-06, -0.0005267487606930568, 0.0009691486055197306, -0.0007389004054063791, 0.00046010881820758245, -0.00022127948290232423, 7.23326237037991e-05, -1.1952322921667528e-05, -0.000722068103889024, 0.0013278652257794194, -0.0010118438934036615, 0.0006259311680754288, -0.0002967941474101157, 9.541856253488324e-05, -1.5570793545990283e-05, -0.00035496554594719305, 0.0006581192884453294, -0.0005116445980544984, 0.00032578153684612954, -0.00015944170121139848, 5.275509245260257e-05, -8.816043239176293e-06, -0.0010644438786040697, 0.0019464234054810054, -0.0014628689889268367, 0.0008825102137565767, -0.00040436247913264037, 0.000125499257676704, -1.9923025704827304e-05]]
==============================
R1_SymmetryFactor_1
R1->P1
[[0.43639005668901865, -0.0037682145015892807, 0.002724617414557047, -0.0015405630013346722, 0.0006422839827071234, -0.00017663056261648717, 2.0009366437172527e-05, -0.0052306541039627286, 0.009443528160008765, -0.006914252857027736, 0.004007337845970425, -0.0017513067474640342, 0.0005237443739497389, -7.831234280244789e-05, 0.004612024424663269, -0.008325317874523624, 0.006086549271803953, -0.003518055315102114, 0.001529754321668623, -0.0004521329258653086, 6.620747644885403e-05, 0.0030158087516280164, -0.005457976509530861, 0.00401715660471512, -0.002361836485924817, 0.001065089176959391, -0.0003376951391145503, 5.987469239389285e-05, -0.008649017789142514, 0.015633782577538325, -0.011475850032340208, 0.0067022383314599065, -0.002981894128814334, 0.0009228163020455016, -0.00015539186474365117, 0.00507643535061509, -0.009170261669183838, 0.006713487900469027, -0.0039016418917403595, 0.0017228822336091258, -0.0005245886179545867, 8.641821165136971e-05, -0.00952785552449703, 0.017191718094951236, -0.012546057460234433, 0.007243794299949655, -0.0031630643766338068, 0.0009478947596542774, -0.00014966524568578915, 0.0031653882984373693, -0.005704344174121247, 0.004148608769285585, -0.002378517356639998, 0.001024798676464877, -0.0002994359325337366, 4.223140618013386e-05, -0.0073795216178734165, 0.013348886418527158, -0.009822996710549982, 0.0057591325654350696, -0.0025770416729711735, 0.0008035708261103134, -0.00013335042249585356, -0.003474740764337214, 0.0062835949257293395, -0.004608875126176391, 0.0026928364656671005, -0.001200056347178464, 0.00037420951778644796, -6.692026431064836e-05]]
P1->W1
[[0.0, 0.0, 0.0, 0.0, 0.0, 0.0, 0.0, 0.0, 0.0, 0.0, 0.0, 0.0, 0.0, 0.0, 0.0, 0.0, 0.0, 0.0, 0.0, 0.0, 0.0, 0.0, 0.0, 0.0, 0.0, 0.0, 0.0, 0.0, 0.0, 0.0, 0.0, 0.0, 0.0, 0.0, 0.0, 0.0, 0.0, 0.0, 0.0, 0.0, 0.0, 0.0, 0.0, 0.0, 0.0, 0.0, 0.0, 0.0, 0.0, 0.0, 0.0, 0.0, 0.0, 0.0, 0.0, 0.0, 0.0, 0.0, 0.0, 0.0, 0.0, 0.0, 0.0, 0.0, 0.0, 0.0, 0.0, 0.0, 0.0, 0.0]]
==============================
W1_Energy_1
R1->P1
[[4.573011707129753e-05, -8.311187443031865e-05, 6.200233735819274e-05, -3.7292541364044916e-05, 1.7433332806005333e-05, -5.8207786103462556e-06, 1.1587824153619891e-06, -9.043381529672222e-05, 0.00016435755332008304, -0.00012261848215955898, 7.375482988182893e-05, -3.44841242621837e-05, 1.1515572861905559e-05, -2.2948069217986666e-06, 8.476509621074954e-05, -0.00015405767030680562, 0.00011495490249309723, -6.916146276324745e-05, 3.235418627524739e-05, -1.0811110362715425e-05, 2.159923627338645e-06, -8.049020368616153e-05, 0.00014627575506246312, -0.00010914087081083847, 6.564828214579888e-05, -3.070765818311386e-05, 1.025666520591677e-05, -2.0526858045121975e-06, 7.537036811424944e-05, -0.00013694773920270374, 0.00010214374636676309, -6.139461607147915e-05, 2.8691364098508684e-05, -9.567889602797092e-06, 1.9139523669148303e-06, -7.143156057846435e-05, 0.00012975421041981386, -9.670401742423365e-05, 5.804395248854907e-05, -2.7069302642301635e-05, 8.998001615084012e-06, -1.7931186721338018e-06, 6.650241603629287e-05, -0.00012076290180458914, 8.992095973682944e-05, -5.3885563838848315e-05, 2.506712261605828e-05, -8.300863661671087e-06, 1.6452412077934012e-06, -5.685619516447397e-05, 0.00010321970191268537, -7.680033250005085e-05, 4.596154632874159e-05, -2.1336437958871206e-05, 7.043065149806843e-06, -1.3895409252473405e-06, 3.9939215820703795e-05, -7.249525301685735e-05, 5.39135463390894e-05, -3.223647672259208e-05, 1.4944742280798447e-05, -4.9228776101369845e-06, 9.685118738829504e-07, -2.2037583750441993e-05, 3.999711182595147e-05, -2.9739373297055713e-05, 1.777458973282203e-05, -8.236169337580017e-06, 2.7105196512664253e-06, -5.333266908797517e-07]]
P1->W1
[[-0.00010860553133985048, 4.824415652581972e-05, 1.2785358263494609e-05, -1.569321658903394e-06, 1.0280954685892766e-06, -1.5573875962533177e-06, 5.138785603160411e-07, -9.641515979735642e-05, 7.563435197702472e-05, -7.458696669695101e-05, 4.897123883275242e-05, -1.9218426865436432e-05, 7.32211579539135e-06, -1.4353887580146646e-06, -4.7824951705218906e-05, 4.038823475882114e-05, -3.444336585269933e-05, 1.7529361103848498e-05, -7.1470881655416664e-06, 1.8251160079600473e-06, 5.077182182033093e-08, -2.9541825178384275e-05, 3.327787617343804e-05, -2.3322887152587735e-05, 1.2964391699494554e-05, -5.538287050027562e-06, 1.243427098862225e-06, -1.6787504331390674e-07, -4.6674274354619054e-05, 5.946531448250519e-05, -4.019849175746449e-05, 2.422912330022777e-05, -1.021890988626955e-05, 2.882823190828421e-06, -4.574949244913656e-07, -4.837399843887525e-05, 6.500126172849348e-05, -4.412188326486098e-05, 2.630978913921441e-05, -1.0947407184210024e-05, 3.0666320390454673e-06, -4.3100430753817836e-07, -4.8682357746789616e-05, 6.076828062196215e-05, -4.044527805020573e-05, 2.45598180511764e-05, -1.0148010862068882e-05, 2.82413896574507e-06, -3.80214715622002e-07, -4.9244568884629594e-05, 5.830568180643412e-05, -3.8138356166508714e-05, 2.332613710575056e-05, -9.471455497957313e-06, 2.5685453118666873e-06, -3.2857581922273994e-07, -2.352226971072487e-05, 2.46927353251633e-05, -1.5495330013357417e-05, 9.77354397933697e-06, -3.889821090840318e-06, 1.0264190167416207e-06, -1.2226003595521362e-07, -3.558945131827676e-05, 3.350176689478498e-05, -2.039107462330039e-05, 1.3316513244283746e-05, -5.229110830688741e-06, 1.3425434590908096e-06, -1.3785919150684797e-07]]
==============================
P1_Energy_1
R1->P1
[[0.0, 0.0, 0.0, 0.0, 0.0, 0.0, 0.0, 0.0, 0.0, 0.0, 0.0, 0.0, 0.0, 0.0, 0.0, 0.0, 0.0, 0.0, 0.0, 0.0, 0.0, 0.0, 0.0, 0.0, 0.0, 0.0, 0.0, 0.0, 0.0, 0.0, 0.0, 0.0, 0.0, 0.0, 0.0, 0.0, 0.0, 0.0, 0.0, 0.0, 0.0, 0.0, 0.0, 0.0, 0.0, 0.0, 0.0, 0.0, 0.0, 0.0, 0.0, 0.0, 0.0, 0.0, 0.0, 0.0, 0.0, 0.0, 0.0, 0.0, 0.0, 0.0, 0.0, 0.0, 0.0, 0.0, 0.0, 0.0, 0.0, 0.0]]
P1->W1
[[0.0016660691843556046, 3.1392497258579245e-07, -1.3251978008198667e-07, -2.8729867167443472e-08, 9.205487980823363e-08, -7.29140348539835e-08, 2.571722259138831e-08, -0.0014541823197445505, -6.802533076878029e-06, 4.833331519376126e-06, -2.650670074123215e-06, 1.043430598329356e-06, -2.473389675878054e-07, 1.2749492432439367e-08, 5.4690279243804225e-06, -9.913175932246654e-06, 7.332150672358066e-06, -4.341808983216843e-06, 1.9804508775783265e-06, -6.409912451309256e-07, 1.1958244083593713e-07, -9.247539100017126e-07, 1.6643764096410339e-06, -1.2063639076168749e-06, 6.914396393933378e-07, -3.020956910471315e-07, 8.896509911497979e-08, -1.625938337711255e-08, 3.734093061808313e-06, -6.6791610126545514e-06, 4.736778989637635e-06, -2.587720809661736e-06, 1.0194430484148173e-06, -2.442149026192671e-07, 2.2071756926937617e-08, 3.824768426675729e-06, -6.966823595174576e-06, 5.241234882343755e-06, -3.1912905523725758e-06, 1.5170062518421347e-06, -5.210240061148003e-07, 1.0170567924110782e-07, 7.704361357975575e-06, -1.3789443783054231e-05, 9.813129621566777e-06, -5.411330192689841e-06, 2.1830344416589302e-06, -5.669180555264835e-07, 6.653983571628719e-08, -1.4100525656936282e-05, 2.5440872540837976e-05, -1.8555271247788124e-05, 1.071666162485703e-05, -4.684542233722642e-06, 1.4067850436300486e-06, -2.2278992373357128e-07, 1.0724412869873192e-05, -1.9398012021628003e-05, 1.4259569229667978e-05, -8.349756471527078e-06, 3.7308403158386483e-06, -1.1575827539548212e-06, 1.9151399912194876e-07, -1.0268840597898116e-06, 1.9064959705485327e-06, -1.5071912645271376e-06, 9.895629189128709e-07, -5.101854276112315e-07, 1.8560915571394537e-07, -3.481509360102703e-08]]
