==============================
B1_Frequencies_1
P0->P1
[[-0.9767966461706299, -0.003653585016951063, 0.005541299740897441, 0.0008343644195154782, -0.3222812048865002, 0.012581268735167583, -0.011599226622654056, 0.0001845137291215337, 0.034895796275330265, -0.015821454807060393, 0.009596280205759393, -0.002269353065948653, 0.0905969026203677, 0.0049081926526638835, -0.002420792578922888, 0.0009429131035609713, 0.08640027532129355, 0.0023643547358303003, -0.0012996111436902197, 0.0003723689512623924, 0.05779704626399591, 0.0017834882169352126, -0.0009409012294008311, 0.0003118687785666536, 0.03172588515988417, -0.0032133810050372982, 0.0016894953518716434, -0.0005190540046899199, 0.01768332898830649, -0.0007689293450659647, 0.00036287995930782966, -0.00019510462456678288]]
==============================
B1_Energy_1
P0->P1
[[-0.0008984794680716689, -0.00014257606100015276, 8.168366962128617e-05, -2.318364349500748e-05, 0.0005827119852818565, 0.00021830770858493118, -0.00012471729236053389, 3.565035700443977e-05, 0.000267851310659366, -9.19484350541424e-05, 5.18695624864674e-05, -1.5310672334494838e-05, 2.449250885384099e-06, 1.8475834468091206e-05, -9.840811041571004e-06, 3.2827111846121146e-06, -9.794968718165928e-06, -4.119362260958842e-06, 1.939974022406803e-06, -7.96276688542267e-07, -6.708506222220478e-06, -3.3789865986379433e-07, 2.418360690602321e-07, 9.420570413663772e-09, -5.775213536490619e-06, 5.533756067560683e-06, -2.89047386890128e-06, 9.849896190774654e-07, -9.61797490566665e-07, -8.641489466005413e-07, 3.31568075612298e-07, -2.889126103262154e-07]]
==============================
P1_Energy_1
P0->P1
[[0.0, 0.0, 0.0, 0.0, 0.0, 0.0, 0.0, 0.0, 0.0, 0.0, 0.0, 0.0, 0.0, 0.0, 0.0, 0.0, 0.0, 0.0, 0.0, 0.0, 0.0, 0.0, 0.0, 0.0, 0.0, 0.0, 0.0, 0.0, 0.0, 0.0, 0.0, 0.0]]
==============================
colrel_Epsilons
P0->P1
[[0.00034027986581193265, -0.00023675415680496644, 0.00030905308892709756, -5.132478698907833e-06, -0.0008913991149961425, 0.001004675758692328, -0.0008044751031888365, 0.00011715627327703235, 0.001247519236227716, -0.0019225563736988004, 0.0011184033982725862, -0.00030152947003574793, -0.0001125411097789805, 0.00018987130633025555, -0.00010355357494015049, 3.7462048471658485e-05, -0.0010826361442232708, 0.0017970740814527361, -0.0009650071384384667, 0.00028567562587896757, -0.00014171062498833254, 0.00023478618952390532, -0.00011983921378598028, 3.2920725889747836e-05, 0.0013896409469939608, -0.00231114653816266, 0.0012273616781178281, -0.0003592558654540045, -0.00015726859249926594, 0.00025138591269196955, -0.00013413570275149314, 3.202772279332308e-05]]
==============================
B0_SymmetryFactor_1
P0->P1
[[-0.1428539225244069, -0.003230588471313279, 0.001187642808737691, -0.0008132446566832143, -0.06330751606364603, 0.003954089878747582, -0.0013308477876584868, 0.0010641805004896734, -0.06858175522830694, -0.000829625907279753, 0.00018618176560064066, -0.00027292731386644836, -0.03392348323095692, -1.1069942409100954e-05, 7.803398922543132e-08, -1.1658529736362861e-05, -0.014599786009037006, 0.0002435979143216559, -0.00011437265669676775, 5.2352904821132966e-05, -0.005367979294618716, -0.0003542981269504197, 0.00019075805169633237, -5.60558998193841e-05, -0.0020720767699637173, 0.0003624645535553, -0.00019230183370880973, 6.000668380321392e-05, -0.00018901458909573488, -0.0002946407315310959, 0.00015776501337498442, -4.536493408068122e-05]]
==============================
W0_Frequencies_1
P0->P1
[[-0.0141147535088909, 0.017202314099123314, -0.012370328109027258, 0.0016070250901535433, 0.02417865898147479, -0.03169412047199888, 0.021304888227221312, -0.0036130668423464693, -0.013556100549681649, 0.020596668889710113, -0.01209541957429896, 0.0031281510357140077, 0.0034944556583914183, -0.0062393405969089575, 0.003167002882260039, -0.0011640443502475963, -0.000585414479441555, 0.0010846523489201532, -0.000530330884679859, 0.00019944259605749818, 0.000791853429935274, -0.0013705600740970521, 0.0007222190696414697, -0.00025716451174379815, 0.0009798642168054475, -0.0015962978633107662, 0.0008653015644472564, -0.0002437605911142156, -0.0017715407170855416, 0.003095596672602527, -0.0015973252833115874, 0.0005623364477655446]]
==============================
W0_Energy_1
P0->P1
[[-1.6739090137682417e-05, 2.4922330713716194e-05, -1.4878738221764848e-05, 3.6235307692919395e-06, 2.6196406195026885e-05, -3.963718716638804e-05, 2.3319767996704102e-05, -5.924916988457e-06, -1.0459608272146405e-05, 1.6518757691637852e-05, -9.352954707627778e-06, 2.66440120815743e-06, 2.7274034028000232e-06, -4.813711932169724e-06, 2.462393021439166e-06, -8.852688330408629e-07, -3.978224276515553e-06, 6.8056021158224815e-06, -3.5672302459810148e-06, 1.1510787692319094e-06, 5.202747047336205e-07, -8.789259349093496e-07, 4.717978700053611e-07, -1.508427670027636e-07, 5.155891039810452e-06, -8.728132530753994e-06, 4.596513096324117e-06, -1.4433895361970078e-06, -1.966203969989335e-06, 3.363588391449081e-06, -1.7402491333076838e-06, 5.530371970135256e-07]]
==============================
colrel_PowerOne
P0->P1
[[-0.004220574869489013, 0.006620388271524865, -0.0037684822748595753, 0.0010431954944872205, 0.006581031764192613, -0.010067655873094673, 0.005872290228583427, -0.0015476032318471281, -0.0035141341341063392, 0.005172502649639406, -0.00313456522916752, 0.0007709741415682684, 0.0022496773199445763, -0.0036343061346947193, 0.0020150534090303176, -0.0006019597310507308, -0.0014340662948211097, 0.002483601460827298, -0.0012819265726789562, 0.0004240393781838101, -0.0003831807519864231, 0.0006622124121968798, -0.0003456577474971384, 0.00011906546637288681, 0.0015665251497742026, -0.0026219899135088306, 0.0013849255019021125, -0.00041256754826213103, -0.00031859582323286563, 0.0004860548089935502, -0.0002680522919507386, 5.2551505048727956e-05]]
==============================
colrel_FactorOne
P0->P1
[[0.013571667758204417, -0.020796240470535098, 0.012159652165903827, -0.003287898170095272, -0.02226012225832895, 0.034745720317793674, -0.01996515282658241, 0.005612909508153083, 0.011651596192211535, -0.01907871751682031, 0.010479116534108313, -0.0032421486013334473, -0.0016470975343564561, 0.002937369616992881, -0.0014990523309101377, 0.0005567097932645925, -0.0016620262946950401, 0.002756630682643036, -0.0014765625188548398, 0.0004371110304028685, -0.0006141918937589585, 0.0010953435788429273, -0.0005572941903536167, 0.00020959184283979898, 0.0015768734853385418, -0.002652695643865716, 0.0013963308567388668, -0.00042137639808703046, 0.0005596098385196621, -0.001050772395020262, 0.000519784970303931, -0.00022154977924699088]]
==============================
P1_SymmetryFactor_1
P0->P1
[[0.0, 0.0, 0.0, 0.0, 0.0, 0.0, 0.0, 0.0, 0.0, 0.0, 0.0, 0.0, 0.0, 0.0, 0.0, 0.0, 0.0, 0.0, 0.0, 0.0, 0.0, 0.0, 0.0, 0.0, 0.0, 0.0, 0.0, 0.0, 0.0, 0.0, 0.0, 0.0]]
==============================
P0_SymmetryFactor_1
P0->P1
[[0.4339890036361127, 0.0005098020322167158, -0.00026711033834226185, 7.626759498584037e-05, 0.0004469170930080036, -0.0007434301642297075, 0.0003883356688271549, -0.0001093159668794975, -0.0002416845630867629, 0.00039670143070082164, -0.00020689942210744164, 5.4721498131024026e-05, -5.635928238924906e-06, 1.714418348410332e-05, -1.0430934880685377e-05, 8.20051506481963e-06, -1.1829918004352788e-05, 1.7387857231874987e-05, -9.28792918461647e-06, 1.2596019368048738e-06, 0.0004321382036898633, -0.0007205061652398796, 0.00038194602171303695, -0.00011295921362124872, 0.00010011983621066168, -0.0001699672153014035, 8.80662726829424e-05, -2.7468001662560753e-05, -0.0006728174108609335, 0.0011249065976671802, -0.0005942439585203605, 0.000177161487887577]]
==============================
W0_SymmetryFactor_1
P0->P1
[[-0.006349619151283983, 0.009006098789031063, -0.005623165416872232, 0.0012088852564677175, 0.010595133010272373, -0.015537793512427692, 0.009406996135722361, -0.0022090197229205242, -0.005537612821017907, 0.00877523299634665, -0.004947144568077326, 0.0014044852026925375, 0.0013174006610947842, -0.002316286518590855, 0.0011858512079919602, -0.0004186662463708325, -0.0005017681837211335, 0.0008652795673491546, -0.0004460699608610607, 0.00014268206291857808, 0.0006406798589940312, -0.0010873809074331525, 0.0005721810069434329, -0.00018414380481705648, 0.00015608870085491097, -0.00025002234047916496, 0.00013470749407658308, -3.626632060563226e-05, -0.0007024617639962783, 0.0012125343185699297, -0.0006237868745821303, 0.0002110119092487136]]
==============================
B1_SymmetryFactor_1
P0->P1
[[-0.2920933605854579, -0.005274918619685778, 0.004274554562748109, -0.00035424995931138554, 0.05206476791969872, 0.01083881976143278, -0.007833206329523033, 0.0010922676200952391, 0.07434604139130237, -0.009105886211824083, 0.005427622525936678, -0.0013540246721302736, 0.032864722699202285, 0.002302290892610241, -0.0011740426950343002, 0.0004331477406381102, 0.013563603101627478, 0.0022705587102537657, -0.0012375812240600405, 0.0003432094559819705, 0.0061598575943632335, -0.0002587282147719796, 0.0001378717152738752, -2.8432083058721618e-05, 0.0030478015730788072, -0.0015896594674261778, 0.000837827181587717, -0.00024801030072914206, 0.0011001620219636802, -0.0010185553720985538, 0.0005237820109838381, -0.0001906327387435184]]
==============================
P1_Frequencies_1
P0->P1
[[0.0, 0.0, 0.0, 0.0, 0.0, 0.0, 0.0, 0.0, 0.0, 0.0, 0.0, 0.0, 0.0, 0.0, 0.0, 0.0, 0.0, 0.0, 0.0, 0.0, 0.0, 0.0, 0.0, 0.0, 0.0, 0.0, 0.0, 0.0, 0.0, 0.0, 0.0, 0.0]]
==============================
B0_Frequencies_1
P0->P1
[[-0.2378952011577507, 0.0010849138269616733, -0.0005650756753113149, 0.00017348311367256842, -0.4247412851069826, -0.0019917849505980806, 0.0010506185682934068, -0.0003072501661149577, -0.3191027949242795, 0.000963302851035951, -0.0005133619681106765, 0.00014281038986382874, -0.20196220532758632, -0.0003421267693014509, 0.00017488598604692768, -5.707765774171101e-05, -0.11566118332888094, 0.0008729061160189687, -0.00046289466850110635, 0.000143437741050926, -0.05866416470006923, -0.0009461422350482672, 0.0005078504431736699, -0.0001542125846082403, -0.026040312947562542, -0.00010053629162469602, 5.177985059885582e-05, -1.3565013720975034e-05, -0.013412587105007576, 0.00024638926813016294, -0.0001306732734293909, 3.530205160921141e-05]]
==============================
P0_Frequencies_1
P0->P1
[[0.3357062292892906, 0.0006360671233518649, -0.0003332727808780293, 9.577919520807836e-05, 0.5728657040574455, -0.0013569782982517952, 0.0007120951875008113, -0.0002046961492158722, 0.36276707369758016, 0.0007065979477880569, -0.0003692455192809328, 0.00010607877615829348, 0.1800642920124355, -3.421087061836834e-05, 1.4434751476064142e-05, -5.650640468951632e-06, 0.0732698509805655, -6.163106797574232e-05, 3.220109528084617e-05, -7.44595952049126e-06, 0.025416287317687063, 6.42545261670396e-05, -3.120883647651718e-05, 1.0519493983074528e-05, 0.007889959349837744, -0.00040852454591438185, 0.00021273957641311105, -6.595364054935249e-05, 0.0018508879045796348, 0.00017704760191204739, -9.055466548204359e-05, 2.5550062448290748e-05]]
==============================
P0_Energy_1
P0->P1
[[0.0016657693200025317, 8.345325632955074e-07, -4.327447863503768e-07, 1.2862708900545657e-07, -0.001456846135506432, -1.9061879913373483e-06, 9.971813365048306e-07, -2.960872281496061e-07, -7.714883535361779e-07, 1.2937476100451324e-06, -6.761402278847691e-07, 2.016960657668501e-07, 2.5446655571074013e-07, -4.3716117910050906e-07, 2.2469986711104233e-07, -7.495537774397965e-08, -3.230355920414001e-07, 5.527132334219056e-07, -2.9539361757380944e-07, 9.903628377933908e-08, 7.423865401910228e-07, -1.2427371812856136e-06, 6.585098277968806e-07, -1.9646733069344463e-07, 4.971199012646073e-07, -8.388185814457608e-07, 4.3847064277112544e-07, -1.396034917161035e-07, -1.1786071291515793e-06, 1.965989994407891e-06, -1.032074441473981e-06, 3.034355219335719e-07]]
==============================
B0_Energy_1
P0->P1
[[-0.0007738383182541357, 6.244340608877908e-05, -3.720608456882862e-05, 9.317171327404521e-06, 0.0008633758350624276, -9.585189988437787e-05, 5.6910351702875545e-05, -1.4360113786532212e-05, -0.0002397842216879912, 3.922299661804705e-05, -2.2984830874205777e-05, 6.0265848320807215e-06, -1.3051269247394934e-05, -9.257302788010578e-06, 4.991632137048083e-06, -1.5635065451157323e-06, 7.98616192455493e-06, 6.130717974843075e-06, -3.121230722354473e-06, 1.041167637629308e-06, 8.771683005585684e-06, -2.033588810365337e-06, 1.0352520273346792e-06, -3.7880604698638717e-07, 6.45594970661225e-06, -5.927254284094745e-06, 3.1648096394207764e-06, -9.463019481384704e-07, -1.0034152555233499e-06, 4.04421041523773e-06, -2.0783137690329245e-06, 7.454733821067551e-07]]
==============================
colrel_Sigmas
P0->P1
[[0.005862685606605405, -0.00832628544114614, 0.005221008312445152, -0.0011640847295313669, -0.010040119887350346, 0.014798111039124113, -0.008959456437877576, 0.0021823412843590003, 0.005876788565654222, -0.009399304612345826, 0.005269514909541564, -0.0015341085893694146, -0.0009362477328822718, 0.0016800331787175447, -0.0008521088613772967, 0.0003167851939115495, -0.001243419777859562, 0.002051256588809324, -0.0011029319150206503, 0.0003222716533931597, -0.00012788518977841773, 0.00023133483540828387, -0.00011812725039420034, 5.05956107971922e-05, 0.0012705000508598998, -0.0021236488851651756, 0.0011224629516338076, -0.0003342732544634781, -5.48669103420069e-05, 4.049247749047012e-05, -3.4665541351424863e-05, -2.1571348065397363e-05]]
