==============================
W1_Energy_1
R->P2
T_min:200 K    T_max:3000 K    P_min:0.0001 atm    P_max:100 atm
[[-93.89284752604352, 129.84584334599333, -99.52967979767269, 47.09540954638003, -16.859519932741613, 2.735401874935345, 1.5640017522720697, 159.37009242545716, -252.00759378648632, 193.1674324979799, -91.40369878945533, 32.720716886468324, -5.308919093480135, -3.0354881171143724, -144.83511599364934, 230.12379003505183, -176.39715249889974, 83.45833331622421, -29.872532399541164, 4.843377371732745, 2.774189490917532, 124.74786018272607, -197.66082953060416, 151.51418120453377, -71.68465581177253, 25.65877234057772, -4.160018672905622, -2.382660021390869, -100.3602824638422, 159.23390944389385, -122.06387894009207, 57.74109448430984, -20.664987532981677, 3.3471529332909213, 1.9213461289799696, 75.71608950524399, -120.03788556563028, 92.01944175998987, -43.52542295346664, 15.576827879594056, -2.5219724130057593, -1.448787094095863, -53.11895072194676, 84.23521989087908, -64.57844639654333, 30.536417933893706, -10.925610942914105, 1.765871552736622, 1.0184622368547167, 34.540341983012496, -54.75654469435112, 41.98064727448228, -19.847404262462327, 7.100444069688958, -1.1465314634547887, -0.6625481582702264, -20.601298838040655, 32.65414834459636, -25.038600429064637, 11.830797185222963, -4.230351454891759, 0.6808337362659387, 0.39647780013586953, 11.164616735703675, -17.692586326771576, 13.567397849527715, -6.408472316990656, 2.290923934054099, -0.3680042689248566, -0.21516994159523506, -5.3919631320472945, 8.539590713366358, -6.550306600784538, 3.090166435998391, -1.1033905032024904, 0.17595955780350891, 0.10466130300723009, 2.2697016214147183, -3.5937531466110677, 2.7569380927593876, -1.2998152763987463, 0.46388522145319655, -0.07371197992207357, -0.044182388565552344, -0.7936320788045919, 1.2543252958153204, -0.9629442851236121, 0.4524637617109306, -0.16092437945436444, 0.02504723816554133, 0.01575962774674622, 0.2135677699073284, -0.337478039529703, 0.2591222458129039, -0.1216426705987601, 0.043228917939885037, -0.006689885420406938, -0.004258856762646701, -0.035966589452925746, 0.05624938796596268, -0.04334954584735584, 0.01998103778359095, -0.006961025190708625, 0.0009489860914158044, 0.0007939652662969365]]
R->P3
T_min:200 K    T_max:3000 K    P_min:0.0001 atm    P_max:100 atm
[[-66.92413048862198, 93.01899103315296, -69.94659498657639, 37.370700903715544, -15.158774263131434, 4.009479944474785, 0.11565728004250175, 108.12677818900787, -180.54578992392433, 135.76139179982678, -72.53442492328209, 29.421768694411547, -7.782016042507409, -0.22450255855108647, -98.35118265346965, 164.92536088750302, -124.0147500600524, 66.25567523302047, -26.873491032305434, 7.107023095456695, 0.20563938757285438, 84.73515284664752, -141.71603273419336, 106.55972605826271, -56.930139324500495, 23.09049420307443, -6.10617338237658, -0.17647236020737633, -68.19773415302723, 114.2471558726013, -85.90340661910886, 45.891537985760735, -18.611870251885364, 4.920676054782554, 0.14262976317383647, 51.50390620056497, -86.19794674832451, 64.80991377888802, -34.62224464431418, 14.0406661437477, -3.7115231432347064, -0.10748327180769479, -36.16378542898538, 60.56908657290934, -45.538524898542704, 24.32487224355848, -9.863459963885106, 2.6063338329348706, 0.07579732464058253, 23.55199790186265, -39.43173609133454, 29.64437412112875, -15.834272266984275, 6.4200296548380855, -1.695980384715595, -0.049260456981329526, -14.073487193474044, 23.572208138647703, -17.720328258135915, 9.463681192769979, -3.8363269327110494, 1.0128396289580337, 0.029614893856816593, 7.64578615398797, -12.805234112164612, 9.625240070024681, -5.1401966810805675, 2.0834478829384153, -0.5498465814803879, -0.01602701598616818, -3.7070768695384864, 6.210239259900355, -4.667664585576226, 2.4920020304077504, -1.0097551433280785, 0.2662201425186055, 0.00785565280155609, 1.5672661753657557, -2.6260541664731782, 1.9734198461532202, -1.053567541067462, 0.42685773249390024, -0.11249157985708536, -0.00328353973961093, -0.5534206730214919, 0.9272513430774723, -0.6967595719530806, 0.37175337195699854, -0.15052611305037544, 0.039587286710514036, 0.0011915138437501582, 0.1502505905543643, -0.25196039665461, 0.1892673563805083, -0.1010110598639713, 0.040907569998804405, -0.010759341777585973, -0.00030910989848109693, -0.02652895402007971, 0.04437710925883209, -0.033340378740049914, 0.01774783674119007, -0.007172852578522182, 0.0018720795218882813, 6.150882725819429e-05]]
R->P1
T_min:200 K    T_max:3000 K    P_min:0.0001 atm    P_max:100 atm
[[-554.8484894209017, 953.6690534025586, -705.7104582700172, 394.7421163997774, -166.61999779293706, 48.202152026440956, -3.793073980159079, 1057.4870529660625, -1850.9844764117588, 1369.715661558531, -766.1625519466205, 323.3970871942752, -93.55832936790463, 7.363141622807888, -965.6994187585508, 1690.5366069519087, -1250.9921763570508, 699.7418650765377, -295.35796575517423, 85.44393019173577, -6.722494153862996, 829.4191229680173, -1451.8568728250077, 1074.3696408029825, -600.9483116340922, 253.65696961053231, -73.38039076371572, 5.77315365809347, -668.2104139033701, 1169.6847253544963, -865.5704875187827, 484.1434109956584, -204.3504561468206, 59.11345495248557, -4.648263336056402, 503.66120893501784, -881.6306101766215, 652.4113071049348, -364.91316185876974, 154.0236025452071, -44.554551277091754, 3.502721560016255, -353.510944536069, 618.7842121216531, -457.9094847767075, 256.11151762774716, -108.09689185516231, 31.266731175548315, -2.45597114205799, 229.7688253476772, -402.18293652758183, 297.62325927753784, -166.45947688385138, 70.25637504532355, -20.320831368985424, 1.595528047638254, -137.10760850594528, 239.97709997747862, -177.59135699798037, 99.31915875995401, -41.91667354404407, 12.12226605311605, -0.9504315891852002, 74.28666122985283, -130.02126135821754, 96.22135455631712, -53.81082481517052, 22.7097894548358, -6.567311817817597, 0.5145678092533785, -35.92301284985447, 62.86796986483783, -46.526664681595435, 26.016215954510926, -10.978497317489655, 3.174008374123332, -0.24802109958341134, 15.121651564157219, -26.463746792397785, 19.585388134851797, -10.95106273370726, 4.6210708866334755, -1.3359122803892092, 0.10430045832221424, -5.312235872132646, 9.294218654322549, -6.87904103517576, 3.845219404315287, -1.622183350546436, 0.46867917336408027, -0.036356459612306935, 1.4299162237628025, -2.5018572983082663, 1.8517801526170388, -1.0350755845595927, 0.4366678226796381, -0.12615930730541436, 0.009783199421349309, -0.24799269919662947, 0.4333287663257579, -0.3208415335037671, 0.17910278003648727, -0.0754759179290545, 0.021748515059130114, -0.001638420048379885]]
W2->P1
T_min:200 K    T_max:3000 K    P_min:0.0001 atm    P_max:100 atm
[[-145609.9535623223, 263320.2868687792, -193969.3546788768, 114009.07681280337, -51166.426256915496, 16141.673517791816, -2763.467178814484, 281500.63818792545, -509072.82940317335, 375001.5489721012, -220415.21431110406, 98921.27078375668, -31207.72311493376, 5343.083798476237, -254131.51033357723, 459615.97180273297, -338569.76808368857, 199004.0985602964, -89313.63691360151, 28178.42813753432, -4825.24552783597, 214001.97251608688, -387040.92837747204, 285108.86173114396, -167583.89937820288, 75214.26141389034, -23732.479422746816, 4065.063448748013, -167681.49487711556, 303266.36177414685, -223397.47531752143, 131313.61315974704, -58937.70101623938, 18599.316497639607, -3187.0763622801605, 121811.36054578453, -220307.04545867917, 162286.0600466942, -95394.56155269312, 42817.819707558985, -13514.669593592756, 2316.9867373452144, -81621.19531502193, 147619.41426511644, -108740.76702395533, 63921.183774870064, -28692.121955690614, 9058.069042138144, -1553.9243630300043, 50088.905795506, -90590.25328412981, 66730.08401522294, -39226.60061916593, 17608.056967605466, -5560.193918021834, 954.5908204570296, -27874.31245918358, 50412.82713245741, -37133.38837488755, 21828.42573758858, -9798.428203880962, 3094.9340864730184, -531.8319601917174, 13871.743475280004, -25087.715108044387, 18477.980424409892, -10861.66178070413, 4875.444511430993, -1540.3929691435042, 264.9843102984014, -6048.264947087853, 10938.25415240202, -8055.438973751428, 4734.658379018394, -2124.9884989586426, 671.5764180987608, -115.67387576392503, 2239.0172471163824, -4049.0070564427006, 2981.2432606588845, -1751.8780627025553, 786.0598058198084, -248.48237593163503, 42.86379243910051, -667.3385023049195, 1206.6767300121137, -888.1142704002559, 521.6476192593982, -233.92291736081825, 73.95037326077, -12.779765485145617, 144.53544054215308, -261.28627189510735, 192.16166353790322, -112.7646495812296, 50.50702651528263, -15.963125633847085, 2.7652797029877547, -17.261328099877574, 31.191778291919036, -22.897640886716545, 13.401024451137346, -5.9786638054793, 1.8843825626245234, -0.32721583619422745]]
P1->P2
T_min:200 K    T_max:3000 K    P_min:0.0001 atm    P_max:100 atm
[[-550.6260089557095, 811.912424142321, -611.407108164932, 264.0334291209317, -72.5714502840254, 0.3110606295103082, 19.089869046744894, 1030.140798469658, -1576.391088814522, 1187.0670354707345, -512.7182852045412, 140.9718580623666, -0.6473633450587499, -37.04126652491191, -927.0974276437266, 1439.0992972218296, -1083.7228056853958, 467.9608736929047, -128.60160998278954, 0.5320236752771841, 33.846553881561924, 796.346191444006, -1236.247342449193, 930.9553338937891, -402.0342601466113, 110.50676609228013, -0.4769481153600168, -29.06476951130484, -641.2732268731013, 995.3678139084524, -749.6021698590617, 323.5942715114738, -88.88061281810009, 0.3241631755945775, 23.433313395417372, 483.443856461755, -750.3919742541711, 565.1166227539649, -243.96067031679496, 67.01352056963236, -0.24838619363185188, -17.66356283145808, -339.0766451096664, 526.185530774733, -396.300174383432, 170.98351165585083, -46.91366796255721, 0.12539750738251954, 12.411837412390469, 220.42051322480188, -342.0491759959365, 257.62292759601564, -111.14619066932207, 30.494893115734158, -0.07972607181443436, -8.069081776371377, -131.36742214994456, 203.77209904163018, -153.4961785004112, 66.1581431896206, -18.11590843021851, 0.015441015243709444, 4.824137327809694, 71.18892522600231, -110.42224156051395, 83.18218105614758, -35.84832194210472, 9.815298789033761, -0.0069041745810523025, -2.614805597883162, -34.337596034427975, 53.21756705034554, -40.09899515694269, 17.247869035242644, -4.703703093217314, -0.013300334832024419, 1.2690852779065835, 14.460740060752585, -22.41136518359098, 16.88807266671742, -7.263681379075166, 1.981176967146041, 0.005605458731338331, -0.5343996939204771, -5.044584885238692, 7.801177624374304, -5.881993239438486, 2.517225737236828, -0.6792662437079571, -0.008336248118439471, 0.18944921145697435, 1.3608291617098303, -2.105092961781793, 1.5873208320219305, -0.6798674242813263, 0.18390482103092154, 0.0019168261497384265, -0.050933346298961624, -0.22773292883891827, 0.34841220064470235, -0.26344860700982053, 0.11001346021834024, -0.02810325458338525, -0.0017483756296883257, 0.009201362629113419]]
P1->P3
T_min:200 K    T_max:3000 K    P_min:0.0001 atm    P_max:100 atm
[[-30.500077526663006, 47.56734899516348, -35.35012300210169, 20.234829807404058, -8.999616301151145, 2.7119304816850054, -0.4012743454745227, 36.362846728886886, -92.37060294123933, 68.64431210126988, -39.29582508184305, 17.477195305390627, -5.2673902338311755, 0.7795714367949151, -31.530315652957366, 84.39562917126091, -62.7166136713781, 35.907212476373445, -15.970972776302116, 4.814894680568951, -0.7130697420443519, 27.420144222859886, -72.29125785292675, 53.72356804457378, -30.76002618281227, 13.683004055697626, -4.1258704946833795, 0.6114058148752148, -21.851599572755127, 57.914046983139045, -43.04234187716483, 24.643199310152667, -10.962956442315237, 3.3056992456766023, -0.4899155753069806, 16.483807908297244, -43.33192227657091, 32.20735304350417, -18.438858730873996, 8.203467389303823, -2.473657156402183, 0.36659908464179836, -11.495278561226236, 30.15533778356008, -22.41599154649439, 12.83272930163766, -5.7100264620528804, 1.721923150914388, -0.25525279997290706, 7.448986992656785, -19.38240686051689, 14.409909631911269, -8.249019564911919, 3.6710913522231694, -1.1071853802468556, 0.1641835034377337, -4.412828287359256, 11.408012756842162, -8.482863838148877, 4.855734083076998, -2.1614393096347237, 0.6519697904447384, -0.09672039587698578, 2.377003914613667, -6.07611358824726, 4.519139430271498, -2.586700271079743, 1.151760271413469, -0.34749686986436146, 0.05158836552534751, -1.1389636172774047, 2.8769270262071833, -2.140389791447568, 1.2250494165605872, -0.5456912061281294, 0.16469382878146632, -0.024474209742944453, 0.4753115750109167, -1.1789336432000823, 0.8774535260049312, -0.5022015698018443, 0.2238308961921689, -0.06759281556689345, 0.010061445132627078, -0.16448823811272462, 0.39948519082490463, -0.2975160906673793, 0.17027285620012478, -0.07595870166969121, 0.022957521520694968, -0.0034252557546778917, 0.043761103309883254, -0.10267774680181141, 0.07653271983256005, -0.04381125834456334, 0.019571764014902904, -0.005925715101680495, 0.0008883657382057208, -0.00743878989872826, 0.016612567962653202, -0.012402674772946654, 0.0071001831955559425, -0.003179355955145624, 0.0009648847239951408, -0.0001456795608731909]]
P2->P3
T_min:200 K    T_max:3000 K    P_min:0.0001 atm    P_max:100 atm
[[-432.1251241513492, 723.3314350431435, -538.0625552288427, 290.1169238575976, -117.7482681194181, 31.25928271178948, 0.037445396649602, 820.4734717755691, -1403.870560019816, 1044.2883837026027, -563.0721740122003, 228.5306562624877, -60.670222804562144, -0.07229513133709276, -749.0660945845544, 1281.993263140647, -953.6363698512159, 514.1703881593136, -208.67433471336665, 55.39257060246311, 0.0715167960210934, 643.3684449524492, -1100.839346510925, 818.8828007926023, -441.50541004962014, 179.17819079233675, -47.55992232232304, -0.06415651518642562, -518.1064926325486, 886.6291087141548, -659.5485005500312, 355.5694887572411, -144.29086822657592, 38.29155468919805, 0.05879145895886495, 390.45164584469694, -668.0804096685348, 496.97754415538503, -267.9097098790436, 108.71087123173194, -28.844935733001932, -0.04843370367115085, -273.8964696397862, 468.6579579469194, -348.6385265313778, 187.9168428241528, -76.24136409835921, 20.22239242944015, 0.04036332438806767, 177.94507253898246, -304.4486843565804, 226.4853685791727, -122.06293082984057, 49.517333196425426, -13.130434027685126, -0.02954601886904129, -106.0915552203619, 181.49934381481205, -135.02682710435266, 72.75473048762171, -29.50764326884999, 7.819836535239119, 0.021770775602135473, 57.436938674705175, -98.25270348170739, 73.0972858597988, -39.3791387814351, 15.968238019192654, -4.229852111699813, -0.013526541210637788, -27.733457032831552, 47.431090620291386, -35.29026273536749, 19.00352219350927, -7.702713785822027, 2.0381806009605725, 0.008505247499925872, 11.658708648120921, -19.936706905347833, 14.834228574658852, -7.985900607489839, 3.2359707576200663, -0.8556517662932492, -0.004131301785321284, -4.082753490312143, 6.977485787245996, -5.192691687536069, 2.792758310361023, -1.1306058145165707, 0.29822583040447626, 0.0020996171892306847, 1.0965170849985952, -1.87361583025708, 1.3944530444453846, -0.7496802284327089, 0.3033690625255332, -0.07994248495705847, -0.0006374914546540822, -0.18802528669698404, 0.3203374253359925, -0.23861117221235872, 0.1277664575552251, -0.05150739549618777, 0.013433735146634262, 0.00023271707468097702]]
