==============================
W2_Frequencies_1
W2->P1
[[-5.577696026901046, 6.907695691424105, -2.1580253717361497, 3.491090416031248, -4.636039393568887, 1.7784688698973954, 1.05242020812776, -1.171737922613961, 0.3627165207908432, 0.09294262344080882, -0.044335948731024, -0.023057577943504586, 0.00038494451640062644, 0.0017415347308729426, -0.014942462363891382, -0.0023363130645345127, -0.00940078905196713, 0.00043365133293701776, 0.00796146974488368, -0.02414821081644829, 0.012581129313500647]]
W2->P2
[[0.014575248983488378, 0.37227697863956294, 0.02430053587888351, -0.827763717454499, 1.1747297235832952, -0.8453174359531489, 0.22247144503558902, -0.1290969924444411, 0.1930891950933798, -0.427487191984328, 0.4407540416459313, -0.5041782419157581, 0.304437216720678, -0.32297563413013536, 0.24443758351469022, -0.12625550490548612, 0.10618107166203264, -0.1464379462712156, 0.08136758037744972, -0.11114232784402872, 0.09667930116162388]]
==============================
W2_Energy_1
W2->P1
[[0.0008823076160746408, 0.0009186286228235912, -0.000306996868742058, -0.0010543110068650598, -0.0006027817647224271, 0.0002377519956463856, 0.00016400765074633326, -0.00019472675991541723, 6.452397520857155e-05, 4.508881189749436e-05, -2.7744316205534698e-05, 3.7312276572247604e-06, 2.4466235374165006e-05, -7.519412428234932e-06, -3.564746343136919e-08, 1.3816480010841492e-05, -3.269898874537622e-06, 4.7314058166049777e-07, 6.45797847629712e-06, 8.65133245375662e-07, 6.534175695244236e-07]]
W2->P2
[[0.0023992624545061264, -0.0006982809280641626, 0.0007633386911063983, -0.0031219122939833226, 0.0015836156407035844, -0.001576253734852644, 0.0014434828639748325, -0.00138016410282781, 0.0013943018538169827, -0.0012608809246699522, 0.0012161982507783013, -0.001254523274901409, 0.0010944054216486016, -0.0010324372458050902, 0.0010238770606350223, -0.0007291342532274999, 0.0007017303695189322, -0.0007134538137582195, 0.0004546265720046439, -0.00042430373451616534, 0.0004287781936867518]]
==============================
W1_Frequencies_1
W2->P1
[[-0.0005925807664143418, 0.0007402526172638286, -0.00044450395785261635, 0.0007790225322318184, -0.0009786357905570897, 0.000583496183265978, -0.00016838642327700678, 0.00019905284330355887, -0.0001306389727656339, -8.997582144090562e-05, 0.00011035306113953292, -6.899864528904725e-05, 4.6983727940158964e-05, -6.0246785038467974e-05, 3.624333275850856e-05, -1.8264364112218765e-06, -5.716662118391957e-06, -5.25318470680844e-06, 1.9914707697633093e-05, -2.4966313018402523e-05, 1.6002881009662058e-05]]
W2->P2
[[0.28036078143110227, -0.3084924386557178, 0.2644561312855239, -0.5375178966458204, 0.5915831755075772, -0.5068224568494261, 0.5006833853586038, -0.5523844376693189, 0.4701765864067521, -0.43799179943583777, 0.48517987584517186, -0.408620935235489, 0.3569265843793667, -0.39774054569729556, 0.32963839620873997, -0.24713934960989437, 0.27710265387899713, -0.22580655929425292, 0.14311713625537908, -0.16157762768090295, 0.12887343699229978]]
==============================
B1_Energy_1
W2->P1
[[-4.4316206277367116e-05, 5.040179703529648e-05, -2.8239259863049768e-05, 4.7808936329695846e-05, -5.58754646702743e-05, 3.310854571706348e-05, -5.270387335082858e-06, 6.898136826659181e-06, -4.410750089353308e-06, 1.3528252581144873e-07, -3.4638571159538997e-07, -1.6887475231923828e-07, -1.5544025480687291e-06, 1.9454031427476173e-06, -1.1736553212363176e-06, -2.314180422290314e-06, 2.8140422467511715e-06, -1.837690571739301e-06, 5.022864010745704e-07, -6.8333637777557e-07, 3.3135457289369443e-07]]
W2->P2
[[0.00033098294990248903, -0.0004955700859202894, 0.0002772212213577913, -0.0006323749340623495, 0.0009540517608871057, -0.0005298604809207175, 0.0005907483043722678, -0.0008888425159742416, 0.0004923143370467046, -0.0005195412267197312, 0.0007847827742881577, -0.00043025094036088765, 0.00043106713806147017, -0.0006501356637820966, 0.000353571471375132, -0.00030547415723257616, 0.00045899047060703446, -0.0002484050069001888, 0.00018480884232296266, -0.0002744002806310763, 0.0001491136411153596]]
==============================
B3_Frequencies_1
W2->P1
[[1.1083296017059314, -1.461693561200156, 0.5117174779839407, -0.6770429609489341, 0.9318006701869435, -0.4068085197066799, -0.1877902505660467, 0.25523505980583067, -0.08511842567434663, -0.020159914295204234, 0.027080915187642295, 0.0012685184313716402, -0.0071001191629162025, 0.009296310218672619, 0.0023139984474273363, -0.004022754072274714, 0.005136442017186829, 0.0005769212547017151, -0.004472734650075054, 0.005728965533399265, -0.0015318763094122993]]
W2->P2
[[0.09266291701126397, -0.49801093912770955, 0.2986960448279764, -0.481468366536266, 0.3723140747561245, -0.5613889318431214, 0.5671555117098094, -0.6559982536851977, 0.537423761238952, -0.4888773831781433, 0.5005263466434526, -0.45772482457611247, 0.4056078603631124, -0.4339017309205583, 0.4006725985413547, -0.31555111576448047, 0.33752729483718436, -0.2927205157261932, 0.18054814807567005, -0.20305068101487492, 0.17026866721283349]]
==============================
B2_Frequencies_1
W2->P1
[[-0.124481674526697, -0.07002983725561401, -0.06873073666256328, 0.028441927105464452, 0.03769162249037209, 0.05581917057669118, 0.011709827365110281, 0.021153623941015817, 0.012380679856581924, 0.00017898043308240126, 0.00413288871283245, -0.0018061543073721448, -0.0010696402060366148, 0.00028175857587641595, -0.0019297988444858605, -0.001108834476550722, 6.614153350097936e-05, -0.00131107351149808, -0.0013485627661091195, 0.0003846602655789487, -0.0009446296304853586]]
W2->P2
[[0.1579231249834665, -0.053278829013958064, 0.1622567325463676, -0.018220495734568375, 0.18355920708278486, -0.045903687879553796, 0.19960785060988073, -0.08985472040239753, 0.20717514498699055, -0.09622463747554864, 0.14169490036198756, -0.11402530098431019, 0.08126961986953951, -0.06772947980321437, 0.08525779913381945, -0.05942900677349049, 0.06620683681469462, -0.06558196121238662, 0.03067368943759864, -0.028608313212159286, 0.030591838048981974]]
==============================
B1_SymmetryFactor_1
W2->P1
[[-0.0008890844054333203, 4.6844091149859864e-05, -0.0003125550642334206, 0.00027239527181595135, 0.00015003746531980051, 0.00017721519678576405, 0.00013171020681120837, -7.080608376189138e-05, 7.501403179041749e-05, 2.531915772534137e-05, -3.727008744857978e-05, 6.842663527278344e-06, -7.220099704700718e-06, -7.95730987105397e-06, -1.4840672958169975e-05, -1.6377573744041384e-05, 6.831145329887772e-06, -1.664270491580183e-05, 1.2442973552334519e-05, -2.5327928116993165e-05, 6.65250285328623e-06]]
W2->P2
[[0.06287066682308312, -0.08645273603766457, 0.05319928008341323, -0.11573441524179583, 0.16368877221090242, -0.09715573708512877, 0.09226996338939802, -0.14178081865133635, 0.07319202645221676, -0.0595572637133165, 0.11156197706753848, -0.04053667552159372, 0.02879628769031686, -0.07950598607108471, 0.01013893676843621, -0.007635804860599277, 0.0486147698612897, 0.007580659967605445, -0.0017488077683843937, -0.025520607689049665, -0.012441646511732102]]
==============================
P2_SymmetryFactor_1
W2->P1
[[0.0, 0.0, 0.0, 0.0, 0.0, 0.0, 0.0, 0.0, 0.0, 0.0, 0.0, 0.0, 0.0, 0.0, 0.0, 0.0, 0.0, 0.0, 0.0, 0.0, 0.0]]
W2->P2
[[0.0, 0.0, 0.0, 0.0, 0.0, 0.0, 0.0, 0.0, 0.0, 0.0, 0.0, 0.0, 0.0, 0.0, 0.0, 0.0, 0.0, 0.0, 0.0, 0.0, 0.0]]
==============================
W3_SymmetryFactor_1
W2->P1
[[-3.98667976938869e-08, 7.941554405761579e-08, 9.338983701249516e-09, 4.1091432301650796e-07, -4.3919923213294413e-07, 4.153219245711855e-07, 8.107251316596821e-07, -9.373256725745001e-07, 7.239489316031428e-07, 8.32077291309365e-07, -9.489595435689842e-07, 7.606178834268754e-07, 3.5146540238444184e-07, -3.441637784171574e-07, 3.977075581713709e-07, -3.0960072281385185e-07, 4.497417436347559e-07, -1.526713647983791e-07, 7.988978999894531e-07, -9.115972878192299e-07, 7.296434987159627e-07]]
W2->P2
[[0.22517131993237627, -0.1822845795910632, 0.21964338565103225, -0.42903098854786736, 0.34585432520947285, -0.41842806048449926, 0.3779033999371082, -0.2997321457523525, 0.367341105861637, -0.303698647373894, 0.2338179385245234, -0.29335012364709945, 0.21634547337392, -0.1595068450411265, 0.2062702873742299, -0.1294281190144601, 0.09015651121305882, -0.12113531927361985, 0.06027454526789473, -0.03849346368630312, 0.05431596139095607]]
==============================
B2_ImaginaryFrequency_1
W2->P1
[[0.5284655721229131, -0.6442961185252472, 0.2734874345091464, -0.4919296707204659, 0.5833314817053468, -0.25886698921770784, 0.0233086967018161, -0.019001150936350686, 0.014266865837871654, 0.006893174276458836, -0.00863595938377119, 0.005042911825985407, 0.00669533227525049, -0.008180241728496799, 0.004611374522536251, 0.0047250371452450465, -0.005916633447842924, 0.003158866371487338, 0.005737767366161461, -0.007383733670622824, 0.0038130797859877467]]
W2->P2
[[0.301963452583098, -0.32521059828827464, 0.28380404687777216, -0.5560877303573278, 0.5794836861910161, -0.5097257323477257, 0.5284389765137528, -0.5607743975782153, 0.4927952441492439, -0.4663705826600771, 0.49774391495003995, -0.42711135877074585, 0.3802403993367218, -0.40026284438570303, 0.3488497592163444, -0.27575794532373743, 0.2933014836661375, -0.2506053465948835, 0.16457301202890795, -0.17260853679345836, 0.14932393891963347]]
==============================
B3_SymmetryFactor_1
W2->P1
[[1.4198476326751963, -1.8891367565158472, 0.6817747170896291, -0.8478515708092741, 1.1520526078689524, -0.512127387664903, -0.2610493869743124, 0.3511351352889476, -0.12397027982724083, -0.03157846006291633, 0.041660901570159066, -0.0021611477715232684, -0.010379462435103909, 0.01341070768800433, 0.002278799021529968, -0.005884829044152235, 0.007503565868754333, 0.0003920622493410411, -0.006545192062591624, 0.008363980647288854, -0.002395050090416422]]
W2->P2
[[-0.01032916715902776, -0.48250711117388, 0.28576501323833325, -0.27633717781650297, 0.22653356736242175, -0.3886413568685301, 0.5342245930214129, -0.5671444763561704, 0.4627296591306451, -0.35889001347298727, 0.35825584237067104, -0.3165214611262843, 0.27950412464762986, -0.2747100399168021, 0.27914601131635847, -0.21980930901351015, 0.22303041851785124, -0.19232247038420044, 0.11309757408258703, -0.10973040770425528, 0.10200312063433231]]
==============================
W3_Energy_1
W2->P1
[[-5.927371467563396e-10, 7.429141079052232e-10, -4.515928737199839e-10, -1.2675344841964276e-10, 1.5886768080058872e-10, -9.657042429276863e-11, 9.137314462419423e-10, -1.145236688144684e-09, 6.961505827191413e-10, 7.23223202256833e-10, -9.064608734613846e-10, 5.510069035904934e-10, -6.261540564341845e-10, 7.847978062912259e-10, -4.770519903292471e-10, -1.8579578276255056e-09, 2.328694880626444e-09, -1.415534742019032e-09, 7.022400664675438e-10, -8.801614812996279e-10, 5.35020194455424e-10]]
W2->P2
[[0.0010657451891518332, -0.000917696092913216, 0.0011019356141282357, -0.0020422454615433776, 0.0017580594323861076, -0.002111468408357901, 0.0018954322376925163, -0.0016309399000695298, 0.001957362669575972, -0.0016504880342699361, 0.0014189154736616199, -0.0017009249984903496, 0.0013377610678226828, -0.001149366732225535, 0.0013738075979652436, -0.0009227491497292496, 0.000792305122300062, -0.0009438630620521938, 0.0005330313216395115, -0.0004576061811807009, 0.0005420778778439921]]
==============================
P1_Frequencies_1
W2->P1
[[0.0, 0.0, 0.0, 0.0, 0.0, 0.0, 0.0, 0.0, 0.0, 0.0, 0.0, 0.0, 0.0, 0.0, 0.0, 0.0, 0.0, 0.0, 0.0, 0.0, 0.0]]
W2->P2
[[0.0, 0.0, 0.0, 0.0, 0.0, 0.0, 0.0, 0.0, 0.0, 0.0, 0.0, 0.0, 0.0, 0.0, 0.0, 0.0, 0.0, 0.0, 0.0, 0.0, 0.0]]
==============================
B2_SymmetryFactor_1
W2->P1
[[-0.33851425883087793, 0.1659750819166604, -0.10089103998067077, 0.18300767768054954, -0.05389833809527936, 0.07880356223920655, 0.04688580351673861, -0.03842282167734161, 0.019055627682469975, 0.009506378198696024, -0.013495356833890063, -0.00015882588632473225, 0.0024892889133875822, -0.006470596808696157, -0.0018580613422951953, 0.0005120793600294853, -0.003045640867395622, -0.0014234672172553462, 0.0010663035727133373, -0.0033730670203183134, -0.0005469637773783641]]
W2->P2
[[0.08855731376777418, -0.01763509454442727, 0.09159807679039489, -0.05738237293102597, 0.22026661699851446, -0.08988581111947701, 0.11956328178225428, -0.06870334192178824, 0.12740739101848544, -0.08706333782030815, 0.12573958278724653, -0.10755242051985653, 0.07149612977537478, -0.08387888255559016, 0.07909648984037802, -0.054482535744362674, 0.05830367371058671, -0.061853232903891095, 0.03806113143235544, -0.04008736477975059, 0.04063327502339456]]
==============================
P2_Frequencies_1
W2->P1
[[0.0, 0.0, 0.0, 0.0, 0.0, 0.0, 0.0, 0.0, 0.0, 0.0, 0.0, 0.0, 0.0, 0.0, 0.0, 0.0, 0.0, 0.0, 0.0, 0.0, 0.0]]
W2->P2
[[0.0, 0.0, 0.0, 0.0, 0.0, 0.0, 0.0, 0.0, 0.0, 0.0, 0.0, 0.0, 0.0, 0.0, 0.0, 0.0, 0.0, 0.0, 0.0, 0.0, 0.0]]
==============================
B1_Frequencies_1
W2->P1
[[-1.0866401591124428e-06, 6.086138836278582e-07, -6.662006507204771e-07, -2.421071416411986e-06, 1.2366867076958722e-06, -1.539060115482831e-06, -2.139445155527967e-06, 8.714704631747978e-07, -1.3775207738136887e-06, -3.2046225274914984e-06, 1.998627573383669e-06, -2.2588280172806387e-06, -4.37019741798431e-06, 3.5091168388898863e-06, -3.217589805703674e-06, -3.7315507755926336e-06, 3.409032635182036e-06, -2.7912120254893707e-06, -3.7332259652712125e-06, 3.021601673978712e-06, -2.823502298887067e-06]]
W2->P2
[[0.25421913480572145, -0.31134354407111786, 0.23718699685355463, -0.484408679823976, 0.5942110041750389, -0.4518127371235276, 0.4423128920645007, -0.5460417191025783, 0.41124407794915496, -0.377206588291715, 0.4699009476323945, -0.34886069546978954, 0.3016101717651468, -0.37914815644636296, 0.2766254005073162, -0.20709428532881688, 0.2621217259183343, -0.18825982824656048, 0.12156215437589434, -0.15417112413385134, 0.10924873545287407]]
==============================
W1_SymmetryFactor_1
W2->P1
[[-0.00026941475562076045, 0.000333523791537531, -0.0002047997227709701, 0.0003672371194969929, -0.0004545891334467123, 0.00027990330664269476, -0.00010671826623282447, 0.00012412667986653756, -8.53304373610002e-05, -1.7612401426855153e-05, 2.3349266469670608e-05, -1.265039078634053e-05, 1.4011649457841188e-05, -1.8899758990265575e-05, 1.0564844923790364e-05, -9.349290867769677e-06, 8.675188613116857e-06, -8.625443147871686e-06, 2.568123446606722e-05, -3.166683646938525e-05, 1.983904286107649e-05]]
W2->P2
[[0.20767483276300572, -0.20919234082767466, 0.19399470298855467, -0.3961420820490815, 0.39866315273575853, -0.36971472889909257, 0.3613631059828646, -0.36245656024291634, 0.33463689114758804, -0.3069954081670746, 0.3065652613968944, -0.28063304151391344, 0.24269656323762162, -0.24138013741318104, 0.21739792115081716, -0.16416124293503512, 0.16282792313013433, -0.14383626673895653, 0.09401841634144298, -0.09324467614833058, 0.08001846735486351]]
==============================
P2_Energy_1
W2->P1
[[0.0, 0.0, 0.0, 0.0, 0.0, 0.0, 0.0, 0.0, 0.0, 0.0, 0.0, 0.0, 0.0, 0.0, 0.0, 0.0, 0.0, 0.0, 0.0, 0.0, 0.0]]
W2->P2
[[0.0, 0.0, 0.0, 0.0, 0.0, 0.0, 0.0, 0.0, 0.0, 0.0, 0.0, 0.0, 0.0, 0.0, 0.0, 0.0, 0.0, 0.0, 0.0, 0.0, 0.0]]
==============================
B3_ImaginaryFrequency_1
W2->P1
[[-7.261296829119467, 9.777128815160994, -3.707372197238155, 3.5554610441159373, -4.780532710289977, 2.162650245883097, 1.8478483892572855, -2.482900653851819, 0.969344452644341, 0.3055474531836187, -0.4120071950650569, 0.10328811360413544, 0.04043327120876688, -0.05708757413564767, -0.021021872800944072, 0.020969341752832077, -0.029514806941506253, -0.00955348854169055, 0.04540697248858457, -0.06060129181232105, 0.019401039245073446]]
W2->P2
[[2.5588384342867903, 0.003087611788884876, 0.08696740622381809, -2.1589436345991957, 1.2109752522315378, -1.0041250861363207, -0.6692366177614129, 0.2525517958751224, 0.15731771307082212, -0.7121615617071245, 0.8556622278338275, -0.6952745809054316, 0.6675426718833054, -0.49599506470443105, 0.38571093043116295, -0.060043928060757056, -0.03871027329371671, -0.21263140863990979, 0.20189795039540057, -0.31650684014552516, 0.23391789066129806]]
==============================
W3_Frequencies_1
W2->P1
[[-1.912738446227903e-06, 1.8504936389497148e-06, -1.6891933686982155e-06, -3.527044194698661e-06, 3.2525193213094117e-06, -3.1712451059661332e-06, -2.769034754984142e-06, 2.371351685780165e-06, -2.5586484034725405e-06, -2.9041620096328478e-06, 2.5731018751078037e-06, -2.633062874441828e-06, -3.3512527688138566e-06, 3.2745182335747243e-06, -2.905090744430192e-06, -3.003885838978264e-06, 3.179788440288898e-06, -2.510277084823945e-06, -1.7976828264223951e-06, 1.6431415877970283e-06, -1.5784330633745916e-06]]
W2->P2
[[0.2722751123741454, -0.2596798324786078, 0.26504443291295043, -0.5226862941403164, 0.4968938382538752, -0.5086846958969886, 0.47231256993795806, -0.45072573923774495, 0.4584459869533737, -0.4012501462541062, 0.3818589536487111, -0.3878316482507327, 0.31013187211943627, -0.29663960078735135, 0.29761275502930323, -0.20696008574400654, 0.19748972208112733, -0.1970537480791412, 0.11310038723552407, -0.10862955555536688, 0.10638903989308458]]
==============================
P1_SymmetryFactor_1
W2->P1
[[0.0, 0.0, 0.0, 0.0, 0.0, 0.0, 0.0, 0.0, 0.0, 0.0, 0.0, 0.0, 0.0, 0.0, 0.0, 0.0, 0.0, 0.0, 0.0, 0.0, 0.0]]
W2->P2
[[0.0, 0.0, 0.0, 0.0, 0.0, 0.0, 0.0, 0.0, 0.0, 0.0, 0.0, 0.0, 0.0, 0.0, 0.0, 0.0, 0.0, 0.0, 0.0, 0.0, 0.0]]
==============================
W1_Energy_1
W2->P1
[[-2.5240310798432646e-06, 3.1718248962232313e-06, -1.8922710091256479e-06, 3.814892654410775e-06, -4.79751593264216e-06, 2.8613625391208877e-06, -1.3451206482428952e-06, 1.6733415277145848e-06, -1.0175116325678728e-06, 1.319793212779738e-07, -1.6859068353449435e-07, 9.644436829465437e-08, -5.815940850697203e-08, 7.846413095271047e-08, -3.902816838463625e-08, -2.030359712227874e-09, -1.4059079073837567e-08, -1.0075048388295576e-08, 8.89931301212894e-08, -1.0978536375859971e-07, 6.807739355752364e-08]]
W2->P2
[[0.001544736548358193, -0.0014935199173190235, 0.0014892820500510139, -0.0029654420417647726, 0.002865915492649841, -0.0028587945408161163, 0.002779670292300688, -0.0026807235019838584, 0.002677009534855695, -0.0024543549288630986, 0.002359967047092743, -0.002359828471797734, 0.0020205901436699545, -0.0019360319383798612, 0.001937596019197258, -0.0014114317495122141, 0.0013481594204609456, -0.001349586006684727, 0.0008206335026959393, -0.0007813690498280077, 0.0007814429955013793]]
==============================
B3_Energy_1
W2->P1
[[0.004650481047292484, -0.006215050429213026, 0.00229978600693427, -0.002556385429409947, 0.003459529983528835, -0.0015326728425523954, -0.000939576450016705, 0.001263628239657549, -0.00045382343421813276, 0.00010187367168778268, -0.00012890202504683857, 0.00013584120728032514, -7.33665276237043e-05, 0.00010170175475743454, -6.7924830602275035e-06, 0.00014516590148391437, -0.0001888300077897992, 0.00011324870205095826, -1.8746102699632577e-05, 2.868153397314407e-05, 3.0413181302403337e-06]]
W2->P2
[[-0.0003267308493917962, -0.0012439771708252752, 0.0007193602570810862, -0.00035512787445598625, 0.0003767045516440391, -0.0007132832803503672, 0.001438051784287334, -0.0013577346009219224, 0.0010828280705290237, -0.0009374485890232217, 0.0008648831156966816, -0.0006996535831347258, 0.0006417286229318206, -0.0004999871705993977, 0.0005598172837005522, -0.0006273835273043746, 0.000556872120964538, -0.00044323707184096305, 0.00023900515259002436, -0.0001413779137982408, 0.00015639612629119479]]
==============================
B2_Energy_1
W2->P1
[[-0.005587842423219933, 0.005382899751056667, -0.001957997684543654, 0.0037969834954295592, -0.0031198346021314165, 0.0013960698498121224, 0.0007475572407829408, -0.0010364845709912734, 0.0003575958838877444, 4.3006269886646365e-05, -9.572847364487686e-05, -2.269892922337935e-05, -5.7810211342256016e-05, 4.5239747876795864e-05, -6.486131240338405e-05, 3.784541029041078e-05, -6.916334044999472e-05, 9.408910779812829e-06, -4.196319966767887e-05, 4.060294274306578e-05, -3.927172809674102e-05]]
W2->P2
[[-0.00019719737245191848, 0.00013936302215889818, 0.00035573490997335667, -0.00010375277871316858, 0.0014444328460779259, -0.0011660492516402253, 0.00048132951299523284, -0.00038721539690834663, 0.0007629617234531869, -0.0008555104610374071, 0.0006826128083904097, -0.0009005083847153249, 0.0007958221653549311, -0.0006234711383570574, 0.0007320313908012214, -0.0004851584461001956, 0.000264554995715218, -0.00047729162567818414, 0.0003856905556509548, -0.0002764501729729581, 0.00036969211060618054]]
==============================
W2_SymmetryFactor_1
W2->P1
[[-1.0985465111487995, 1.7448109014504583, -0.5701519050192199, 0.6915258144158588, -1.1354685682291163, 0.4435689547840501, 0.21706904069879684, -0.31639603350610346, 0.10313093596995473, 0.02012762761828055, -0.025448609174153963, -1.2358228834821393e-05, 0.006845213983858629, -0.00546723859059185, -0.0015480530576762986, 0.004954354023608911, -0.0038658287797715737, 0.0005580631982506804, 0.005654534688543521, -0.005178828169948137, 0.0030066256891720933]]
W2->P2
[[0.46068416180574073, -0.020436244461332208, 0.16474793571282353, -0.6838506939073731, 0.5309532464880578, -0.5390841096391896, 0.27938229604886783, -0.253755028873676, 0.3464404683375429, -0.35564602438949744, 0.2733140133062365, -0.37865335639450154, 0.282809700366181, -0.22767502601012257, 0.2749350153074658, -0.1613141593345285, 0.11547934357976747, -0.17984120797026554, 0.1032706134690167, -0.07756029209886893, 0.10864814229901479]]
==============================
P1_Energy_1
W2->P1
[[0.0, 0.0, 0.0, 0.0, 0.0, 0.0, 0.0, 0.0, 0.0, 0.0, 0.0, 0.0, 0.0, 0.0, 0.0, 0.0, 0.0, 0.0, 0.0, 0.0, 0.0]]
W2->P2
[[0.0, 0.0, 0.0, 0.0, 0.0, 0.0, 0.0, 0.0, 0.0, 0.0, 0.0, 0.0, 0.0, 0.0, 0.0, 0.0, 0.0, 0.0, 0.0, 0.0, 0.0]]
