==============================
P1_SymmetryFactor_1
P1->P2
[[0.43429502400146003, -6.689933054104984e-07, -1.5892874841804209e-06, -3.956021914173629e-07, 1.1085491621637335e-06, -1.1555490815750092e-06, 1.7081058939150788e-06, -7.627493650366742e-07]]
==============================
P2_SymmetryFactor_1
P1->P2
[[0.0, 0.0, 0.0, 0.0, 0.0, 0.0, 0.0, 0.0]]
==============================
P2_Energy_1
P1->P2
[[0.0, 0.0, 0.0, 0.0, 0.0, 0.0, 0.0, 0.0]]
==============================
B2_Frequencies_1
P1->P2
[[-0.8317730731032198, -0.9669505141606507, -0.43855443822557555, -0.17646618275743073, -0.0590988046101096, -0.015870284191519753, -0.003388592813040044, -0.00044515878153196417]]
==============================
P2_Frequencies_1
P1->P2
[[0.0, 0.0, 0.0, 0.0, 0.0, 0.0, 0.0, 0.0]]
==============================
P1_Frequencies_1
P1->P2
[[0.33635276425925453, 0.5722824204195263, 0.3630216917275395, 0.17978530328928316, 0.07310166234136198, 0.025435890769927274, 0.0076701936028589985, 0.0019841846345781994]]
==============================
B2_SymmetryFactor_1
P1->P2
[[-0.434294199129511, -1.6101113312339007e-06, -1.1055993871433282e-06, -2.698622204168499e-06, 1.7759840801233459e-06, -1.0648012736665425e-06, 3.1338802986615514e-06, -1.096430985581638e-06]]
==============================
B2_Energy_1
P1->P2
[[-0.001666269206615936, 0.0014579817800908087, -1.35280310035517e-09, -2.690364155325237e-09, 5.498460532981304e-09, -7.566220155269704e-10, 1.1640919945875444e-08, -1.196571403259788e-08]]
==============================
P1_Energy_1
P1->P2
[[0.001666268559639643, -0.00145798296837594, 3.5399367960020813e-09, -3.6983555868548765e-09, 8.877516657124769e-09, -8.839672510581524e-10, 1.3590737262859148e-09, -1.794732400082835e-09]]
==============================
B2_ImaginaryFrequency_1
P1->P2
[[1.1559572372202152, -1.292724940630762, 0.06809101775744685, 0.08909979587627094, 0.0037656700868845742, -0.004694134003271627, -0.0016890773901470535, 0.0019783569485314107]]
