==============================
B1_Frequencies_1
W1->P0
T_min:200.0 K    T_max:3000.0 K    P_min:0.0001 atm    P_max:10.0 atm
[[-1.2665659429288532, 1.83524733796306, -0.056789894112921124, -0.0022878997028913384, 7.467143378305838, 0.5860423191727008, 0.057418853934173564, -0.0009729168602692351, -0.2539649395917958, 0.008642458111210671, -0.0013334732753789158, 0.0014651956818481082, -0.09550573678305907, -0.012487423350032723, -0.0015593020907567895, 0.00012870824923461033, -0.022378187364543223, -0.008349214023384843, -0.00043022887129140486, -1.773592536014057e-05, 0.004219380203093315, -0.004572935900046149, -0.00019882001745585853, -9.146442584884173e-05, 0.009468308248753998, -0.001505295849285937, -0.0001010703627295495, -6.064642195885428e-05, 0.0072979584091501515, 1.1509496157136034e-05, 7.66011579306225e-06, -3.795066846534745e-05, 0.004044190122583224, 0.00041602096503579045, 6.555985705725131e-05, -2.1443380624708297e-05, 0.00150850191576124, 0.0003716293041569063, 5.719094524286872e-05, -7.496837689524583e-07, 0.0007147683549086903, 1.4428364396135152e-05, 8.58017687054291e-05, -1.5323395107236237e-05, 1.2675565912667608e-05, 9.668270453122574e-07, 1.5998604124656257e-05, 7.119479128792072e-06, 0.00033682371422069646, -0.00017621180987648088, 4.8072034779300665e-05, -1.6059009674218583e-05, 1.0682385376048487e-05, -5.883967308489835e-05, 7.969671702801051e-06, 2.746811413878447e-07, 0.0002021065372841413, -5.831688946988933e-05, 1.285553195851108e-05, -8.25682351068835e-06]]
==============================
B1_Energy_1
W1->P0
T_min:200.0 K    T_max:3000.0 K    P_min:0.0001 atm    P_max:10.0 atm
[[-1.3201500972518956, 1.8357007325608419, -0.056382465688164185, -0.002155685672000085, 7.515941023181912, 0.5876508314264355, 0.056258975294312785, -0.0007836517208354987, -0.2556687037369416, 0.008536144385928757, -0.0012576250390547994, 0.0014332800135150037, -0.09707000448873926, -0.012547421082880206, -0.001393654662220245, 9.113907471169913e-05, -0.02350361849265692, -0.008155615164975982, -0.00047178065723185725, -6.236684733318398e-06, 0.0032464654034531915, -0.0043835197740140774, -0.00025359741907304834, -7.455717373250348e-05, 0.008857742215179404, -0.0013828201615890823, -0.0001461201342418672, -4.658154415215776e-05, 0.006828544363700451, 9.714627210094529e-05, -1.5169934252989847e-05, -3.186703991797657e-05, 0.0035982565466600724, 0.0004570466522581529, 7.691830716710646e-05, -2.5149295415083373e-05, 0.001195269327490811, 0.0004567271693658448, 3.7764719771127275e-05, 3.3470903486598758e-06, 0.00022585398750429864, 0.00010805075673481213, 7.96999265015863e-05, -1.3009178864042958e-05, -0.000233357841022519, 0.00010644057737141388, -2.3382024349372088e-05, 1.8117415712559648e-05, -5.184577830752435e-05, -0.0001525583353177984, 6.730744953808987e-05, -2.05892419628817e-05, -0.00014050499438034159, 7.079013136301882e-05, -5.210692094270719e-05, 1.6410677946110397e-05, 1.2946830290072597e-06, -8.842887795468268e-05, 4.86962892014553e-05, -1.9473321476004557e-05]]
==============================
W1_Frequencies_1
W1->P0
T_min:200.0 K    T_max:3000.0 K    P_min:0.0001 atm    P_max:10.0 atm
[[-1.311516596824274, 1.8448743752561878, -0.05815538587279068, -0.001032238778623018, 7.469817695981472, 0.5798393352120409, 0.057016822564659675, -0.0011101734905476501, -0.24057049955098764, 0.006116485974449359, 0.0005434055911717195, 0.0006439909463989424, -0.09138515851648543, -0.011578533782427014, -0.0015970708300751327, 8.996743659661632e-05, -0.0225192232737923, -0.007222193257167109, -0.0008734349617371961, 0.00011739176304048637, 0.0032123988216518073, -0.003922743112816818, -0.0005235626844899421, 2.8271487832909337e-05, 0.00876247869346869, -0.0013233511197801029, -0.00023473459475231717, -8.297215170427474e-06, 0.006990239431307832, 8.078341918937859e-05, -8.521946684736381e-05, -7.023685864249174e-06, 0.003983010336196968, 0.000487980472131444, -1.982279315852764e-05, 2.4398046787332817e-06, 0.0015439129019523268, 0.00042139375928940126, 1.186761755156418e-05, 9.778629164958197e-06, 0.000674493434879464, 0.00022924048548544906, -4.40337222523679e-05, 2.4364642156382565e-05, 2.103778679440893e-05, 4.599826944673424e-05, -5.730662463843128e-06, 1.03503493829038e-05, 0.0002547072814014506, 1.8300230517631633e-05, -7.056866181043286e-05, 2.2227199290181243e-05, -1.1509868203418705e-05, -2.1475355717615052e-05, -1.2191566023389555e-05, 5.268685784320937e-06, 0.0001959170439933544, -1.2509755046907767e-05, -2.3679829424194665e-05, 5.491813492963793e-06]]
==============================
W1_Energy_1
W1->P0
T_min:200.0 K    T_max:3000.0 K    P_min:0.0001 atm    P_max:10.0 atm
[[-1.2125131679150631, 1.838577125304191, -0.05685691638578205, -0.001976231463808542, 7.415827192698241, 0.5841696333713627, 0.0571590251142815, -0.001032327958810031, -0.25270199448937003, 0.008012641502101236, -0.0012901106823022257, 0.001382255479266764, -0.09476578919200807, -0.012203718563079669, -0.0017676578822160838, 0.0001917391575722016, -0.021919699159829165, -0.008241836493964039, -0.00048218733729710195, 1.4887552906017731e-06, 0.004351611723618309, -0.004434259903039028, -0.000259387571252212, -6.7765963911115e-05, 0.009388530067779344, -0.0014206100817445444, -0.00011660673906221941, -5.325375550935263e-05, 0.0071052685537711935, 0.0001054089089829735, -2.5414854649741248e-05, -2.5935209966743145e-05, 0.003851229432759673, 0.00047875462366592236, 3.219557605006751e-05, -1.0600582757258614e-05, 0.0013423425216807505, 0.00042246215585084457, 3.530515206628948e-05, 4.842276482119878e-06, 0.0006078581894721768, 7.32587204483881e-05, 3.3520859871405406e-05, -2.569729277146493e-07, -5.754146978920183e-05, 3.153200841210513e-05, -1.8019197983720758e-07, 8.515344586790263e-06, 0.00031388865851222914, -0.00013625986171073023, -2.447879575040446e-06, -7.287544484535502e-07, -1.918104483134009e-05, -2.400819171460844e-05, -9.847473843027643e-06, 3.4574284373256603e-06, 0.00021053347362531838, -4.59451511604092e-05, -1.524300141331203e-05, 1.3953219708540132e-06]]
==============================
P0_SymmetryFactor_1
W1->P0
T_min:200.0 K    T_max:3000.0 K    P_min:0.0001 atm    P_max:10.0 atm
[[-1.2661824042400203, 1.8371014821362674, -0.056606530096196095, -0.002068058059304767, 7.466457518095163, 0.5855879211420069, 0.05686667510224663, -0.0009595994077526981, -0.2540181009307094, 0.008374726757856, -0.0013471740464541249, 0.0014318480912660636, -0.09546904139294321, -0.01250742325112797, -0.0015238659940049887, 0.00012619012158776588, -0.022374512715700234, -0.008320717963734903, -0.00042788370504709405, -1.5455956402510296e-05, 0.0042115005680870565, -0.004533110876298818, -0.0002085530190170104, -8.457642520565134e-05, 0.009480470216701398, -0.0015138559334799684, -9.100510551196539e-05, -6.212336453476075e-05, 0.007286228230848624, 3.434371401883629e-05, -2.635788908578185e-06, -3.372079966246222e-05, 0.004073371483295729, 0.0003666287934625534, 9.087735979138034e-05, -2.8646892249128975e-05, 0.0015009412469288996, 0.00038144133800099844, 5.168989340198493e-05, 4.364409237345157e-07, 0.0007327937493077363, -1.59627743956392e-05, 0.00010128966293110331, -1.9803567944731704e-05, -3.7774936934020786e-06, 2.7239879132112677e-05, 2.0934786627013757e-06, 1.0907562416229144e-05, 0.0003678719330915403, -0.00022731146528170987, 7.532337630733466e-05, -2.4348462545259464e-05, -1.793580280207152e-05, -1.1254145404371307e-05, -1.6956486859953657e-05, 7.804117018617163e-06, 0.00023146503313031808, -0.00010712277674201909, 3.91511237834985e-05, -1.627673423221232e-05]]
==============================
B1_ImaginaryFrequency_1
W1->P0
T_min:200.0 K    T_max:3000.0 K    P_min:0.0001 atm    P_max:10.0 atm
[[-1.1757627484640325, 1.8425882308367574, -0.07024366180698471, -0.0011008280677227145, 7.379763332811928, 0.5763425919438722, 0.06830065631906757, -0.0016769952552044831, -0.2508804218909533, 0.010626201007181035, -0.0004567920875890863, 0.0014262860141453504, -0.0937992538053436, -0.01232558864407074, -0.002041181819762483, 0.00013199425501997375, -0.021401614356678866, -0.008246900257880774, -0.0007030744611671302, 3.2895626605466965e-05, 0.004706430444208487, -0.004531970283461528, -0.0003113858492216348, -6.914636136434726e-05, 0.0096128183129493, -0.0014882282306916128, -0.0001231379362592877, -5.9567681774730374e-05, 0.007281038670461981, 1.6560554994715648e-05, 2.2340652258090454e-05, -4.158835855272436e-05, 0.003977886302537592, 0.0004279041889596602, 7.319218412583928e-05, -1.8331246917524524e-05, 0.001484236463794586, 0.00033606770087257765, 8.229091578404457e-05, -6.1224625744760175e-06, 0.0007015050598974115, 1.0582577302131746e-05, 8.123762703282633e-05, -8.3411592670668e-06, 3.0354926309872354e-05, -2.6469041123133863e-05, 2.6472855350345714e-05, 2.5739276201530714e-06, 0.0003481878291581031, -0.00017867840201402085, 4.1548698633819825e-05, -9.770407389780855e-06, -8.95366767950101e-06, -1.6442378356740228e-05, -1.5558835281703765e-05, 5.891309288630353e-06, 0.00021329776775180775, -6.89988433453248e-05, 1.7000347252160708e-05, -7.26826602992503e-06]]
==============================
W1_SymmetryFactor_1
W1->P0
T_min:200.0 K    T_max:3000.0 K    P_min:0.0001 atm    P_max:10.0 atm
[[-1.256066377869771, 1.8423996454984102, -0.05720392976331412, -0.0018246410923155043, 7.456984364524621, 0.5815784454304435, 0.05708361297895004, -0.0009962519207216136, -0.25387841178080306, 0.007884949765629923, -0.0011879900528244391, 0.001341084043416152, -0.09537415313652842, -0.01222945881387405, -0.0016302016513491807, 0.00015568986690472908, -0.02224496815149246, -0.008277535937744385, -0.00043468558473280794, -1.2729741023065344e-05, 0.004225961972474046, -0.004411543440827392, -0.0002570640666574864, -6.720023973527667e-05, 0.00949158570902442, -0.0014790315831564316, -0.00010098433400085316, -5.668676835046682e-05, 0.007273346502757738, 5.820895693015027e-05, -1.2109134614302075e-05, -2.948645175204767e-05, 0.004012432291212342, 0.00045474649970639325, 4.369889427055518e-05, -1.3314247516604816e-05, 0.0015293287886224416, 0.000320670745973306, 8.121147546119589e-05, -8.170704273058327e-06, 0.0006610556854674821, 9.936433321022786e-05, 3.86107784826617e-05, 3.989256236458516e-08, 5.6828482615900455e-05, -7.577525375035421e-05, 5.4997555318403446e-05, -5.658604412539514e-06, 0.0002733294429559108, -6.528859792537256e-05, -1.1247816738557681e-05, 3.544996792559374e-06, 4.6538918694549736e-05, -0.00011888715696922736, 3.985246220628014e-05, -1.0499482448134145e-05, 0.00015961665112751433, 1.5197406257716484e-05, -2.5996511805459477e-05, 4.602351454274789e-06]]
==============================
P0_Energy_1
W1->P0
T_min:200.0 K    T_max:3000.0 K    P_min:0.0001 atm    P_max:10.0 atm
[[-1.2661824042400203, 1.8371014821362674, -0.056606530096196095, -0.002068058059304767, 7.466457518095163, 0.5855879211420069, 0.05686667510224663, -0.0009595994077526981, -0.2540181009307094, 0.008374726757856, -0.0013471740464541249, 0.0014318480912660636, -0.09546904139294321, -0.01250742325112797, -0.0015238659940049887, 0.00012619012158776588, -0.022374512715700234, -0.008320717963734903, -0.00042788370504709405, -1.5455956402510296e-05, 0.0042115005680870565, -0.004533110876298818, -0.0002085530190170104, -8.457642520565134e-05, 0.009480470216701398, -0.0015138559334799684, -9.100510551196539e-05, -6.212336453476075e-05, 0.007286228230848624, 3.434371401883629e-05, -2.635788908578185e-06, -3.372079966246222e-05, 0.004073371483295729, 0.0003666287934625534, 9.087735979138034e-05, -2.8646892249128975e-05, 0.0015009412469288996, 0.00038144133800099844, 5.168989340198493e-05, 4.364409237345157e-07, 0.0007327937493077363, -1.59627743956392e-05, 0.00010128966293110331, -1.9803567944731704e-05, -3.7774936934020786e-06, 2.7239879132112677e-05, 2.0934786627013757e-06, 1.0907562416229144e-05, 0.0003678719330915403, -0.00022731146528170987, 7.532337630733466e-05, -2.4348462545259464e-05, -1.793580280207152e-05, -1.1254145404371307e-05, -1.6956486859953657e-05, 7.804117018617163e-06, 0.00023146503313031808, -0.00010712277674201909, 3.91511237834985e-05, -1.627673423221232e-05]]
==============================
B1_SymmetryFactor_1
W1->P0
T_min:200.0 K    T_max:3000.0 K    P_min:0.0001 atm    P_max:10.0 atm
[[-1.6792346716335027, 1.5799486246096954, -0.01833195313594771, -0.027415426943041554, 7.862137908342861, 0.7451992745818271, 0.043820437599901396, 0.004452164958903326, -0.26613012991914897, 0.05325459785920805, -0.014899203521114845, 0.010886403478559042, -0.10507202225244727, -0.013633578940992042, -0.001988592020821328, 0.0006228122696169125, -0.026826403859471437, -0.011617671227472814, 0.0005334773205416532, -0.0004865226329268113, 0.00170464680759852, -0.006908619133000338, 0.0001431590215543732, -0.000420928386471342, 0.008777499300864688, -0.0030434633911115005, 0.0001319689643660693, -0.0003008921488408256, 0.007429464065336622, -0.0006116102721017702, 7.669814407346154e-05, -0.00014946374046753697, 0.004333790349863809, 0.00039103780280658196, 2.3982634041991302e-05, -4.209662255683089e-05, 0.001733064062091616, 0.0005906738789553945, 9.742160411385647e-06, 1.666887109430526e-05, 0.0006809419677176742, 0.00032357982444652933, -3.309313376076428e-05, 2.7798375156429245e-05, -2.1717698832857124e-05, 0.00018040284937126394, -1.9342655685539167e-05, 2.718596586792632e-05, 0.00019581380598665543, -5.1823092258929115e-05, -3.402399189067484e-05, 6.105948973933462e-06, -5.0520747415294665e-05, 1.0782487145089004e-05, -1.9639499740042865e-05, 8.327125366580646e-06, 0.000133071684164765, -1.9252803108105176e-05, -3.545278938599239e-05, 2.118476779222611e-06]]
==============================
P0_Frequencies_1
W1->P0
T_min:200.0 K    T_max:3000.0 K    P_min:0.0001 atm    P_max:10.0 atm
[[-1.2661824042400203, 1.8371014821362674, -0.056606530096196095, -0.002068058059304767, 7.466457518095163, 0.5855879211420069, 0.05686667510224663, -0.0009595994077526981, -0.2540181009307094, 0.008374726757856, -0.0013471740464541249, 0.0014318480912660636, -0.09546904139294321, -0.01250742325112797, -0.0015238659940049887, 0.00012619012158776588, -0.022374512715700234, -0.008320717963734903, -0.00042788370504709405, -1.5455956402510296e-05, 0.0042115005680870565, -0.004533110876298818, -0.0002085530190170104, -8.457642520565134e-05, 0.009480470216701398, -0.0015138559334799684, -9.100510551196539e-05, -6.212336453476075e-05, 0.007286228230848624, 3.434371401883629e-05, -2.635788908578185e-06, -3.372079966246222e-05, 0.004073371483295729, 0.0003666287934625534, 9.087735979138034e-05, -2.8646892249128975e-05, 0.0015009412469288996, 0.00038144133800099844, 5.168989340198493e-05, 4.364409237345157e-07, 0.0007327937493077363, -1.59627743956392e-05, 0.00010128966293110331, -1.9803567944731704e-05, -3.7774936934020786e-06, 2.7239879132112677e-05, 2.0934786627013757e-06, 1.0907562416229144e-05, 0.0003678719330915403, -0.00022731146528170987, 7.532337630733466e-05, -2.4348462545259464e-05, -1.793580280207152e-05, -1.1254145404371307e-05, -1.6956486859953657e-05, 7.804117018617163e-06, 0.00023146503313031808, -0.00010712277674201909, 3.91511237834985e-05, -1.627673423221232e-05]]
