==============================
W1_Energy_1
W1->P3
[[0.00033302340494014825, 0.000546532012045957, -0.0017708389743430768, 0.0009854514570203305, -0.0004341197959966968, 0.00014641555242132464]]
W1->P2
[[0.001106512880218018, -0.0008207180563287829, -0.0005659349264892305, 0.000337031632809978, -0.00014721710849953292, 4.6642481631453807e-05]]
W1->P1
[[0.0012711476595627142, -0.0008534301511360967, -0.0005342121107192506, 0.00028867628732894734, -0.00014037615523464526, 4.1974546686931904e-05]]
P1->P2
[[0.00010282731639416534, -0.0001524857889394439, 6.994368820945908e-05, -3.616607078014381e-05, 2.2341903606100584e-05, -6.370207592746946e-06]]
P1->P3
[[-0.0005269307949452512, 0.0010051293102142445, -0.000826696971709972, 0.0005217674345849644, -0.00021751808776302004, 4.499388176036762e-05]]
P2->P3
[[-2.139832570902884e-05, 5.589528796638465e-05, -7.298174522708813e-05, 6.363217936001037e-05, -3.297766231761844e-05, 8.186793934837133e-06]]
