==============================
W1_Energy_1
W1->R
T_min:200 K    T_max:3000 K    P_min:0.0001 atm    P_max:10 atm
[[-26.857519553366977, 2.865695232164999, 0.10116537626941399, -0.048914176008076855, 22.820506586555403, -1.532024613955749, -0.7905351524315501, 0.12301053212934687, 17.483963675196456, 1.8921514120429228, 0.9019352455075482, -0.16649817403518663, -13.04803692492544, -1.2672395157349534, -0.47792269255569375, 0.11172265236047789, 7.073404320510332, 0.7959480285530985, 0.2693012545924956, -0.04686387706678769, -3.651804378960381, -0.3551971951547798, -0.13407115594716576, 0.027249554743079173, 1.1979063046330152, 0.11994945229312466, 0.04761646567709562, -0.010158291558207688, -0.33307873151748535, -0.033854367238731045, -0.007796328510342555, 0.0013928222879531482]]
W1->P3
T_min:200 K    T_max:3000 K    P_min:0.0001 atm    P_max:10 atm
[[-24.395824627115925, 0.4560153132067972, -0.224144554105496, 0.16120407319074703, 18.689958966546413, 0.08252686061967394, 0.620949787214875, -0.35703188281524745, 18.97527611208133, 0.5741799853124908, -0.3540581467903256, 0.26129226731931493, -13.939664082470149, -0.1677469237207496, 0.38177923218297777, -0.20404368412038373, 7.567795984737088, 0.24362123600477845, -0.2118760817315254, 0.13389425465227558, -3.8867996222444576, -0.09880255292485166, 0.11169838261360257, -0.06282481004617779, 1.247333370258048, 0.07354416165226764, -0.0623201486250875, 0.03059846783806269, -0.3486532843240638, -0.02154642197751443, 0.016187658343405263, -0.009704477664801349]]
W1->P2
T_min:200 K    T_max:3000 K    P_min:0.0001 atm    P_max:10 atm
[[-25.28253822913419, -2.371265099011782, 1.9891509540190546, -0.44220249366840186, 17.784306673520792, 6.127244790171835, -3.6109407386043797, 0.7680726195231201, 20.548518389484013, -4.063160019404156, 3.066792612958617, -0.6570076520222368, -15.163007282462008, 3.0763614031732227, -1.996892457522674, 0.44457730640291937, 8.270981011336117, -1.6469524559391358, 1.149382544770781, -0.23956509109276142, -4.2296361379786935, 0.8206845824153023, -0.5536758174870002, 0.12016979854010255, 1.3810892099846575, -0.2637827482618504, 0.1791843926669583, -0.03922860907022931, -0.37365234389579277, 0.051239851958273186, -0.035273994155581904, 0.006205662995744949]]
W1->P1
T_min:200 K    T_max:3000 K    P_min:0.0001 atm    P_max:10 atm
[[-26.682886528654752, 3.0336298896598057, -0.7318152274742918, 0.24284677314380673, 21.64698103369055, -2.1531850524331015, 0.564252953385589, -0.3366471495594676, 18.24372007250867, 2.175510605736537, -0.23186089039935795, 0.22198752492495108, -13.682587518307963, -1.467871837650869, 0.3000458186782659, -0.16003374078620522, 7.420912706602734, 0.9205614893800277, -0.16892923424647535, 0.10889756520154349, -3.8354648888913268, -0.3883947566434733, 0.07053015402521882, -0.04399255544261884, 1.252240974473932, 0.14600226873227176, -0.02827506130577234, 0.01722312587962796, -0.3506577796368576, -0.03426749510868197, 0.00834093973785896, -0.0047248632722624]]
W1->P7
T_min:200 K    T_max:3000 K    P_min:0.0001 atm    P_max:10 atm
[[-74.96099630792115, -1.9143034813934854, 0.8323683244736563, 0.225484696907514, 69.02989671941442, 6.279971823711434, -1.7685487865577767, -0.44708865795695774, 2.883541181129398, -3.5905389437388053, 1.356761235437862, 0.35641939587249716, -0.7572241309912263, 2.5094108609045906, -0.7758435410042788, -0.25540612956382747, 0.23537980259160396, -1.418781631210195, 0.45859546049782335, 0.1650023732115272, 0.16616718374438605, 0.5616098493989482, -0.18051548395584455, -0.07882687432897696, -0.16267843939807183, -0.07586625006644142, 0.023182927771991737, 0.031871519018239196, 0.1288534768697576, -0.021763278229060583, 0.005169050666766222, -0.007692196563233887]]
W1->P6
T_min:200 K    T_max:3000 K    P_min:0.0001 atm    P_max:10 atm
[[13.765657947900275, -126.83767056481662, 84.84814452691612, -16.87291708287444, -67.96990284792969, 238.43223140856833, -153.35596847976953, 29.96177137632793, 95.912688717524, -189.14512277764558, 119.71427394035925, -22.653674982325036, -65.8167685975713, 128.95973348668892, -82.18199923360685, 15.525532927564267, 36.75829664679246, -72.91858952891015, 46.64770321704318, -8.766573070899023, -16.92748345296001, 33.41272200471568, -21.61744459599003, 4.063894347945507, 5.688339387050101, -11.358682124736896, 7.3728826071141675, -1.3792682308721074, -1.3188274739019816, 2.585690328353668, -1.7183309956210016, 0.3308368466725883]]
W1->P5
T_min:200 K    T_max:3000 K    P_min:0.0001 atm    P_max:10 atm
[[-48.1448316085679, 22.440157177168057, -3.7709931205117053, -0.14811426633709462, 54.50364919522916, -33.398279076039685, 5.427314286339359, 0.3658766034122988, -4.232238973200187, 23.904105826173588, -2.5498920237626486, -0.6106433769136913, 2.1628553221123212, -16.716061495839252, 1.8816398677037747, 0.45931384971083344, -1.5870048471368698, 9.591641452283554, -1.0812322660258231, -0.24788268159761623, 0.4331039038683137, -4.46864266332975, 0.47626454336700863, 0.12743510453477105, -0.1935826130551887, 1.5230896449285507, -0.16003667244961503, -0.04417045934898745, -0.021860711272637577, -0.3339046644436282, 0.026326665056411, 0.012959467539564617]]
W1->P4
T_min:200 K    T_max:3000 K    P_min:0.0001 atm    P_max:10 atm
[[-21.08274362624604, 1.1819460469428136, 0.8643826078243375, -0.5733450992296705, 10.099701427562835, -1.1313481963045724, -1.3533527888312527, 0.9957125828550538, 25.087942475325942, 1.702758920630576, 1.2151533756635857, -0.8234511441885756, -17.81053505278713, -0.8483457166629254, -0.6814152060779151, 0.5358153925282614, 9.8471960539455, 0.666526324850817, 0.3583599704452736, -0.2803478106369211, -4.946438470420788, -0.30263694617642484, -0.13925868916455855, 0.12537988402635167, 1.5371963093855714, 0.1384860365932323, 0.00925102210045034, -0.030270518811036297, -0.3721507659257366, -0.025845759885015706, 0.004869645176561783, 0.0008014199146082293]]
P5->P6
T_min:200 K    T_max:3000 K    P_min:0.0001 atm    P_max:10 atm
[[-15.910933591701857, -0.30972342860972, 0.14195171261685385, -0.06701721815298935, 3.8135106505033938, 0.41258575164024364, -0.18695171333815536, 0.09005631438852156, 0.9783651579054946, -0.14397787915586782, 0.06124508157480872, -0.0328917430172481, -0.4669102973033002, 0.09359497074650527, -0.03893882156388006, 0.021715750015743284, 0.3710817731195669, -0.07568103871515924, 0.03271525744167223, -0.017108807870140165, -0.14057576735907606, 0.03076914736686115, -0.01318069238141139, 0.006995876504184036, 0.05803806308683815, -0.011995480544059406, 0.0051269263771821895, -0.002730640174173135, -0.012454247874410287, 0.004279329735504958, -0.001903983372156178, 0.000947272686900967]]
P5->P7
T_min:200 K    T_max:3000 K    P_min:0.0001 atm    P_max:10 atm
[[-36.02663040689568, 0.012558259443249398, -0.00668542657237225, 0.002118449669309229, 22.18890280504497, -0.023704098323091678, 0.012594543922539246, -0.004013407814908384, -0.31999766162654303, 0.01925006609526831, -0.010212733307224902, 0.003267479689958734, 0.107049662420854, -0.01320304486472173, 0.007007936158035575, -0.0022368947261249446, -0.08007358636688407, 0.00763288520595138, -0.004048141638601674, 0.0012937811438899504, 0.0469179102796469, -0.003535064379684622, 0.001873576960770269, -0.0005989927821937655, -0.012683844741482875, 0.0012093994847209343, -0.0006406962325810308, 0.00020479529300793564, 0.00608734181344247, -0.00023845986079552804, 0.0001259368022761179, -4.078067633927091e-05]]
P6->P7
T_min:200 K    T_max:3000 K    P_min:0.0001 atm    P_max:10 atm
[[-32.40481727634001, 0.026578630972591277, -0.013992431728681622, 0.004393280630835719, 19.268825919996253, -0.05009234963371614, 0.02631669730368538, -0.008323099249098066, -1.3427668759845537, 0.04030145159415073, -0.021139647473097795, 0.006727216208530294, 0.9635822648423433, -0.026977046491988527, 0.014164497108214928, -0.004501675841132834, -0.5277129112520856, 0.01506361624335793, -0.007907823888880268, 0.002522201764994897, 0.2794009321743478, -0.006672767011686802, 0.0035031366825277253, -0.0011221755455927869, -0.08820986741285315, 0.002124253853692596, -0.001116436781074155, 0.0003587378729276877, 0.02695352126614156, -0.0004117271458690172, 0.0002158749738166913, -7.079081516676078e-05]]
P3->P4
T_min:200 K    T_max:3000 K    P_min:0.0001 atm    P_max:10 atm
[[-21.27864114889401, -11.122844783483224, 0.7374958228301653, 0.17472241167130528, 4.914468375666958, 19.04204423991508, -1.3616194893886155, -0.37439562944439864, 2.2116761073540254, -13.87861194554494, 1.156173701385531, 0.2981335926420668, -1.2615746743862148, 9.886376751069374, -0.8145173545534863, -0.17224959581376273, 0.7620476908378074, -5.721240293176573, 0.40908447944687987, 0.12839695784850047, -0.16481305043082448, 2.5708599706159143, -0.20637312022939663, -0.06229172052059751, 0.13325150376294417, -0.9735064759466464, 0.09345210635271929, 0.012563345372821359, 0.03313094279657303, 0.18424683590827012, -0.011431636184625442, -0.006086899718591507]]
P3->P5
T_min:200 K    T_max:3000 K    P_min:0.0001 atm    P_max:10 atm
[[-23.15395969277239, -5.5629977527355745, 2.583034897753436, -1.354951184585836, 9.192720539340392, 10.256704728771899, -4.952115210560699, 2.4242732496166592, 2.2033689421848996, -8.55642038717659, 4.3829190981366795, -1.9225143566255645, -1.552940889675219, 6.338185613902889, -3.2700908651485676, 1.415786000789192, 0.9368693923802364, -3.6050717493218514, 1.8278542398074071, -0.821031428364156, -0.32499911943755083, 1.6088754574118407, -0.8172591418151501, 0.36600487557489, 0.15472866945292538, -0.6023233463473094, 0.30525221293425026, -0.13691855124016106, -0.008190886993897334, 0.11780903385660818, -0.056718948155616115, 0.028397672838517397]]
P3->P6
T_min:200 K    T_max:3000 K    P_min:0.0001 atm    P_max:10 atm
[[-32.27598473857808, -0.1626432426468023, 0.08635932852371389, -0.030946143189130325, 20.009500713030615, 0.25745207161711037, -0.1367231337384996, 0.049279113154668576, -3.1643728568637695, -0.162779408906982, 0.08619896732703472, -0.03168664343197793, 2.4290063797740173, 0.11885562711229442, -0.06277470333320304, 0.023212929012382703, -1.2861548272641563, -0.07380187384962834, 0.03910964008441515, -0.014293617832697614, 0.6794169536218776, 0.03206096898068833, -0.017005917673181922, 0.006220459832397078, -0.2170009057533303, -0.012442550611330672, 0.006592111946870188, -0.0024151543180432372, 0.06270511985090871, 0.0031522806900325107, -0.0016885925884541617, 0.0005980953685283291]]
P3->P7
T_min:200 K    T_max:3000 K    P_min:0.0001 atm    P_max:10 atm
[[-52.333321772106245, 0.008979016040894905, -0.004857928823335884, 0.001736181728278025, 37.84157883563522, -0.016984754985027495, 0.009168157303418946, -0.003284127174627901, -3.7573638080578156, 0.0138431107559747, -0.007455409329805216, 0.0026685832183227435, 2.6365577645938547, -0.009575219378175953, 0.005151628770844524, -0.0018312772014677276, -1.4837962215293374, 0.00562854309884259, -0.0030190781595776125, 0.0010653931944925087, 0.7454198792719504, -0.0026868377197269253, 0.001436000638348963, -0.0005005234710768914, -0.24673769043126612, 0.0009666930704613397, -0.000514335268262687, 0.00017658216756613927, 0.06781531130584212, -0.00022403996060062586, 0.00011860371316561223, -4.030059817744559e-05]]
P1->P2
T_min:200 K    T_max:3000 K    P_min:0.0001 atm    P_max:10 atm
[[-19.66587625106532, -0.0858564387399472, -3.1895612249964613, 0.9274768478282395, 12.506182951731303, -0.44170142049566263, 5.555395877334753, -1.7129736570086573, -10.25282346657785, 0.82477870869424, -4.046888842769131, 1.3151381256928099, 7.2424098035705216, -0.48381523031593865, 2.8377478737645565, -0.879907958734636, -4.171206153382872, 0.3532479091993207, -1.7151562645732856, 0.5359457373489169, 2.0924804329971614, -0.1908001218864623, 0.7678172907089275, -0.2500977708397085, -0.6918837025783102, 0.04172220326631208, -0.2699366396206195, 0.08442451848969605, 0.20119093465949087, -0.02157311890339684, 0.0590032641572313, -0.020344825924550617]]
P1->P3
T_min:200 K    T_max:3000 K    P_min:0.0001 atm    P_max:10 atm
[[-22.627197119010773, 1.7368086245835306, -2.103183668497616, 0.6150830430427165, 19.08424131328177, -3.9475840037535717, 3.4872016125215937, -1.114342920940124, -15.996087079495192, 3.7108891520071983, -2.3808368019499024, 0.8243600762862887, 11.0573787014912, -2.4653695343077837, 1.7169608817008533, -0.5483916470038989, -6.456948992945519, 1.5282147539281847, -1.0376666269402421, 0.3368381101706547, 3.140964487529636, -0.7340712816512629, 0.4406812905569737, -0.15151491837805206, -1.0700550655103092, 0.23699741865506582, -0.15464117598649266, 0.04905695149868915, 0.2903767596772772, -0.0715697171749153, 0.028945255075809685, -0.01092589362292395]]
P1->P6
T_min:200 K    T_max:3000 K    P_min:0.0001 atm    P_max:10 atm
[[-22.52469304911452, -0.07024226486125862, 0.045859888587343904, -0.010554247384740858, 11.752364171150054, 0.11745030619857466, -0.07588936163782611, 0.01836110826897626, -4.088064415938977, -0.08445329533259766, 0.05315996726865298, -0.014242949987781361, 3.1107179407776915, 0.06479637187870932, -0.04028229410666438, 0.011022645624372237, -1.6560197537860084, -0.040173226795425614, 0.025006935783276094, -0.006694382450396525, 0.8630353463334804, 0.017938322001183473, -0.011140890493915293, 0.0030036775092675025, -0.27879992129722175, -0.007308128486875879, 0.00449398138722598, -0.0012229225393867147, 0.07786680617130746, 0.002007533644486374, -0.0012149095262620176, 0.00032809243404135433]]
P1->P7
T_min:200 K    T_max:3000 K    P_min:0.0001 atm    P_max:10 atm
[[-42.194182912846, 0.010722981061451975, -0.005565597485915784, 0.0016827951461624397, 28.651083507159182, -0.02008701027459814, 0.010419257197270099, -0.0031589979878389636, -3.8686930212806976, 0.016234654068969744, -0.008417682242875734, 0.0025569352257638466, 2.7940303291686077, -0.011188169828542507, 0.005802364430391142, -0.0017617693972881772, -1.5335040966778393, 0.0064844046795935585, -0.003362232659751847, 0.0010225550286002672, 0.7838984687447411, -0.0030343944754388143, 0.0015734010862640518, -0.000478906712267125, -0.25643940115949226, 0.0010488974052928967, -0.000543747211811075, 0.00016575603811337476, 0.07093364960272538, -0.00024782497966137964, 0.0001285679645726125, -3.929783293571193e-05]]
P1->P4
T_min:200 K    T_max:3000 K    P_min:0.0001 atm    P_max:10 atm
[[-21.00760565312208, -0.10967321460506696, -3.0503223831507102, 0.8801017482281056, 13.555788056536818, -0.4567501693790086, 5.283079537577143, -1.6169234204922882, -11.263499746673254, 0.883744652421834, -3.8312013916616983, 1.2342856532830093, 7.923476050234381, -0.5211602214157767, 2.7012678930303853, -0.8274018221144166, -4.579809634380189, 0.38885640239690883, -1.6268094971173737, 0.5023895379095346, 2.296363045001182, -0.21188724375834908, 0.7218133988685902, -0.23197734630131775, -0.7633850853937605, 0.049854470320180415, -0.25385453368641325, 0.07756256181982908, 0.22414910711551655, -0.028401967153104783, 0.054037514323795006, -0.018125947184334856]]
P1->P5
T_min:200 K    T_max:3000 K    P_min:0.0001 atm    P_max:10 atm
[[-14.018085710397385, -4.679728615316867, 2.0375906215393007, -1.2434553085257585, 2.2511012926005005, 8.580096078912936, -3.926642253820146, 2.2112380940129497, 0.1332980574309426, -7.1745038489640836, 3.5474081254297434, -1.7489010217814347, -0.0888689197092622, 5.361582607779129, -2.6806853936124417, 1.29451143921974, 0.09454161128179324, -3.016527274184297, 1.474197683667945, -0.7450334934558246, 0.07820482394766957, 1.3320533219003985, -0.6514796900265404, 0.32954129700886964, 0.011919572185769398, -0.49946324873735465, 0.2436389081209783, -0.1232785656535173, 0.027462919005313155, 0.09018405347170512, -0.040612400756797014, 0.02415929754108437]]
P4->P7
T_min:200 K    T_max:3000 K    P_min:0.0001 atm    P_max:10 atm
[[-83.62294489226014, 0.010535804320451092, -0.005069837588618345, 0.0013082250979947314, 64.93513735309025, -0.01980038264975457, 0.009515736296040831, -0.0024868838005341672, -4.061506083392265, 0.015782336283057977, -0.007573045048898094, 0.001996036017471081, 2.9000506708561216, -0.010376616379949818, 0.004970761245783069, -0.0013010524764231132, -1.6174259928208208, 0.005677334479301843, -0.002711037156725713, 0.0007105107714639861, 0.8145533775931781, -0.0023990004605568874, 0.0011383917199813398, -0.00029543852108781995, -0.26962811501604494, 0.0007211469710985472, -0.0003388721798571326, 8.638839213045484e-05, 0.0737218266709403, -0.00011111117285029301, 4.9977215059431126e-05, -1.1683267616971482e-05]]
P4->P6
T_min:200 K    T_max:3000 K    P_min:0.0001 atm    P_max:10 atm
[[-63.6957380356074, -0.22410261722104252, 0.10943616196532595, -0.046598764039549344, 47.1014308721186, 0.33880433415876493, -0.16469809738009447, 0.07111718107751187, -3.3999645774602394, -0.19162254948039403, 0.0918530764525255, -0.04125932655091847, 2.683793394352177, 0.13911667989517865, -0.06660242892081995, 0.029978885721726054, -1.397652767057105, -0.0901837345052142, 0.04354056992917899, -0.01919597963315462, 0.7428154868513671, 0.039109175162690996, -0.01887122131360661, 0.008342368719667518, -0.2365448100978118, -0.015464831505222616, 0.007477166265010183, -0.0032852480564155772, 0.06774417674980376, 0.004163889474095576, -0.0020560512109752773, 0.0008607799810149134]]
R->P2
T_min:200 K    T_max:3000 K    P_min:0.0001 atm    P_max:10 atm
[[-17.068074981949344, 2.717569426425229, -3.3055991702627385, 0.6001623722377516, 8.522036208403168, -5.543659717336413, 5.857591224677862, -1.1390589858978266, -6.414464279562953, 4.866957398303676, -4.331374622265018, 0.8772017317612493, 4.545964024412884, -3.3495310340269104, 3.005350658040299, -0.566822468881864, -2.6691872295946752, 2.0205424166281523, -1.8483687129341355, 0.3616194092648682, 1.2956579313284693, -0.9664226307952789, 0.8537303449036238, -0.17751865919375737, -0.4418884130143712, 0.333574428522114, -0.3043892224307065, 0.06054379782357468, 0.11614021612418662, -0.08310423331341844, 0.07436450948375133, -0.017407084420602955]]
R->P3
T_min:200 K    T_max:3000 K    P_min:0.0001 atm    P_max:10 atm
[[-16.54420922768265, 2.3069616880962682, -3.279351933909222, 0.9074081885709459, 8.522851310223578, -4.8503560506828025, 5.77043156828075, -1.700216919524104, -6.83546289315215, 4.376178605656265, -4.256190854684777, 1.3195422340998615, 4.72112255850509, -2.9963929646369625, 2.9759950397212127, -0.877005968120436, -2.789500191888007, 1.782558587073105, -1.800287238967747, 0.5375902907204122, 1.3275219253240291, -0.8378402692940125, 0.813353437520129, -0.25351446615506323, -0.4522060717031104, 0.27951688972583005, -0.2872949090157225, 0.08665636260657973, 0.11335535810871751, -0.06343752338010981, 0.06288070197642887, -0.02135425258625175]]
R->P1
T_min:200 K    T_max:3000 K    P_min:0.0001 atm    P_max:10 atm
[[-16.167369487713426, 2.3345314701650173, -2.784448782288387, 0.8794738959172065, 9.068049234617066, -4.708851915047228, 4.764167057187108, -1.6376685612272237, -7.169044257977737, 4.000040910981329, -3.3462525888749837, 1.2512823047819137, 4.80556930843267, -2.7015397997101696, 2.333947526268198, -0.8252305265882783, -2.893508065679225, 1.6408675034613083, -1.4265129024535856, 0.5069891171123628, 1.3513514288524986, -0.7649311454705693, 0.6358428759326712, -0.2371997098553818, -0.4672885960642229, 0.2555599031990449, -0.2248635837641055, 0.08101795473721973, 0.11426585174659212, -0.05971228707466052, 0.04782353703859079, -0.019701031998061922]]
R->P6
T_min:200 K    T_max:3000 K    P_min:0.0001 atm    P_max:10 atm
[[-18.983846211638518, -0.19722663399202434, 0.10027244594030056, -0.03882729386813474, 6.594021667768899, 0.29965385913324666, -0.1516169860930696, 0.05938867569633433, 0.08999026824686092, -0.16712363984570566, 0.08356818940918384, -0.0337252762832228, 0.06474528990108008, 0.11852328884221176, -0.05927175540147324, 0.02397989056951461, 0.04116031887287358, -0.07816630919007274, 0.03926262184819899, -0.015710934703675017, 0.012686798779998197, 0.03387059244438495, -0.016985202941685366, 0.006825256962713162, 0.004563974354075699, -0.013257192959487043, 0.006661930213812713, -0.0026707851265873705, 0.0009854254236021144, 0.00379461933688178, -0.0019214613781325916, 0.000754739663147129]]
P4->P5
T_min:200 K    T_max:3000 K    P_min:0.0001 atm    P_max:10 atm
[[-54.326745065130105, -5.804362252786305, 2.7761411036797075, -1.317081045717938, 35.66080212141894, 10.668908713135776, -5.292498965725596, 2.356575882023206, 2.5296259603967766, -8.816401233327184, 4.62316932340586, -1.863711470095199, -1.6636409233112661, 6.515240980547783, -3.438767568291451, 1.3732055140822028, 1.0670060892274404, -3.7500915059339044, 1.9474452928278103, -0.8039622301317587, -0.37861021635510206, 1.6834427166903667, -0.8762927326232183, 0.36002631694394227, 0.1791809014534057, -0.6328918425724895, 0.32896701740915046, -0.1352970382600096, -0.018213877268168588, 0.13264649360430136, -0.0661634659367463, 0.029655600604366335]]
R->P4
T_min:200 K    T_max:3000 K    P_min:0.0001 atm    P_max:10 atm
[[-17.990712361965834, 2.695408377146592, -3.583933598704337, 0.7481768124933641, 8.748962648672236, -5.541188701107716, 6.36449773024741, -1.4093950915768887, -6.747157280866802, 4.912249773675741, -4.743406082735922, 1.0920062752912454, 4.7671818940101325, -3.3757567375600788, 3.300266892580161, -0.7179510852141654, -2.783406118547938, 2.0154708077675756, -2.0070873491991996, 0.44774637097509645, 1.3509386713745675, -0.9578176672536844, 0.9207006879521556, -0.21571435931049152, -0.457060605587749, 0.3259329039702226, -0.32686350229045463, 0.07370420559383689, 0.1190144128980671, -0.07746443994057844, 0.07633098418997249, -0.01967337835504448]]
R->P5
T_min:200 K    T_max:3000 K    P_min:0.0001 atm    P_max:10 atm
[[-11.060903685606565, -3.706616774911134, 1.6156829986340595, -0.8725776275694274, -1.9422157405389666, 6.632111015611507, -3.0729390713724296, 1.5176722778879692, 3.6985907002961, -5.401261603922066, 2.7608500000677143, -1.1751301471792561, -2.6682563601490177, 4.1171352990546595, -2.136230474547745, 0.891827846052342, 1.5626660507096104, -2.3700629081123226, 1.2009052268691738, -0.5232733664035317, -0.6827840182294893, 1.0425155968904187, -0.5299971395701991, 0.22967951357679867, 0.2622368657020467, -0.39924738335032156, 0.20331690617553602, -0.08766628562203131, -0.05289037904330292, 0.08163391846308773, -0.03958368191206756, 0.018735313087146974]]
P2->P3
T_min:200 K    T_max:3000 K    P_min:0.0001 atm    P_max:10 atm
[[-20.130089038617427, -7.664173835130498, -0.5018813097269065, 0.32130262041194424, 6.570143243433684, 12.885103930088405, 0.8731152673256458, -0.6400565304919742, -0.589956967058176, -9.116492427706484, -0.58516114973903, 0.5067011281423771, 0.6162361084525825, 6.515677436360714, 0.4002418375724116, -0.3161422409036454, -0.28137524713661033, -3.8108693409408962, -0.2865418928750918, 0.209910465901074, 0.29053020704805205, 1.7111529182385177, 0.11678285289661651, -0.10245838019193702, -0.03417662266942858, -0.6643769598595513, -0.02397040396669173, 0.028540285887713592, 0.05193391977653366, 0.13798944192684343, 0.007710791171650867, -0.008720261149415157]]
P2->P5
T_min:200 K    T_max:3000 K    P_min:0.0001 atm    P_max:10 atm
[[-20.826418112682337, -5.399558216785468, 2.5721491243438948, -1.2077704846770378, 6.776393732836782, 9.878960481167386, -4.894883521311114, 2.1520548218796525, 2.414262903476187, -8.124291583351976, 4.276816744774667, -1.6949159212698124, -1.6117191907337176, 6.028047150129011, -3.197647882926651, 1.254537090920713, 1.0330415661375412, -3.4846080528687198, 1.8171921698428979, -0.737411116269979, -0.3685214628311544, 1.5622499531777754, -0.8168945359947789, 0.3296661187435942, 0.1745981475002938, -0.5899085088057016, 0.3083509134173067, -0.12435080192946613, -0.019299057240745085, 0.1260896614261606, -0.06336367331078076, 0.02768090390223743]]
P2->P4
T_min:200 K    T_max:3000 K    P_min:0.0001 atm    P_max:10 atm
[[-22.04567286876821, -5.526900162741169, -1.3758210694237125, 0.2164360657128118, 7.588013307338226, 9.040658359296556, 2.4921601235378814, -0.44565281162273185, -1.0342464496964665, -6.086118441470281, -1.8818099713187304, 0.35378369729579234, 1.050057715997724, 4.386847335293476, 1.2915483071806473, -0.20960542041164362, -0.4479055317028405, -2.632829168465508, -0.8007203523408172, 0.14737281525400156, 0.37008373049828325, 1.1789594964717216, 0.36099952973737043, -0.07694640836458189, -0.05543213903368015, -0.47624640230441373, -0.11038521709789381, 0.020205322156896913, 0.04423175668906289, 0.11350298247257402, 0.02418148971482718, -0.006658171101513548]]
P2->P7
T_min:200 K    T_max:3000 K    P_min:0.0001 atm    P_max:10 atm
[[-49.97996423724883, 0.003291602384694059, -0.001668561279923982, 0.0005740200197661944, 35.81104295892248, -0.00645235592151664, 0.0032530302548238865, -0.001137392968694555, -4.014533490315227, 0.005322204177854105, -0.0026701914015904394, 0.0009416879884481268, 2.825352129463624, -0.00355849907376285, 0.001784045532009663, -0.000622348099522285, -1.5869455709923086, 0.0020471766572542046, -0.0010210180761605228, 0.00035538569483894257, 0.7980765322317461, -0.0009363860238824376, 0.000464460235643015, -0.00015985835118176412, -0.26395117053281353, 0.0003151225671903855, -0.00015531672347871643, 5.253317307981379e-05, 0.07250988703479527, -6.735526658371963e-05, 3.283131563269673e-05, -1.132504159544108e-05]]
P2->P6
T_min:200 K    T_max:3000 K    P_min:0.0001 atm    P_max:10 atm
[[-29.827913666990664, -0.2475559938920755, 0.11989176476615679, -0.051212879240043634, 17.563990940703754, 0.3727232466446747, -0.1795782285402764, 0.07761509567172829, -3.0127100736197425, -0.20676904227772094, 0.098024040683223, -0.04391623621615183, 2.3794935432220874, 0.14802314649801981, -0.07001733703543844, 0.03153318678856736, -1.2322091179234418, -0.09631011880013386, 0.045947801636452415, -0.020320972407559777, 0.6629763335475385, 0.04151438081655726, -0.01977379727639137, 0.008775183870687672, -0.20885412995183095, -0.0161782786113918, 0.007713921147693997, -0.003418204228197986, 0.06124542685553068, 0.004398839537143118, -0.002142118477488401, 0.00090863810095573]]
