==============================
W1_Energy_1
R->P2
T_min:200 K    T_max:3000 K    P_min:0.0001 atm    P_max:100 atm
[[-19.02144910548044, 2.102712982931294, -6.247842257187108, 14.05924277704679, -4.081102933211901, 12.125767049805525, -12.140501635648262, 3.7292277695774345, -11.07900251191331, 10.773017311276243, -3.2043907210510487, 9.517813128261322, -8.54101022448112, 2.5844747767397402, -7.674306682336143, 6.49875087363459, -1.9501951007034606, 5.788567035191519, -4.544539827561761, 1.3713619347712978, -4.068435306329219, 2.9648002931728725, -0.8930254087367152, 2.6476156219573412, -1.7696696220735972, 0.5345034791683279, -1.5834217324842752, 0.9611743778235883, -0.29048146116996926, 0.8596359152745431, -0.4661820050534307, 0.14119404049029538, -0.41732983438310517, 0.19670579135687427, -0.05972634064390264, 0.17623400875389056, -0.06967585095039537, 0.021198607682821044, -0.06242957744451165, 0.018786489472430654, -0.005751222033955654, 0.016886772810464783, -0.0033923434655885707, 0.0010348074419050113, -0.0030259405455341113]]
R->P3
T_min:200 K    T_max:3000 K    P_min:0.0001 atm    P_max:100 atm
[[-14.956124598121411, 1.0289840639394638, -2.710522980757352, 7.259579701196247, -1.996862333052003, 5.260277145153537, -6.209880954525836, 1.8239729080655733, -4.805605670969697, 5.560204056644595, -1.5662251863233658, 4.127509026642912, -4.368058260369279, 1.2620144780784943, -3.3270499042159005, 3.3447322385854545, -0.9510881162019741, 2.508489083004227, -2.322547345591283, 0.6677213092093598, -1.7621746085545416, 1.520266627085181, -0.433965099582793, 1.146050541549743, -0.9023776739005964, 0.2591169005485084, -0.6848895547076512, 0.4906450547609379, -0.1404231659487777, 0.3714995466227012, -0.2367621818253319, 0.06802058629370554, -0.18016348177584263, 0.09980599997875467, -0.02866374243703925, 0.0759975434340312, -0.03519933438387577, 0.010124251899682427, -0.02688371520876018, 0.009448724063809213, -0.0027354113536280245, 0.007265862704578127, -0.0017157054747597288, 0.0004851982492604411, -0.0012957070840453266]]
R->P1
T_min:200 K    T_max:3000 K    P_min:0.0001 atm    P_max:100 atm
[[-26.321978868980448, 5.56298454925798, -14.386071458652236, 31.667649817246705, -10.795778581959201, 27.918691254970867, -28.796413448802568, 9.861493432749494, -25.50519523181801, 24.79356019578032, -8.468133176473845, 21.904490804145773, -19.961331287150184, 6.823630146945905, -17.654851259772837, 15.053041564267966, -5.142561731432797, 13.309125705094287, -10.571049493148198, 3.610336136070884, -9.34753175632591, 6.871648943250381, -2.346234680197071, 6.077499280466303, -4.105579448618564, 1.4005741737723563, -3.630407207205933, 2.2246430928448357, -0.758690046905276, 1.9680831417927442, -1.0784568334069051, 0.3671574531410195, -0.9535531197934292, 0.4539524694397588, -0.15448721150612887, 0.40172758670972253, -0.16049146549114418, 0.05437601538220278, -0.14175453748914255, 0.04313494572634703, -0.014618278407944107, 0.03819096466389425, -0.00772299088421614, 0.00255617026972731, -0.006747772571039806]]
W2->P1
T_min:200 K    T_max:3000 K    P_min:0.0001 atm    P_max:100 atm
[[-3332.547238765065, 2476.1436492514154, -3233.744111926051, 6438.110819177857, -4783.770821416856, 6254.046329152049, -5799.931445418023, 4325.173933315885, -5653.430608792726, 4894.639871911559, -3650.6917800404294, 4771.24423148797, -3848.614135253708, 2870.3157645813694, -3750.5014349855255, 2808.6271027131725, -2095.0743149575846, 2736.4461539896874, -1893.67378395722, 1412.9089148022072, -1844.236869883919, 1171.5851641104105, -874.6410233026196, 1140.4160552721019, -659.1220560024392, 492.5471361843436, -641.1068841197675, 332.8962534806091, -249.18928126705978, 323.4534796757799, -148.17225972919167, 111.23906861128964, -143.75454582843972, 56.523183007394586, -42.63879393509568, 54.70790047521631, -17.63007889622856, 13.410774703099667, -17.008980490038464, 4.118757154599825, -3.1793486328006977, 3.9474245052145243, -0.5573021837269816, 0.4354275964106587, -0.5352124552953162]]
P1->P2
T_min:200 K    T_max:3000 K    P_min:0.0001 atm    P_max:100 atm
[[-85.00444253668704, 20.506289527527038, -54.233334510651325, 126.1239074666445, -39.79536257094778, 105.24877452095942, -101.78086280816174, 36.35229650616798, -96.1514276034169, 87.37397439163571, -31.216694022995107, 82.57755490933378, -70.40939890238823, 25.15564956585744, -66.55804546771083, 53.079204248446565, -18.959268614086266, 50.17551572347461, -37.272500494181465, 13.311350128188128, -35.241069918620596, 24.229042396365845, -8.651311811138143, 22.91326279957455, -14.471659907208661, 5.164923966437951, -13.687634216813159, 7.842563640794277, -2.798179840279357, 7.420449440191915, -3.7996299464677707, 1.3543567895445243, -3.5953409038971915, 1.600036207951395, -0.5699727177832938, 1.5147679543754462, -0.5647702666415968, 0.2006785055668711, -0.5345008232988123, 0.15208292983188165, -0.053964429545204966, 0.14401344834512095, -0.026983193378087824, 0.009448206904093882, -0.025440907451471102]]
P1->P3
T_min:200 K    T_max:3000 K    P_min:0.0001 atm    P_max:100 atm
[[-3.665493553757219, -0.13197365068645794, 0.08197459433232804, -15.74412634892367, 0.25575076188549667, -0.15867720491705178, 16.07328483791328, -0.2323952996952565, 0.14342327667994573, -13.353816997126918, 0.19767727863185097, -0.12073773469118021, 10.812988674355392, -0.15698389730868323, 0.09428482496626857, -7.955482683568617, 0.11599573896135686, -0.06805759015863949, 5.511433370420365, -0.07928186046595719, 0.04497513836359394, -3.481267145040471, 0.0497450645692414, -0.02692051765623821, 2.0197820154408386, -0.028317554444650936, 0.014271478512383787, -1.0485710322727768, 0.014396897545128004, -0.006505246164836258, 0.48261669247302275, -0.006366052158305775, 0.002359898053875322, -0.18895534408594344, 0.002349713681166259, -0.0005638120074622869, 0.060480709799991615, -0.0006630278932956033, -1.9894629630209796e-05, -0.014004567770660326, 0.00011722852200450125, 8.512516166312669e-05, 0.0018917913252199969, -4.092899041432977e-06, -3.86184642006772e-05]]
P2->P3
T_min:200 K    T_max:3000 K    P_min:0.0001 atm    P_max:100 atm
[[-28.42132409358909, 6.302605437204866, -16.614724651348, 36.951113079531446, -12.231070556557885, 32.243966696760275, -33.55819489075581, 11.172314565985872, -29.456486937016468, 28.963142337122505, -9.593570108542533, 25.298563865026374, -23.247427034082378, 7.730230457230278, -20.390838719427226, 17.56715323227285, -5.8255639009664115, 15.372204753668244, -12.30970642564378, 4.089631793353922, -10.797003502895606, 8.009361128690252, -2.6575231734769034, 7.020282661600794, -4.7776725345532896, 1.5863035302720505, -4.193958701682827, 2.5895545157055655, -0.8592032595863768, 2.2737747567591526, -1.253568359898145, 0.4157850864168403, -1.1018732160185676, 0.5277132043407698, -0.17491575938573303, 0.46427072790298396, -0.1862783511639041, 0.0615771915950882, -0.16390892255956835, 0.0501296734042127, -0.01654698300589245, 0.04416531386529308, -0.008961827264062663, 0.0029008708812575477, -0.007825524982401598]]
