==============================
B1_Frequencies_1
P0->P1
[[-0.98131966088928, -0.31166151456094304, 0.024844211301135465, 0.09333691764916244, 0.08783199239683537, 0.05883805653905778, 0.02981401787255049, 0.017302604043044366]]
==============================
B1_Energy_1
P0->P1
[[-0.0009851828526875126, 0.0007152285335169703, 0.0002124966488622581, 1.3216337167927879e-05, -1.2063331885904677e-05, -6.9875153998189725e-06, -2.5689075238135806e-06, -1.3022427110227814e-06]]
==============================
P1_Energy_1
P0->P1
[[0.0, 0.0, 0.0, 0.0, 0.0, 0.0, 0.0, 0.0]]
==============================
colrel_Epsilons
P0->P1
[[0.00011552645258904616, -0.00017272713925852828, 6.468878813145054e-05, -4.054149135591832e-06, -4.068187348881921e-06, 1.4799924328956604e-06, -1.4242447011781394e-06, 6.469444261778116e-07]]
==============================
B0_SymmetryFactor_1
P0->P1
[[-0.14436362583602552, -0.06155841343292663, -0.06887624902584581, -0.03391891505669261, -0.014471082516635517, -0.005581376894808001, -0.0018567324087596297, -0.0003676078251578736]]
==============================
W0_Frequencies_1
P0->P1
[[-0.00183920268045068, 0.0025859926094492554, -0.0007410724270701907, -4.5541659576476325e-05, 2.5357136990781303e-05, 7.93218308757465e-06, 1.0301078825458598e-05, 6.22552804928641e-06]]
==============================
W0_Energy_1
P0->P1
[[-1.0177232119830817e-06, 1.4366494423391735e-06, -4.215283767426444e-07, -1.9044408187371003e-08, 1.9377665227065865e-08, 1.2061627633879601e-09, -8.568471584496947e-09, 1.9767144139787022e-08]]
==============================
colrel_PowerOne
P0->P1
[[-0.00017143666546814984, 0.00034655802183036766, -0.00025387832661677434, 6.932879510729295e-05, 1.5684295881709942e-05, -1.023759842551028e-06, -5.323608376478755e-06, -1.4662854896452596e-06]]
==============================
colrel_FactorOne
P0->P1
[[0.0007678108164686412, -0.001079185189840842, 0.00030825208725615197, 1.4642235864146282e-05, -6.803525397140516e-06, 2.3136677310564043e-06, -7.72074518323911e-06, -9.522938715608735e-06]]
==============================
P1_SymmetryFactor_1
P0->P1
[[0.0, 0.0, 0.0, 0.0, 0.0, 0.0, 0.0, 0.0]]
==============================
P0_SymmetryFactor_1
P0->P1
[[0.43429813626405867, -5.03884391797158e-06, 2.6786160299959516e-06, 1.7982453711218247e-07, -3.1868127649999795e-07, -1.1905888205489567e-06, -9.124664113122555e-07, 2.8282857692718887e-06]]
==============================
W0_SymmetryFactor_1
P0->P1
[[-0.0005044677745420285, 0.0007081684815138389, -0.00020254904397807406, -1.2160079335002212e-05, 8.32594506261032e-06, 5.304475618866715e-07, 2.673401791583497e-06, 2.1193900937467535e-06]]
==============================
B1_SymmetryFactor_1
P0->P1
[[-0.2961229643654394, 0.0597369066604715, 0.06863307829815529, 0.034169640945756474, 0.0149484173756057, 0.0059924214808470995, 0.0020944803477337226, 0.0005207796111809482]]
==============================
P1_Frequencies_1
P0->P1
[[0.0, 0.0, 0.0, 0.0, 0.0, 0.0, 0.0, 0.0]]
==============================
B0_Frequencies_1
P0->P1
[[-0.23724827547554755, -0.42594280844923754, -0.3185151340887305, -0.20216269658415867, -0.11514229367276742, -0.059229666629025436, -0.026102289178518798, -0.013261274872026454]]
==============================
P0_Frequencies_1
P0->P1
[[0.3360911403207194, 0.5720445847174952, 0.36319451260406893, 0.1800453598591569, 0.07323067441803449, 0.025453507165540182, 0.007647435890716798, 0.0019585999978991822]]
==============================
P0_Energy_1
P0->P1
[[0.0016662709967498392, -0.001457991302895319, 4.5592775224679415e-09, 3.248023976567858e-10, -2.7280774619006053e-09, -3.7322361163465356e-09, 2.0523803513814367e-09, 6.292213510303918e-09]]
==============================
B0_Energy_1
P0->P1
[[-0.0007346859492909668, 0.0008033850578468586, -0.00021545691560250502, -1.8538359567351687e-05, 1.1557610759525218e-05, 7.6156053109091226e-06, 2.9059610776498047e-06, 1.306955042617496e-06]]
==============================
colrel_Sigmas
P0->P1
[[0.0004947294039914196, -0.0006966711715473891, 0.00020029132813729255, 1.4095599265875583e-05, -7.876277666524446e-06, -3.9973840026431236e-06, -1.928214870931302e-06, -1.1255204786545913e-06]]
