==============================
B1_Frequencies_1
P1->P2
[[-9.494695733681755e-05, 3.203344410835576e-14, -1.8208217965133245e-14, -6.102953653914269e-15, -0.00017421663932689482, 2.743016922946244e-13, -1.3167329167160495e-13, 3.910760263834607e-14, -0.0001569509796993157, -2.940730472253102e-13, 1.3836542036742863e-13, -2.484218397575846e-14, -0.0001237395268311901, 1.9913768199859257e-13, -9.823546767927387e-14, 2.900593564001834e-14, -9.633073138626565e-05, -3.7850020819202946e-13, 1.928816717973647e-13, -6.219399059348001e-14, -6.854389798898886e-05, 1.1887464313866633e-13, -4.865686060780156e-14, 3.737623688940499e-15, -3.8502486637473657e-05, -1.828996395325721e-13, 8.824044326129794e-14, -2.097158955751325e-14, -3.510456517537002e-05, 2.3913576241903798e-14, -7.991395627196274e-15, 1.7894314368247245e-15]]
==============================
B1_Energy_1
P1->P2
[[-8.924510165401312e-08, -9.090474122827324e-08, 1.3405080455924226e-08, 1.4644192383393393e-09, 1.3114431682242178e-07, 1.37316324121068e-07, -1.4474866179275418e-08, -5.523977460691475e-09, -1.318631591053005e-07, -3.160663796568365e-08, -2.6228076170508734e-08, 1.8226029238050388e-08, 7.993572602008528e-08, -6.43337469937327e-08, 5.444786955996971e-08, -2.475181484311946e-08, -5.995208926018546e-08, 9.873883958358128e-08, -4.514701660393399e-08, 1.595291923368417e-08, 2.4416515066724716e-08, -7.491639710436094e-08, 1.3517332256838723e-08, -2.0982076524938756e-10, -4.712309223377621e-09, 3.177182634095388e-08, 1.4182182183681845e-08, -1.1333526500636063e-08, -6.7971910714766785e-09, -2.2656194946594814e-09, -2.7435337011746334e-08, 1.596414673270286e-08]]
==============================
W1_Frequencies_1
P1->P2
[[0.0, 0.0, 0.0, 0.0, 0.0, 0.0, 0.0, 0.0, 0.0, 0.0, 0.0, 0.0, 0.0, 0.0, 0.0, 0.0, 0.0, 0.0, 0.0, 0.0, 0.0, 0.0, 0.0, 0.0, 0.0, 0.0, 0.0, 0.0, 0.0, 0.0, 0.0, 0.0]]
==============================
P2_Frequencies_1
P1->P2
[[0.0, 0.0, 0.0, 0.0, 0.0, 0.0, 0.0, 0.0, 0.0, 0.0, 0.0, 0.0, 0.0, 0.0, 0.0, 0.0, 0.0, 0.0, 0.0, 0.0, 0.0, 0.0, 0.0, 0.0, 0.0, 0.0, 0.0, 0.0, 0.0, 0.0, 0.0, 0.0]]
==============================
colrel_Epsilons
P1->P2
[[0.0, 0.0, 0.0, 0.0, 0.0, 0.0, 0.0, 0.0, 0.0, 0.0, 0.0, 0.0, 0.0, 0.0, 0.0, 0.0, 0.0, 0.0, 0.0, 0.0, 0.0, 0.0, 0.0, 0.0, 0.0, 0.0, 0.0, 0.0, 0.0, 0.0, 0.0, 0.0]]
==============================
B2_Energy_1
P1->P2
[[-0.001666258059619805, 4.459823334348351e-16, -2.407602871457073e-16, 3.3585538710384554e-17, 0.0014579946160726846, 4.0558744677245993e-16, -2.1388595194547434e-16, 9.15529453923326e-17, 8.64069331500623e-09, 5.047692356315527e-16, -2.571189795357636e-16, 8.013311681539493e-17, 3.904272206457251e-09, -5.832436176176774e-16, 2.971273710157595e-16, -8.257042366769834e-17, 8.484756997123802e-09, 4.203527071378293e-16, -2.0410664736208805e-16, 4.1391861519096377e-17, 1.1611008907883717e-09, -5.637713902913738e-16, 2.866252907962144e-16, -7.724446155902543e-17, 2.607605748349544e-09, 4.960841670602417e-16, -2.3871955891870455e-16, 6.640255625805823e-17, 3.036619834449395e-09, -2.7327491229996864e-16, 1.2779195967081014e-16, -4.4332964316031285e-17]]
==============================
B2_SymmetryFactor_1
P1->P2
[[-0.4342748831738968, -1.8398845443326514e-12, 9.118381870039956e-13, -2.5326066216729063e-13, 3.544653957401135e-05, 3.189920206395207e-12, -1.56754926576001e-12, 4.042101110401845e-13, 2.86263186527766e-05, -2.588590267587698e-12, 1.2563370761030678e-12, -2.9835387261553546e-13, 2.141082708102917e-05, 2.2720721864262873e-12, -1.1078516842746535e-12, 2.8242970414999277e-13, 1.6536360311866686e-05, -1.9463776228249188e-12, 9.463732362525456e-13, -2.421694322039003e-13, 9.28381510499911e-06, 1.651473341252239e-12, -8.056934034306613e-13, 1.979903584993297e-13, 6.442153188281252e-06, -9.964961521565278e-13, 4.796785766317687e-13, -1.1268747096688104e-13, 6.6873283318688964e-06, 7.207764857325379e-13, -3.522580754402941e-13, 8.728971376561328e-14]]
==============================
colrel_PowerOne
P1->P2
[[0.0, 0.0, 0.0, 0.0, 0.0, 0.0, 0.0, 0.0, 0.0, 0.0, 0.0, 0.0, 0.0, 0.0, 0.0, 0.0, 0.0, 0.0, 0.0, 0.0, 0.0, 0.0, 0.0, 0.0, 0.0, 0.0, 0.0, 0.0, 0.0, 0.0, 0.0, 0.0]]
==============================
colrel_FactorOne
P1->P2
[[0.0, 0.0, 0.0, 0.0, 0.0, 0.0, 0.0, 0.0, 0.0, 0.0, 0.0, 0.0, 0.0, 0.0, 0.0, 0.0, 0.0, 0.0, 0.0, 0.0, 0.0, 0.0, 0.0, 0.0, 0.0, 0.0, 0.0, 0.0, 0.0, 0.0, 0.0, 0.0]]
==============================
B2_ImaginaryFrequency_1
P1->P2
[[1.1542122593210287, -3.4716263048237026e-05, 1.7899361658213603e-05, -6.770937134323671e-06, -1.2899808569674591, 7.084200781263292e-05, -3.6525438161890085e-05, 1.3816774627359494e-05, 0.0662240183823525, -6.635988434062655e-05, 3.421449964822472e-05, -1.2942597122717622e-05, 0.09025879064722363, 6.0132409924259826e-05, -3.100367546785313e-05, 1.1728012538946102e-05, 0.0036530543335365285, -5.39942976092771e-05, 2.7838925498907e-05, -1.0530856824209334e-05, -0.005816513114630016, 4.3947245237395025e-05, -2.2658764725559297e-05, 8.571315262070447e-06, -2.3184804546244568e-05, -3.029184805088251e-05, 1.561817707688664e-05, -5.908014899434613e-06, 0.0006192628359972443, 1.8498031911170797e-05, -9.53740219162469e-06, 3.607790719810154e-06]]
==============================
W1_Energy_1
P1->P2
[[0.0, 0.0, 0.0, 0.0, 0.0, 0.0, 0.0, 0.0, 0.0, 0.0, 0.0, 0.0, 0.0, 0.0, 0.0, 0.0, 0.0, 0.0, 0.0, 0.0, 0.0, 0.0, 0.0, 0.0, 0.0, 0.0, 0.0, 0.0, 0.0, 0.0, 0.0, 0.0]]
==============================
P2_Energy_1
P1->P2
[[0.0, 0.0, 0.0, 0.0, 0.0, 0.0, 0.0, 0.0, 0.0, 0.0, 0.0, 0.0, 0.0, 0.0, 0.0, 0.0, 0.0, 0.0, 0.0, 0.0, 0.0, 0.0, 0.0, 0.0, 0.0, 0.0, 0.0, 0.0, 0.0, 0.0, 0.0, 0.0]]
==============================
B2_Frequencies_1
P1->P2
[[-0.8325334503057628, -1.510231283144845e-12, 7.605962427669569e-13, -2.21889608314441e-13, -0.9670341129496234, 2.1063724166174545e-12, -1.0257587792367443e-12, 2.693843780481921e-13, -0.43807211884023683, -1.6494962126261093e-12, 7.978064383029658e-13, -1.9859418469764995e-13, -0.1761357028900133, 1.5561620269539568e-12, -7.621778252518129e-13, 1.9911482787595776e-13, -0.05894599029713309, -1.3420397842010721e-12, 6.543645034828011e-13, -1.7236495379698667e-13, -0.015800406992254552, 1.0607367497246584e-12, -5.11974827800063e-13, 1.232063570156903e-13, -0.0033579981881564397, -7.226024262421132e-13, 3.461128725927588e-13, -7.956122771748523e-14, -0.00041928923271408394, 5.111697837121722e-13, -2.4791839772483205e-13, 5.595869368815893e-14]]
==============================
P1_SymmetryFactor_1
P1->P2
[[0.4342963960183704, -6.855157039188132e-13, 3.258024579400191e-13, -9.425589799215739e-14, 5.757913591083552e-07, 1.829433102048438e-12, -8.949992469625512e-13, 2.3896747635529343e-13, -1.811564277283035e-07, -1.7577654210437624e-12, 8.631631565682585e-13, -2.2403817023123302e-13, -1.430326418618441e-06, 1.383414610503524e-12, -6.716011637738206e-13, 1.7748346948386647e-13, -3.822831192646697e-08, -1.3588791719320013e-12, 6.63794278058506e-13, -1.759836134167153e-13, 4.565323644229678e-08, 1.0260338309742579e-12, -4.941890690351915e-13, 1.0947544688619615e-13, 1.2904066318787003e-06, -7.903206372597699e-13, 3.8141827781130066e-13, -8.69177984766572e-14, 3.202838334199998e-07, 3.9184669954965247e-13, -1.8597293288055642e-13, 3.727646395548131e-14]]
==============================
P1_Frequencies_1
P1->P2
[[0.33635299325304385, -2.9761981707945075e-12, 1.4321152217572458e-12, -3.6144735450710417e-13, 0.5722819849369332, 6.946343195038555e-12, -3.3840065339470947e-12, 8.643414743052985e-13, 0.3630221917344771, -6.376666573720738e-12, 3.0992759597138523e-12, -7.722107816535698e-13, 0.17978551830403508, 5.8269708852410754e-12, -2.8299736806268953e-12, 7.160072540770016e-13, 0.07310066138737922, -5.326224101905375e-12, 2.595973212366037e-12, -6.627948793801393e-13, 0.025437249955160647, 4.1793900955130255e-12, -2.0304912204806386e-12, 5.005909547759496e-13, 0.007669348503179013, -2.936164622236118e-12, 1.421842013504366e-12, -3.491515932849818e-13, 0.0019846624198189894, 1.7384626210135355e-12, -8.442065374819426e-13, 2.1601226593470293e-13]]
==============================
W1_SymmetryFactor_1
P1->P2
[[0.0, 0.0, 0.0, 0.0, 0.0, 0.0, 0.0, 0.0, 0.0, 0.0, 0.0, 0.0, 0.0, 0.0, 0.0, 0.0, 0.0, 0.0, 0.0, 0.0, 0.0, 0.0, 0.0, 0.0, 0.0, 0.0, 0.0, 0.0, 0.0, 0.0, 0.0, 0.0]]
==============================
P1_Energy_1
P1->P2
[[0.0016662641835244183, -4.570922136271619e-16, 2.0424439620776265e-16, -3.46900647392894e-17, -0.00145797850199092, 2.919525172465647e-15, -1.4650718920121882e-15, 3.990980497402258e-16, 3.1173469342912298e-09, -1.7673107409176042e-15, 8.56947540300099e-16, -1.9428152864795613e-16, -3.20802353143164e-09, 1.3586298407831448e-15, -6.888221831151478e-16, 1.8489959548536642e-16, -1.4254450986145177e-09, -1.4063741561401273e-15, 6.82984889356661e-16, -1.7571238022989674e-16, -7.419886875204754e-10, 1.054899567492777e-15, -4.960285583650864e-16, 9.063958282127654e-17, 4.320074888704999e-09, -8.406650193795188e-16, 4.1092775821519393e-16, -1.0204342201793166e-16, -3.7134439844320336e-09, 4.599428870105598e-16, -2.2550572014522567e-16, 7.044214993700317e-17]]
==============================
P2_SymmetryFactor_1
P1->P2
[[0.0, 0.0, 0.0, 0.0, 0.0, 0.0, 0.0, 0.0, 0.0, 0.0, 0.0, 0.0, 0.0, 0.0, 0.0, 0.0, 0.0, 0.0, 0.0, 0.0, 0.0, 0.0, 0.0, 0.0, 0.0, 0.0, 0.0, 0.0, 0.0, 0.0, 0.0, 0.0]]
==============================
B1_SymmetryFactor_1
P1->P2
[[-2.0903807841701743e-05, 1.675640339995264e-12, -8.129647246264885e-13, 1.8934914524897017e-13, -3.78848540505656e-05, -3.29767295034933e-12, 1.5896241258557743e-12, -3.814301761098701e-13, -3.168890730878153e-05, 3.4571442726000506e-12, -1.6814340056149286e-12, 4.1776110526628713e-13, -2.4799013596231235e-05, -3.238662186522153e-12, 1.5823226570880396e-12, -4.036197860357999e-13, -1.846472714533094e-05, 2.8654605762459163e-12, -1.397622382959648e-12, 3.4975008918670583e-13, -1.2374616765230915e-05, -2.1466861606357488e-12, 1.0374454282676273e-12, -2.5223907509561713e-13, -6.835440994102972e-06, 1.578911355417378e-12, -7.734662416570255e-13, 2.0101416504785015e-13, -4.172085497626759e-06, -8.806861050239115e-13, 4.303397763914548e-13, -1.1496368072269306e-13]]
==============================
colrel_Sigmas
P1->P2
[[0.0, 0.0, 0.0, 0.0, 0.0, 0.0, 0.0, 0.0, 0.0, 0.0, 0.0, 0.0, 0.0, 0.0, 0.0, 0.0, 0.0, 0.0, 0.0, 0.0, 0.0, 0.0, 0.0, 0.0, 0.0, 0.0, 0.0, 0.0, 0.0, 0.0, 0.0, 0.0]]
