==============================
B1_VariationalEnergy_1
R->P8
T_min:200 K    T_max:5000 K    P_min:0.0001 atm    P_max:100 atm
[[-5.73728949098838, -1.912429830329459, 4.462336270768745, 4.887320677508624, -1.2041224857629973, 1.3838447624022785, 0.46128158746742554, -1.0763237040906595, -1.1788307235278668, 0.29043655507208566, 0.21800567381004504, 0.07266855793668336, -0.16955996851892388, -0.18570853694929634, 0.04575427721939218, 0.07044858670958293, 0.02348286223652756, -0.05479334521856604, -0.060011759048904614, 0.01478550585262859, 0.04037766919664415, 0.013459223065547633, -0.031404853819611264, -0.034395792278621884, 0.008474325633863463, 0.021148358636274053, 0.00704945287875831, -0.016448723383769855, -0.01801526846793837, 0.004438544405144192, 0.01081141612584717, 0.0036038053752828394, -0.00840887920899263, -0.009209724847946132, 0.002269062643696418, 0.005798952220880449, 0.0019329840736262288, -0.004510296171795158, -0.004939848188156015, 0.0012170640463574078, 0.0032136286218363563, 0.0010712095406122807, -0.002499488928095983, -0.0027375354926760243, 0.0006744652663113332, 0.001774995340037333, 0.0005916651133461015, -0.0013805519311397285, -0.001512033067439189, 0.00037252988618079186, 0.0011210095500306938, 0.00037366985000994446, -0.0008718963166898241, -0.0009549340611362811, 0.0002352736092655905, 0.000570026952561975, 0.00019000898418664036, -0.0004433542964373538, -0.0004855785151451075, 0.00011963528633991694, 0.0004312536497859121, 0.00014375121659485068, -0.0003354195053880682, -0.0003673642201884597, 9.051002526355711e-05, 0.00013833566237714257, 4.611188745939909e-05, -0.00010759440407190346, -0.00011784149017324275, 2.9033410622728018e-05, 0.0001534288236179765, 5.114294120569379e-05, -0.00011933352947993137, -0.0001306986275262116, 3.220111112961752e-05]]
==============================
R_Energy_1
R->P8
T_min:200 K    T_max:5000 K    P_min:0.0001 atm    P_max:100 atm
[[-5.737158864138928, -1.9123862880463083, 4.46223467210806, 4.8872094027850155, -1.2040950702513846, 1.383724242161055, 0.46124141405368446, -1.0762299661252637, -1.178728058137195, 0.2904112607004712, 0.21800559899789657, 0.07266853299930087, -0.1695599103316973, -0.18570847322042927, 0.045754261518077155, 0.07044862591357709, 0.023482875304525655, -0.05479337571056145, -0.06001179244489962, 0.014785514080627404, 0.04037755987745997, 0.013459186625819557, -0.03140476879357906, -0.03439569915487248, 0.008474302690330997, 0.02114839813794875, 0.0070494660459831816, -0.016448754107294777, -0.018015302117513347, 0.004438552695619128, 0.010811466417597664, 0.00360382213919966, -0.008408918324798401, -0.009209767689067005, 0.002269073198755134, 0.005798934484139817, 0.0019329781613791341, -0.004510282376552183, -0.00493983307908008, 0.0012170603238314953, 0.003213653197312011, 0.0010712177324375266, -0.002499508042354437, -0.002737556427340304, 0.000674470424127202, 0.0017749116179917035, 0.0005916372059975306, -0.0013804868139931092, -0.0015119617486595294, 0.0003725123148872467, 0.0011210867214938025, 0.00037369557383104546, -0.000871956338938884, -0.0009549997997900239, 0.00023528980574549774, 0.0005698750273460951, 0.0001899583424479767, -0.0004432361323805367, -0.00048544909736844555, 0.00011960340080077736, 0.0004313416190486752, 0.00014378053968241988, -0.0003354879259258037, -0.00036743915696779705, 9.052848794835477e-05, 0.0001382841103761412, 4.60947034590653e-05, -0.00010755430807116162, -0.00011779757550572922, 2.902259106697669e-05, 0.00015358361211741112, 5.1194537372199755e-05, -0.00011945392053516746, -0.00013083048439619196, 3.223359760483758e-05]]
==============================
P8_Energy_1
R->P8
T_min:200 K    T_max:5000 K    P_min:0.0001 atm    P_max:100 atm
[[-5.737224219360055, -1.9124080731200168, 4.462285503946712, 4.887265075751161, -1.204108786779274, 1.3837845451196462, 0.46126151503988133, -1.0762768684263897, -1.1787794273241428, 0.2904239168769651, 0.21800560655939777, 0.0726685355198009, -0.1695599162128648, -0.1857084796617079, 0.04575426310505881, 0.07044855697603161, 0.023482852325343813, -0.054793322092470495, -0.06001173372032384, 0.014785499612253636, 0.0403776291271178, 0.01345920970903898, -0.03140482265442411, -0.03439575814532185, 0.008474317224209833, 0.02114837983781881, 0.0070494599459399974, -0.01644873987386042, -0.018015286528514037, 0.004438548854851176, 0.010811417524562647, 0.003603805841521429, -0.008408880296882588, -0.009209726039444588, 0.002269062937253985, 0.005798967485812656, 0.001932989161936946, -0.004510308044520128, -0.004939861191616157, 0.0012170672501086166, 0.0032136264781433277, 0.0010712088260480535, -0.0024994872607791985, -0.0027375336665674543, 0.0006744648164004191, 0.0017749781613229931, 0.0005916593871079234, -0.0013805385699173778, -0.001512018433719453, 0.0003725262807715707, 0.0011210879752463487, 0.00037369599174846835, -0.000871957314079741, -0.0009550008678013144, 0.0002352900688787074, 0.0005699435788981688, 0.00018998119296538551, -0.00044328945025437494, -0.00048550749313508446, 0.00011961778816357849, 0.0004312310788729956, 0.00014374369295730438, -0.000335401950233738, -0.00036734499311458224, 9.05052881584184e-05, 0.00013828928518933026, 4.609642839673023e-05, -0.00010755833292580563, -0.00011780198367988826, 2.902367713887577e-05, 0.00015352460315135041, 5.1174867716836936e-05, -0.00011940802467262646, -0.0001307802174990503, 3.222121300698836e-05]]
==============================
B1_ImaginaryFrequency_1
R->P8
T_min:200 K    T_max:5000 K    P_min:0.0001 atm    P_max:100 atm
[[-5.698472896666819, -1.8994909655556027, 4.432145586296417, 4.854254689753219, -1.1959757931276078, 1.3324768230222035, 0.4441589410074004, -1.0363708623506005, -1.1350728492411355, 0.27965562952318085, 0.23068016525718676, 0.07689338841906379, -0.17941790631114518, -0.1965053259598244, 0.0484143556712614, 0.07080955902181021, 0.02360318634060334, -0.05507410146140942, -0.060319253981542593, 0.014861265473713334, 0.03977980602903532, 0.013259935343011425, -0.03093984913369325, -0.03388650143214035, 0.008348848178933176, 0.02132720682149036, 0.007109068940497091, -0.01658782752782696, -0.01816762062571527, 0.004476080444016749, 0.010823638796337527, 0.003607879598779626, -0.008418385730485155, -0.009220136752437824, 0.002271627895527817, 0.005782496462461872, 0.0019274988208199118, -0.004497497248580229, -0.004925830319872815, 0.001213610368664561, 0.003217087967066934, 0.0010723626556891491, -0.002502179529941889, -0.0027404823423168856, 0.0006751913017300701, 0.0017756406193231156, 0.0005918802064413531, -0.0013810538150287321, -0.0015125827497937117, 0.0003726653151666509, 0.0011205302400987271, 0.0003735100800326685, -0.0008715235200759675, -0.0009545257600830914, 0.00023517301335393426, 0.00057003832175756, 0.00019001277391854365, -0.0004433631391450865, -0.00048558820001534664, 0.00011963767246738616, 0.0004312716857132193, 0.000143757228570629, -0.00033543353333143067, -0.0003673795841264704, 9.051381058165775e-05, 0.000138400782834891, 4.613359427865782e-05, -0.00010764505331692376, -0.00011789696315575582, 2.9047077879318373e-05, 0.00015342750746971667, 5.1142502489637254e-05, -0.00011933250580915822, -0.0001306975063629895, 3.2200834900999305e-05]]
==============================
P8_Frequencies_1
R->P8
T_min:200 K    T_max:5000 K    P_min:0.0001 atm    P_max:100 atm
[[-5.737224219360055, -1.9124080731200168, 4.462285503946712, 4.887265075751161, -1.204108786779274, 1.3837845451196462, 0.46126151503988133, -1.0762768684263897, -1.1787794273241428, 0.2904239168769651, 0.21800560655939777, 0.0726685355198009, -0.1695599162128648, -0.1857084796617079, 0.04575426310505881, 0.07044855697603161, 0.023482852325343813, -0.054793322092470495, -0.06001173372032384, 0.014785499612253636, 0.0403776291271178, 0.01345920970903898, -0.03140482265442411, -0.03439575814532185, 0.008474317224209833, 0.02114837983781881, 0.0070494599459399974, -0.01644873987386042, -0.018015286528514037, 0.004438548854851176, 0.010811417524562647, 0.003603805841521429, -0.008408880296882588, -0.009209726039444588, 0.002269062937253985, 0.005798967485812656, 0.001932989161936946, -0.004510308044520128, -0.004939861191616157, 0.0012170672501086166, 0.0032136264781433277, 0.0010712088260480535, -0.0024994872607791985, -0.0027375336665674543, 0.0006744648164004191, 0.0017749781613229931, 0.0005916593871079234, -0.0013805385699173778, -0.001512018433719453, 0.0003725262807715707, 0.0011210879752463487, 0.00037369599174846835, -0.000871957314079741, -0.0009550008678013144, 0.0002352900688787074, 0.0005699435788981688, 0.00018998119296538551, -0.00044328945025437494, -0.00048550749313508446, 0.00011961778816357849, 0.0004312310788729956, 0.00014374369295730438, -0.000335401950233738, -0.00036734499311458224, 9.05052881584184e-05, 0.00013828928518933026, 4.609642839673023e-05, -0.00010755833292580563, -0.00011780198367988826, 2.902367713887577e-05, 0.00015352460315135041, 5.1174867716836936e-05, -0.00011940802467262646, -0.0001307802174990503, 3.222121300698836e-05]]
==============================
R_Frequencies_1
R->P8
T_min:200 K    T_max:5000 K    P_min:0.0001 atm    P_max:100 atm
[[-5.73599596235679, -1.9119986541189293, 4.461330192944175, 4.886218782748379, -1.2038510044452568, 1.3861087821326508, 0.46203626071088255, -1.0780846083253928, -1.1807593329278125, 0.2909117197068552, 0.21997284054089306, 0.07332428018029968, -0.17108998708736128, -0.1873842715718701, 0.04616713937278005, 0.07193444324182738, 0.023978147747275753, -0.05594901141031168, -0.06127748868748335, 0.015097352285321868, 0.04137414265292086, 0.01379138088430662, -0.03217988873004868, -0.0352446400376725, 0.008683462038267246, 0.021735927079255653, 0.007245309026418907, -0.016905721061644723, -0.01851578973418213, 0.004561861238856451, 0.011109895881059019, 0.0037032986270201518, -0.008641030129712787, -0.009463985380163242, 0.00233170654293835, 0.005923709745924877, 0.0019745699153075197, -0.004607329802385096, -0.0050461231168970055, 0.001243247724453042, 0.0032509500379905854, 0.0010836500126637783, -0.0025285166962156214, -0.0027693278101410534, 0.0006822981561214539, 0.0017774437591971948, 0.0005924812530660462, -0.001382456257152831, -0.0015141187578345816, 0.00037304375193035477, 0.001114576991861349, 0.0003715256639535425, -0.0008668932158912845, -0.0009494544745474731, 0.0002339235661929645, 0.0005640845140779671, 0.000188028171358684, -0.0004387323998386594, -0.00048051643791791054, 0.00011838810789264326, 0.0004279689961728117, 0.00014265633205717831, -0.00033286477480015675, -0.0003645661819254298, 8.982065351764712e-05, 0.00013699262787963962, 4.566420929358328e-05, -0.00010654982168489813, -0.00011669742374936787, 2.8751539184981856e-05, 0.0001532143509318934, 5.107145031036514e-05, -0.00011916671739085893, -0.00013051592857146085, 3.2156098343662934e-05]]
==============================
B1_VariationalHinderRotor_1
R->P8
T_min:200 K    T_max:5000 K    P_min:0.0001 atm    P_max:100 atm
[[-5.737224219360055, -1.9124080731200168, 4.462285503946712, 4.887265075751161, -1.204108786779274, 1.3837845451196462, 0.46126151503988133, -1.0762768684263897, -1.1787794273241428, 0.2904239168769651, 0.21800560655939777, 0.0726685355198009, -0.1695599162128648, -0.1857084796617079, 0.04575426310505881, 0.07044855697603161, 0.023482852325343813, -0.054793322092470495, -0.06001173372032384, 0.014785499612253636, 0.0403776291271178, 0.01345920970903898, -0.03140482265442411, -0.03439575814532185, 0.008474317224209833, 0.02114837983781881, 0.0070494599459399974, -0.01644873987386042, -0.018015286528514037, 0.004438548854851176, 0.010811417524562647, 0.003603805841521429, -0.008408880296882588, -0.009209726039444588, 0.002269062937253985, 0.005798967485812656, 0.001932989161936946, -0.004510308044520128, -0.004939861191616157, 0.0012170672501086166, 0.0032136264781433277, 0.0010712088260480535, -0.0024994872607791985, -0.0027375336665674543, 0.0006744648164004191, 0.0017749781613229931, 0.0005916593871079234, -0.0013805385699173778, -0.001512018433719453, 0.0003725262807715707, 0.0011210879752463487, 0.00037369599174846835, -0.000871957314079741, -0.0009550008678013144, 0.0002352900688787074, 0.0005699435788981688, 0.00018998119296538551, -0.00044328945025437494, -0.00048550749313508446, 0.00011961778816357849, 0.0004312310788729956, 0.00014374369295730438, -0.000335401950233738, -0.00036734499311458224, 9.05052881584184e-05, 0.00013828928518933026, 4.609642839673023e-05, -0.00010755833292580563, -0.00011780198367988826, 2.902367713887577e-05, 0.00015352460315135041, 5.1174867716836936e-05, -0.00011940802467262646, -0.0001307802174990503, 3.222121300698836e-05]]
==============================
R_SymmetryFactor_1
R->P8
T_min:200 K    T_max:5000 K    P_min:0.0001 atm    P_max:100 atm
[[-5.720572110240421, -1.9068573700801386, 4.44933386352033, 4.873079945760361, -1.200613899680092, 1.38378438044115, 0.4612614601470496, -1.0762767403431153, -1.1787792870424616, 0.29042388231481164, 0.21800572543165447, 0.0726685751438868, -0.16956000866906473, -0.18570858092325992, 0.04575428805355708, 0.07044860744764156, 0.02348286914921379, -0.05479336134816716, -0.06001177671465825, 0.014785510205060646, 0.04037759104114376, 0.01345919701371424, -0.03140479303199978, -0.034395725701714175, 0.0084743092308572, 0.021148346055237577, 0.007049448685079559, -0.016448713598519252, -0.01801525775075935, 0.004438541764679781, 0.010811515884981103, 0.0036038386283275305, -0.008408956799429997, -0.009209809827949167, 0.0022690835807985255, 0.005799020423738366, 0.0019330068079120716, -0.004510349218462217, -0.004939906286886231, 0.0012170783605374436, 0.003213579278315448, 0.0010711930927719826, -0.002499450549801774, -0.0027374934593065725, 0.0006744549102637165, 0.001774974788488648, 0.0005916582628298361, -0.0013805359466017575, -0.0015120155605643504, 0.00037252557289275956, 0.0011210564608368223, 0.0003736854869453021, -0.0008719328028723439, -0.000954974022193189, 0.00023528345474335688, 0.0005699442916352326, 0.0001899814305444253, -0.0004432900046054955, -0.0004855081002813899, 0.00011961793775036589, 0.00043125903193796944, 0.00014375301064556423, -0.00033542369150629803, -0.00036736880498466906, 9.05111548510501e-05, 0.00013841468037073534, 4.6138226790573555e-05, -0.00010765586251126891, -0.00011790880179740615, 2.904999464607705e-05, 0.00015343000174500299, 5.1143333914711875e-05, -0.0001193344458010337, -0.00013069963111594598, 3.220135839086097e-05]]
==============================
B1_VariationalFrequencies_1
R->P8
T_min:200 K    T_max:5000 K    P_min:0.0001 atm    P_max:100 atm
[[-5.781456683908423, -1.927152227969473, 4.4966885319287755, 4.92494458258866, -1.213392143536339, 1.3362526766247242, 0.4454175588749072, -1.0393076373747843, -1.1382893171247652, 0.28044809262494447, 0.19635738159664873, 0.06545246053221787, -0.1527224079085045, -0.16726739913788458, 0.04121080848324732, 0.06069104404952441, 0.02023034801650811, -0.04720414537185377, -0.051699778264410454, 0.012737626528912633, 0.036079412501537705, 0.012026470833845625, -0.028061765278973, -0.03073431435316107, 0.007572222376865882, 0.019318871881225774, 0.0064396239604089835, -0.015025789240954553, -0.0164568167877123, 0.004054578049146452, 0.0100873315076331, 0.00336244383587817, -0.007845702283714912, -0.008592912025022992, 0.002117094267034214, 0.005558929015491709, 0.0018529763384965564, -0.004323611456492599, -0.004735383976157748, 0.0011666888057202396, 0.0031659637214322134, 0.0010553212404775802, -0.0024624162277812056, -0.0026969320589986245, 0.000664461521782074, 0.0017869299804269545, 0.0005956433268092809, -0.0013898344292203602, -0.0015221996129562987, 0.0003750346872501559, 0.0011397393044196846, 0.00037991310147295065, -0.0008864639034367183, -0.000970889037097078, 0.00023920454537190716, 0.0005825883178763036, 0.00019419610595806935, -0.0004531242472373409, -0.0004962789374498289, 0.0001222716222700898, 0.0004365204813334689, 0.00014550682711084173, -0.00033951592992514934, -0.00037185078039581043, 9.161540966248771e-05, 0.00014042198914054893, 4.680732971382162e-05, -0.00010921710266556528, -0.00011961873149010649, 2.9471281671820948e-05, 0.00015358924827561793, 5.119641609159509e-05, -0.0001194583042137265, -0.00013083528556795187, 3.2234780502222935e-05]]
==============================
P8_SymmetryFactor_1
R->P8
T_min:200 K    T_max:5000 K    P_min:0.0001 atm    P_max:100 atm
[[-5.737224219360055, -1.9124080731200168, 4.462285503946712, 4.887265075751161, -1.204108786779274, 1.3837845451196462, 0.46126151503988133, -1.0762768684263897, -1.1787794273241428, 0.2904239168769651, 0.21800560655939777, 0.0726685355198009, -0.1695599162128648, -0.1857084796617079, 0.04575426310505881, 0.07044855697603161, 0.023482852325343813, -0.054793322092470495, -0.06001173372032384, 0.014785499612253636, 0.0403776291271178, 0.01345920970903898, -0.03140482265442411, -0.03439575814532185, 0.008474317224209833, 0.02114837983781881, 0.0070494599459399974, -0.01644873987386042, -0.018015286528514037, 0.004438548854851176, 0.010811417524562647, 0.003603805841521429, -0.008408880296882588, -0.009209726039444588, 0.002269062937253985, 0.005798967485812656, 0.001932989161936946, -0.004510308044520128, -0.004939861191616157, 0.0012170672501086166, 0.0032136264781433277, 0.0010712088260480535, -0.0024994872607791985, -0.0027375336665674543, 0.0006744648164004191, 0.0017749781613229931, 0.0005916593871079234, -0.0013805385699173778, -0.001512018433719453, 0.0003725262807715707, 0.0011210879752463487, 0.00037369599174846835, -0.000871957314079741, -0.0009550008678013144, 0.0002352900688787074, 0.0005699435788981688, 0.00018998119296538551, -0.00044328945025437494, -0.00048550749313508446, 0.00011961778816357849, 0.0004312310788729956, 0.00014374369295730438, -0.000335401950233738, -0.00036734499311458224, 9.05052881584184e-05, 0.00013828928518933026, 4.609642839673023e-05, -0.00010755833292580563, -0.00011780198367988826, 2.902367713887577e-05, 0.00015352460315135041, 5.1174867716836936e-05, -0.00011940802467262646, -0.0001307802174990503, 3.222121300698836e-05]]
==============================
B1_VariationalSymmetryFactor_1
R->P8
T_min:200 K    T_max:5000 K    P_min:0.0001 atm    P_max:100 atm
[[-5.737224219360055, -1.9124080731200168, 4.462285503946712, 4.887265075751161, -1.204108786779274, 1.3837845451196462, 0.46126151503988133, -1.0762768684263897, -1.1787794273241428, 0.2904239168769651, 0.21800560655939777, 0.0726685355198009, -0.1695599162128648, -0.1857084796617079, 0.04575426310505881, 0.07044855697603161, 0.023482852325343813, -0.054793322092470495, -0.06001173372032384, 0.014785499612253636, 0.0403776291271178, 0.01345920970903898, -0.03140482265442411, -0.03439575814532185, 0.008474317224209833, 0.02114837983781881, 0.0070494599459399974, -0.01644873987386042, -0.018015286528514037, 0.004438548854851176, 0.010811417524562647, 0.003603805841521429, -0.008408880296882588, -0.009209726039444588, 0.002269062937253985, 0.005798967485812656, 0.001932989161936946, -0.004510308044520128, -0.004939861191616157, 0.0012170672501086166, 0.0032136264781433277, 0.0010712088260480535, -0.0024994872607791985, -0.0027375336665674543, 0.0006744648164004191, 0.0017749781613229931, 0.0005916593871079234, -0.0013805385699173778, -0.001512018433719453, 0.0003725262807715707, 0.0011210879752463487, 0.00037369599174846835, -0.000871957314079741, -0.0009550008678013144, 0.0002352900688787074, 0.0005699435788981688, 0.00018998119296538551, -0.00044328945025437494, -0.00048550749313508446, 0.00011961778816357849, 0.0004312310788729956, 0.00014374369295730438, -0.000335401950233738, -0.00036734499311458224, 9.05052881584184e-05, 0.00013828928518933026, 4.609642839673023e-05, -0.00010755833292580563, -0.00011780198367988826, 2.902367713887577e-05, 0.00015352460315135041, 5.1174867716836936e-05, -0.00011940802467262646, -0.0001307802174990503, 3.222121300698836e-05]]
