==============================
W1_Energy_1
P4->P3
[-1.0243340986488569e-05, -1.8294295935072825e-05, -1.6364484214837193e-05, -1.2057251788394105e-05, -7.868486208074944e-06, -4.939170365848989e-06, -1.8338232442071937e-06, -1.0194137072168648e-06]
P1->P2
[-1.0924914656015023e-05, -2.5004290610666746e-05, -2.0035508151890927e-05, -1.4899625675248955e-05, -9.663401975231908e-06, -5.930027704471574e-06, -2.1672438047182533e-06, -1.143627627039197e-06]
P1->P3
[-6.3146113254449294e-06, 7.589219948770299e-06, 4.533884875404108e-06, 2.4365671353785433e-06, 1.5165807084908896e-06, 7.657866910337176e-07, 3.7509408038663516e-07, 8.961520057694799e-08]
P2->P3
[-4.5850647215221625e-06, -7.059241398994879e-06, -6.762413388786664e-06, -4.951867436458848e-06, -3.221907589387809e-06, -1.9946865765680658e-06, -7.320540847279014e-07, -3.9658878119073504e-07]
P2->P4
[4.157413537227987e-06, 7.413696689539808e-06, 6.546187297026655e-06, 4.819752686406335e-06, 3.140846683009621e-06, 1.8024117814757563e-06, 7.657677935167778e-07, 2.8998816717833663e-07]
P1->P4
[1.6342240785500338e-06, -1.5102582520032253e-05, -4.675545313651957e-06, -4.336117098904124e-06, -2.8251272367047826e-06, -1.6065056844870982e-06, -5.215819046782424e-07, -2.0640444074685696e-07]
==============================
W1_Frequencies_1
P4->P3
[-0.00013980686738998966, -0.0004833372540836227, -0.00036478079423163184, -0.0002457802475009139, -0.0001542961907498972, -0.00010221318709974389, -0.00010282377107105301, 6.962422728765529e-05]
P1->P2
[0.021942342456854953, -0.02103121775072169, 0.004730139343699663, 0.0015885531868792073, 0.0011370235171404104, 0.0008738084262761071, 0.0002777897543866816, 0.00023738537120775903]
P1->P3
[-0.10394518790237066, 0.06495779005904237, 0.025671015861026728, 0.008188512149875343, 0.004064729675503993, 0.0019664903373220674, 0.0007218581106219633, 0.0002646189246246911]
P2->P3
[-0.006322017937179031, 0.00173300886287731, -0.0038915077198565487, -0.0024625357027129127, -0.0015605006532351255, -0.0009733832281511592, -0.00034688158541291265, -0.00020050473699540335]
P2->P4
[0.005540890288219623, 0.005920483147586538, 0.007579971988618859, 0.0051022599502368446, 0.003329542947878365, 0.002201686003207932, 0.0007614418337478228, 0.0005003109491432586]
P1->P4
[0.06590569012855546, -0.08953620946334112, 0.01915833905091665, 0.002274966170437773, -9.137514444003613e-05, -4.824678493133992e-05, -8.707328854571072e-05, 2.7606353395598842e-05]
