==============================
B1_Frequencies_1
R1->P1
T_min:200.0 K    T_max:3000.0 K    P_min:0.0001 atm    P_max:100 atm
[[-9.96438386312298, 0.18934362318605755, -0.14062236443043516, 0.08358589868665522, -0.038571186184458234, 0.012507511241588457, -0.0024362118959069395, 0.275728293803709, -0.20402696681485163, 0.15155016556554105, -0.09003226183529912, 0.04153707072495155, -0.0134576000956727, 0.002616455804954128, 0.03369902078574903, 0.012334623300385136, -0.009145446979943874, 0.005427936317850164, -0.0024917063635518516, 0.0008062494406382119, -0.00015371493252718665, 0.0163826758325942, 0.00033769091271490005, -0.00023150085010625009, 0.00011836830454894226, -3.507684777879182e-05, 3.429065462946801e-06, 5.231712834131638e-06, 0.007465603477181074, -0.00046724490210059834, 0.0003364130081947615, -0.0001926903199955289, 8.149202372313095e-05, -2.255473649608042e-05, 2.9328832273911587e-06, 0.0005623844124807431, 0.004304305827201073, -0.003191528638895616, 0.0018851996261023286, -0.0008626168082657842, 0.00027541617119226924, -5.158898086062534e-05, 0.001109166064463634, 0.00019694065068592663, -0.00015438536089866506, 9.523022861340769e-05, -4.971192761957233e-05, 1.775659622477166e-05, -4.813763985690028e-06, -7.87813230125195e-05, 0.0011147925255232116, -0.0008239736160577504, 0.00048390268597892083, -0.00021962776728195327, 6.912798438245618e-05, -1.2755082368406945e-05, 9.005938750877851e-05, 0.000251223503761, -0.00017911592813334848, 9.771781022428414e-05, -3.9184778851331786e-05, 9.724962514790977e-06, -1.060942058678238e-06, -0.00011033064109292057, 0.00045177207543480036, -0.00033275027352572956, 0.00019563639630930385, -8.788402226755226e-05, 2.7656256640737342e-05, -4.819925455670088e-06]]
==============================
B1_Energy_1
R1->P1
T_min:200.0 K    T_max:3000.0 K    P_min:0.0001 atm    P_max:100 atm
[[-9.897573701073245, 0.07103567221949163, -0.05276129010413629, 0.031383560478343675, -0.014490563728703956, 0.00470554376402188, -0.0009181956993794538, 0.20347199232112184, -0.06863089026770924, 0.05100830572446828, -0.030329191174653207, 0.014015778263810084, -0.0045507454005257915, 0.0008892417715226572, 0.045033007995806715, -0.004952583981101669, 0.003636432338458161, -0.0021306465289036604, 0.0009511351395619302, -0.00029625428160330244, 5.0564275320082175e-05, 0.01608450438257418, 0.002949950885893687, -0.0021405004846519506, 0.0012381648982950286, -0.0005314485340573195, 0.00015897461873913554, -2.117096223778548e-05, 0.01016564107965473, -0.004185338472805153, 0.003069864488140091, -0.0017987160376736026, 0.000800845769173854, -0.00024895852837483485, 4.183522235260209e-05, 0.0011465571278920748, 0.003846747524683277, -0.0028361124012863566, 0.0016713778969565055, -0.0007546738015259957, 0.00023899617120395206, -4.251916080392007e-05, 0.001696356361920226, -0.0006086313348021705, 0.0004447198066109756, -0.00026520314287163324, 0.00011769386499698928, -3.777072386085267e-05, 5.876964180220184e-06, 0.0002153834654830336, 0.0006809050239609538, -0.0005101595146094692, 0.0003102044138773852, -0.0001466690535059413, 4.9702013471993045e-05, -9.954363449801891e-06, 0.0001300985948727712, 0.00020368305737551023, -0.00014819158475398372, 8.265526971578882e-05, -3.519929316293802e-05, 9.568678895209744e-06, -1.3583811410370489e-06, 0.00048504474424357347, -0.0006345326343037486, 0.0004643407240284749, -0.00026932576368507086, 0.00011861931050170457, -3.5945956853744576e-05, 5.768652305816746e-06]]
==============================
B4_Energy_1
R1->P1
T_min:200.0 K    T_max:3000.0 K    P_min:0.0001 atm    P_max:100 atm
[[-9.895512102002046, 0.06736234109986497, -0.049995891996374775, 0.029716809916418997, -0.013693724299740865, 0.004438604755717199, -0.000860264671687358, 0.2024587595389577, -0.06670593973817575, 0.04951298194107219, -0.029399212557624073, 0.013537454994351193, -0.004380133590310611, 0.0008454631631045388, 0.041635654943944125, 0.0012470601965432065, -0.000897058671787878, 0.0005164419407833534, -0.00021658985088666982, 6.457304312896053e-05, -7.731727830001534e-06, 0.019617521292814456, -0.0034293130289890146, 0.0025378417365377517, -0.00150587865317078, 0.0006898646034475646, -0.00022312039881811074, 4.27827997761225e-05, 0.007267744053494617, 0.001067859900910094, -0.0007835305436005666, 0.000462696836053416, -0.0002064573562758896, 6.631693793183405e-05, -1.0994845980267023e-05, 0.0034566754591235024, -0.0003468325391185155, 0.00024821118348127176, -0.00014765849364541984, 6.25276536694655e-05, -2.0232545196452456e-05, 2.300098461516936e-06, 0.00031641691311300874, 0.0018922282435193342, -0.0014030746080352478, 0.000835784436918504, -0.0003840410403266603, 0.0001253349346375561, -2.3469152165025292e-05, 0.0009796785767318267, -0.000716406775448368, 0.0005243199149890399, -0.0003094042190453228, 0.00013770923664516502, -4.406509629437203e-05, 7.565787765326237e-06, -0.00021551216634671522, 0.000829961978815158, -0.0006129489806374552, 0.0003629637161171734, -0.00016492303150662802, 5.312184596544911e-05, -9.901499720046253e-06, 0.0001764914941344703, -8.232504926469764e-05, 6.0701457057454195e-05, -3.672426970416018e-05, 1.694645285249541e-05, -5.930932884076756e-06, 1.3818960035716366e-06]]
==============================
W1_Frequencies_1
R1->P1
T_min:200.0 K    T_max:3000.0 K    P_min:0.0001 atm    P_max:100 atm
[[-9.89385909240838, 0.06438335237948412, -0.047799714275484774, 0.028418697483090307, -0.013106111273229316, 0.004250660015761088, -0.0008260699850198491, 0.1991282383965283, -0.06063615826371449, 0.045039241718919695, -0.02675887546226944, 0.01234404619675783, -0.003999653901654939, 0.0007765560442374864, 0.04480275626796817, -0.004464908937287945, 0.0033100318818882844, -0.0019658640582568172, 0.0009040322528316921, -0.0002924215583090667, 5.6689528687120516e-05, 0.016068801483103363, 0.003023793971398363, -0.002220658432553573, 0.0013041947241361138, -0.0005816472311239752, 0.0001827678184953968, -3.083782870384467e-05, 0.010593139069401934, -0.004945428462246725, 0.003654716504131253, -0.0021631024385215976, 0.0009851722742219191, -0.00031580839091206996, 5.893264813514737e-05, 1.7407716080724764e-05, 0.005899186215599074, -0.004365443002954828, 0.0025840875434183057, -0.0011794675823010407, 0.0003787258948758053, -7.101218369424782e-05, 0.003955817334206486, -0.0046977751231725515, 0.0034641118075915515, -0.0020442631841263263, 0.0009244785446404207, -0.0002943631811129846, 5.334563707288208e-05, -0.002117472824840219, 0.0049010654049646, -0.003623256593280503, 0.002143240965462423, -0.000975812970376206, 0.0003126277210746282, -5.7798496767491256e-05, 0.0023365304786446273, -0.00379474817955288, 0.002806980731858713, -0.0016642079603326788, 0.000758797410410298, -0.0002441764226407076, 4.47554118598089e-05, -0.0008120898674421617, 0.0017139969256533688, -0.0012723476931151053, 0.0007587077256917506, -0.0003494830243797719, 0.00011396081209091163, -2.1496689388750267e-05]]
==============================
B3_Frequencies_1
R1->P1
T_min:200.0 K    T_max:3000.0 K    P_min:0.0001 atm    P_max:100 atm
[[-9.905057679184464, 0.07295811469135481, -0.05413959697628211, 0.03216506896459291, -0.014810517711251183, 0.004794684586102009, -0.0009258078779745132, 0.19986374152713796, -0.07683561771532127, 0.057004632134083466, -0.033834662027688145, 0.015558139737814149, -0.0050267759189730685, 0.0009639487366214956, 0.034147037920534515, 0.010450439475466703, -0.007706050517213596, 0.004541936096540345, -0.0020499447667537904, 0.0006496489689638112, -0.00011480957335972125, 0.023398436930207205, -0.009945939993306655, 0.007361342029954638, -0.004357173672010684, 0.0019899681366948793, -0.0006380267419473611, 0.00011941773266170032, 0.004859512396680067, 0.006677846750207229, -0.004931364261724974, 0.0029130174151056985, -0.0013209822723726902, 0.0004211012049701295, -7.584843009028619e-05, 0.0061867192301996755, -0.004348664504631325, 0.003209463618648132, -0.0018970162604256737, 0.0008597602886911831, -0.00027419432959563395, 4.9228256991524534e-05, -0.0005837586491233351, 0.004043195137245246, -0.0029960403185306933, 0.0017786299952218566, -0.0008150821030834393, 0.0002631467571522911, -4.9191998604754955e-05, 0.0017124825604524913, -0.0017944457801469527, 0.0013238612434852536, -0.0007826226668741186, 0.00035455178604315227, -0.00011336189533278727, 2.0292890535339794e-05, 0.00018264947160612222, 0.00020912793479264946, -0.00015905269238690456, 9.846269514482593e-05, -4.85990329947561e-05, 1.7332423423829964e-05, -4.06615548393871e-06, 0.000178808896180771, -3.428397773373726e-05, 2.7218045091264784e-05, -1.8723666794943916e-05, 1.0143867927577682e-05, -4.262246642357248e-06, 1.00662048843278e-06]]
==============================
R1_Frequencies_1
R1->P1
T_min:200.0 K    T_max:3000.0 K    P_min:0.0001 atm    P_max:100 atm
[[-9.870645119694208, 0.06614846293055267, -0.0491071986473202, 0.029195326593832612, -0.013463888478236478, 0.0043672175665912406, -0.0008495558801811173, 0.23818816806433377, -0.06490201851058314, 0.048202526755530814, -0.028639039963296455, 0.013210579572062633, -0.0042817671533219095, 0.0008322693391977073, 0.061288851992293156, -0.0003771709827317185, 0.0002751206233932921, -0.00015564548760984426, 6.62014419394244e-05, -1.75074856368293e-05, 2.0079267822811775e-06, 0.026136012370088835, -0.0023116269844584377, 0.0017309280205877152, -0.001040671944063272, 0.0004936353293694788, -0.00016532075437866028, 3.624452910091212e-05, 0.010060321022157315, -0.0002874823795862031, 0.0002002445839769211, -0.00010740495403689307, 3.8810907616143174e-05, -7.61721150193892e-06, -1.2016856768964912e-06, 0.003238135161457812, 0.0007238726662085262, -0.0005272921072055868, 0.0003002390412049638, -0.00012893436947839648, 3.700139041238476e-05, -4.830055651140752e-06, 0.0007605351869336488, 0.001079884480318774, -0.0008207885508481963, 0.0005058573846360125, -0.0002475450253867067, 8.652681574312232e-05, -1.945854660149668e-05, 0.0011834737687526908, -0.001153039543288173, 0.0008632766420829767, -0.0005235574747789254, 0.000246774055165537, -8.341100870419473e-05, 1.6720813252275868e-05, -0.000411513570278077, 0.0011637697594249763, -0.0008716685344496607, 0.00052674309418182, -0.00024824429575271215, 8.3343437012971e-05, -1.6756621676147776e-05, 0.0004400145626742846, -0.0005661111780215083, 0.00042721564840993327, -0.000261957479527241, 0.0001255201003628366, -4.304526147178023e-05, 8.787833529068367e-06]]
==============================
B2_Frequencies_1
R1->P1
T_min:200.0 K    T_max:3000.0 K    P_min:0.0001 atm    P_max:100 atm
[[-9.912862924866648, 0.06933940531352921, -0.05147376387917609, 0.030602447709819566, -0.014109474912657132, 0.004575884550712285, -0.0008882137532845169, 0.17819005825336595, -0.06940403894343301, 0.05153557906729947, -0.030614257943524976, 0.014111135671956033, -0.004570405527412075, 0.000884327822144532, 0.026216669509131985, 0.0035587057291438656, -0.0026330773356748848, 0.001562701135395866, -0.0007131127453529305, 0.0002301795174389186, -4.2273502064069796e-05, 0.015278924383677724, -0.006203953389198423, 0.00461044611144251, -0.0027448560886612315, 0.001269414494346411, -0.0004128622398235707, 8.075886045911303e-05, 0.004200348499806283, 0.0032208083005910455, -0.0023871102059142262, 0.0014162993553999657, -0.0006480262589100795, 0.00020886792817514585, -3.866378824519956e-05, 0.004345277293937497, -0.0027258381490810127, 0.0020035338793491474, -0.001176214707873496, 0.000526554944154857, -0.0001647186443251153, 2.8616911472160306e-05, -0.0007168563841066407, 0.0037092593010681334, -0.002738860292148003, 0.0016128191943301645, -0.0007301549271790629, 0.00023083146117839834, -4.189679171428054e-05, 0.0015936231895455066, -0.0017462119423928835, 0.001281612868944071, -0.0007497996283877054, 0.0003334970548780139, -0.00010316335633946561, 1.7462898095481003e-05, -0.00015541874969718372, 0.0007713901019914676, -0.0005675300581775185, 0.00033174814158329867, -0.0001485393878583388, 4.5945089426353836e-05, -8.213341105418187e-06, 0.0004521996681349505, -0.0005263180986844196, 0.0003861935142376507, -0.0002258272564563124, 0.00010029155718831867, -3.0926984983706274e-05, 5.2624277044957535e-06]]
==============================
B4_SymmetryFactor_1
R1->P1
T_min:200.0 K    T_max:3000.0 K    P_min:0.0001 atm    P_max:100 atm
[[-9.894554019673974, 0.06536712855624292, -0.04853325057524255, 0.028857495693413233, -0.013311412290223918, 0.004318024331240209, -0.0008399332580358923, 0.20064804857634988, -0.06389302142430454, 0.04744820731849546, -0.028177538659516804, 0.012990536892374432, -0.004204448532713933, 0.0008150990944360195, 0.04338603854087839, -0.0023467506153559553, 0.0017419737908759003, -0.001038890013478514, 0.0004792543270898536, -0.00015664308814187372, 3.0398360695772786e-05, 0.017757682225362403, -0.00037963814631912485, 0.0002962287150451229, -0.00018098507898533546, 9.507710488401017e-05, -3.2571878442695656e-05, 9.554039881477512e-06, 0.008334533238393439, -0.0011258566840860254, 0.0008340725789732183, -0.0005000933107832985, 0.0002298280745710896, -7.572635448093931e-05, 1.407418997139559e-05, 0.0022726640106352104, 0.0016226186299851258, -0.0012024817060691364, 0.0007134951637116117, -0.0003263805373898282, 0.00010574587885105527, -1.9625474194548756e-05, 0.0007707581560914938, 0.0009339240797600172, -0.0006953708845183169, 0.00041135202102429713, -0.00019069741253954949, 6.11655185704281e-05, -1.2150232012349271e-05, 0.0008641143730320905, -0.0005949377691689753, 0.00043671938097739407, -0.0002554262817852232, 0.00011402578180029488, -3.535129006282693e-05, 6.077322000293782e-06, -0.00024159678779715754, 0.0008264486608095326, -0.0006106992984100321, 0.0003591400002277683, -0.0001627268468301045, 5.1161982664617734e-05, -9.114328912167638e-06, 0.0005888258199763657, -0.0008712167716767791, 0.0006433437571349253, -0.00037970879795771323, 0.00017210540034127628, -5.473903418045517e-05, 9.75498019036361e-06]]
==============================
W3_Energy_1
R1->P1
T_min:200.0 K    T_max:3000.0 K    P_min:0.0001 atm    P_max:100 atm
[[-9.895854747994358, 0.06800083014126436, -0.05046644461016774, 0.029993949281225882, -0.013817726757757613, 0.004477772278467881, -0.0008665516593489228, 0.20413881916447524, -0.06971659635795667, 0.051748380352093976, -0.030728878408697435, 0.014148534880887353, -0.004578403432085147, 0.0008823584711207992, 0.03885317316163723, 0.006317153591180569, -0.004661341126489181, 0.0027532924066326174, -0.0012452606695346792, 0.00039759716510511314, -7.066958424121333e-05, 0.022047801670864155, -0.007812024080006143, 0.0057941366660520105, -0.0034435970136877086, 0.0015833115388273408, -0.0005134640924364907, 9.818749142801071e-05, 0.004955835275997269, 0.005271532095070482, -0.003900498340001682, 0.0023115400130245614, -0.0010540719602692699, 0.00033953049229266605, -6.227000531646223e-05, 0.005597015109156101, -0.0042126977990686945, 0.003111558164707009, -0.0018434921349843054, 0.000837660204232038, -0.00026924358991411296, 4.859398759109526e-05, -0.0012872231582456567, 0.004803548627727075, -0.0035586044009779105, 0.0021118298605154844, -0.0009666958905699095, 0.0003121330364983521, -5.803231765695582e-05, 0.002341938684040118, -0.0031807429761398984, 0.002351759383145113, -0.0013944717446983494, 0.0006351002962943983, -0.00020464126738924376, 3.741023826923928e-05, -0.0010256206730695078, 0.0022975578001095814, -0.001694105565223366, 0.0009978386478504773, -0.00045089699059579214, 0.00014308012154286807, -2.5926298647678536e-05, 0.000992612231136225, -0.0015568461428329128, 0.0011454852988953632, -0.0006728351843117084, 0.0003020885653152623, -9.523251355572637e-05, 1.690473896726573e-05]]
==============================
colrel_Sigmas
R1->P1
T_min:200.0 K    T_max:3000.0 K    P_min:0.0001 atm    P_max:100 atm
[[-9.916623269817794, 0.10562663910199022, -0.07843588354503228, 0.046625687033800337, -0.02151037190427095, 0.006975666759492212, -0.001358008518742064, 0.22642393384890985, -0.11009003299543499, 0.08175945395613589, -0.04857457751967449, 0.02240277217506058, -0.00725871715640105, 0.0014103868811846526, 0.03835186922616346, 0.007232407043277225, -0.0053532235003959094, 0.003178265409140426, -0.0014548142173980913, 0.00047047901542725257, -8.972703278214283e-05, 0.020650149904205932, -0.005284597136992971, 0.00393598158154513, -0.002354792992732155, 0.0010993737983776355, -0.00036240979559623576, 7.485755325303519e-05, 0.005575372489402618, 0.0041522066674249325, -0.003076377386742702, 0.0018288812904210233, -0.0008396881782632253, 0.00027267523561224846, -5.255324371007501e-05, 0.004254779674765837, -0.001784492140844262, 0.0013193206335240723, -0.0007883117502093234, 0.00036197543189086384, -0.00011865036952463104, 2.2995988697390498e-05, -0.0006307755414500203, 0.0036154051035234627, -0.0026831239357388292, 0.0015964552866817236, -0.0007358099895154423, 0.00023910546881156236, -4.6245976145588286e-05, 0.0013562020709576572, -0.001395377729089771, 0.0010320434845007536, -0.0006141882276202021, 0.0002810861104402783, -9.139831677233354e-05, 1.7439039000286677e-05, 0.00011011223028128958, 0.00024369582635849762, -0.00018583622535307126, 0.00011569297141527865, -5.7850940954326524e-05, 2.0989238429885114e-05, -5.474583461773791e-06, 3.8746833918856805e-05, 0.0001695154082432676, -0.00012570689719824252, 7.423264392240891e-05, -3.350181541738467e-05, 1.0476283698011846e-05, -1.3231070592582828e-06]]
==============================
W3_SymmetryFactor_1
R1->P1
T_min:200.0 K    T_max:3000.0 K    P_min:0.0001 atm    P_max:100 atm
[[-9.88160183303687, 0.04218054426309696, -0.031319676162781036, 0.018636067536546223, -0.008601787665769564, 0.0027942016604233736, -0.0005450503661080935, 0.18542235204606308, -0.035809966282962104, 0.02662541021553634, -0.01583598894962293, 0.007325611256296598, -0.0023796185127213394, 0.00046694640971997343, 0.04645383311330687, -0.007454172289716638, 0.005509695551854101, -0.0032599384464202692, 0.0014847340125076491, -0.00047622298352031564, 8.815395608749443e-05, 0.015913082532564224, 0.0033042117541320576, -0.002418311836952656, 0.0014141862309992228, -0.0006246085063073073, 0.00019433474100048406, -3.1285882464108985e-05, 0.010400886512007126, -0.004595904157773599, 0.0033885083483081377, -0.002000359449177421, 0.0009051819884513018, -0.0002885179283171099, 5.2387731049874375e-05, 0.0005760152126593372, 0.004885314326949337, -0.0036064039925232504, 0.002128000465274763, -0.000964498251607198, 0.000307467306433655, -5.6046085892986e-05, 0.0032084536767258733, -0.0033407865224243105, 0.002454239595728786, -0.0014402200161207634, 0.0006444311526774974, -0.0002025571477105824, 3.5456432059221415e-05, -0.0014053404626531082, 0.00360953483804817, -0.0026645984523727424, 0.0015725744455678536, -0.0007130444632604781, 0.00022724381980567584, -4.129797423138874e-05, 0.0013451974473418365, -0.001996024328621643, 0.0014723867991163452, -0.0008689190774648081, 0.00039335888696377316, -0.00012509390978487564, 2.2414009532855522e-05, 9.875332910709578e-05, 6.316184858148888e-05, -5.155509628489499e-05, 3.577539709092789e-05, -2.0506713955689704e-05, 8.478234934550244e-06, -2.3944925660809857e-06]]
==============================
B3_SymmetryFactor_1
R1->P1
T_min:200.0 K    T_max:3000.0 K    P_min:0.0001 atm    P_max:100 atm
[[-9.910406459890691, 0.061238395414104946, -0.04546697649911515, 0.02702880980941144, -0.01246713855290868, 0.004043401023472377, -0.0007870991922194065, 0.2066435601178404, -0.05900584129119102, 0.04381383040583444, -0.02601545371113567, 0.011991837956981086, -0.00388106074316129, 0.0007532432355854988, 0.04627797602320692, -0.0048432281454771145, 0.003594903177154149, -0.002138524270715078, 0.0009832365384206398, -0.00031776418983999605, 5.955320730980512e-05, 0.01676988349764014, 0.0027019638725287684, -0.0019884066335415437, 0.0011733905817667579, -0.0005247760347864353, 0.00016565958377053394, -2.6757588740905855e-05, 0.010210430469342096, -0.0037183219318514173, 0.0027575716321422417, -0.0016417039922997922, 0.0007537918937854618, -0.00024417741604238017, 4.546292240329916e-05, 0.0007792184288434624, 0.004804146732879235, -0.0035580976736758647, 0.0021089325419868833, -0.0009635075835859805, 0.0003094431311570986, -5.7043998047500225e-05, 0.0024265522419106428, -0.0017850824507650628, 0.0013220210867734318, -0.0007875422032019158, 0.0003602061196423742, -0.00011673249095080912, 2.1340607153102e-05, -1.5805339171552635e-05, 0.0011682164805890786, -0.0008749055332549181, 0.000528125788704148, -0.00024894516703324876, 8.331190890673587e-05, -1.6715068467048483e-05, 0.0005735666734325434, -0.0005731678694908607, 0.0004319247575158801, -0.0002652437964809299, 0.0001272187980350288, -4.3950668244015743e-05, 8.92377280645347e-06, 0.0003618660943883051, -0.0004004713223186296, 0.0002921583388855037, -0.00016864161913001177, 7.332480897446689e-05, -2.185763236246807e-05, 3.337972045356491e-06]]
==============================
B4_Frequencies_1
R1->P1
T_min:200.0 K    T_max:3000.0 K    P_min:0.0001 atm    P_max:100 atm
[[-9.896358724858294, 0.06849128333705991, -0.050838011711705045, 0.030217249412796895, -0.013928222326191227, 0.004514791885105201, -0.0008765261759819606, 0.20312376868484056, -0.06864774878836419, 0.05096803559728693, -0.030266116698552913, 0.01394788277863587, -0.004514365396780245, 0.0008747511526984979, 0.04059527233174215, 0.002470102823715785, -0.0018238074569700818, 0.0010777638396531307, -0.000490405507675911, 0.00015712639742777174, -2.9531687576869747e-05, 0.019908702509115896, -0.004473899025867268, 0.003329565775234647, -0.0019835955086890296, 0.0009228679245648283, -0.0003012893720137286, 6.144292399416827e-05, 0.006318646209052513, 0.002375471076540417, -0.0017668922243479612, 0.0010534147162746463, -0.0004886400254866519, 0.00015986985532787448, -3.188421743084008e-05, 0.004009901216426113, -0.0016419831128249643, 0.0012097866937237096, -0.0007138135752614606, 0.00032405972421226115, -0.0001031949697713544, 1.990673459069392e-05, -0.00045021094491671035, 0.0030609837814298095, -0.002270266266354192, 0.0013472181043820315, -0.0006200055994462876, 0.00020047443167758167, -3.9126675201440336e-05, 0.0020127550105497466, -0.0027381829217370673, 0.0020157169477010833, -0.0011850453620785469, 0.0005342280544593063, -0.0001687250843344563, 3.054611803202101e-05, -0.0009761186234568953, 0.002122274248765106, -0.0015662986203794152, 0.0009233130887914328, -0.00041930299246070203, 0.00013363662611879865, -2.4858283958557187e-05, 0.0005338229187924481, -0.0008040653918779256, 0.0005930043058499992, -0.0003500357163856195, 0.00015917844812223664, -5.125254282621616e-05, 9.706101860119248e-06]]
==============================
P1_Frequencies_1
R1->P1
T_min:200.0 K    T_max:3000.0 K    P_min:0.0001 atm    P_max:100 atm
[[-9.894814148165944, 0.06611954141796757, -0.04909547799914928, 0.02919820454258015, -0.013471081843208946, 0.004372122034486215, -0.0008506468218378027, 0.20118220740570542, -0.06436791672559994, 0.047825532024247636, -0.028433939875905184, 0.013128419636290693, -0.004260440264976956, 0.0008292388517281875, 0.04279080174023025, -0.0008086399899141991, 0.0005835118198510084, -0.0003280295978963614, 0.00013908607860746436, -3.863979712146956e-05, 5.718018808761882e-06, 0.01850856951618427, -0.0014065129245752388, 0.0010785252606158157, -0.0006719609440985, 0.0003373689250138444, -0.00012043071966433283, 2.9297081065257006e-05, 0.007922803601306889, -9.824770884827097e-05, 5.218768261740052e-05, -1.1426890637225573e-05, -1.0265346108190689e-05, 1.0283031731050767e-05, -4.777495168287529e-06, 0.0029730995996315283, 0.0005359233882864436, -0.000383129464534164, 0.00020937755606663215, -8.389829230415202e-05, 2.094232386788339e-05, -1.6890131252240287e-06, 0.0008334833830902881, 0.0009662277919325751, -0.0007363073731489443, 0.0004556982069575284, -0.00022485909839006432, 7.922834963921752e-05, -1.81970267580725e-05, 0.0009392137878587864, -0.0006429907251486455, 0.00048633614727039594, -0.00030092976763863855, 0.000146203460510759, -5.151415219944045e-05, 1.15205014900744e-05, 0.00016835469080128673, 0.00013744237464664855, -0.00010616466860651971, 6.701912942052093e-05, -3.4815933894018214e-05, 1.2944884109326307e-05, -4.009260880835294e-06, 0.0005209009973755618, -0.0007034628545333835, 0.0005186127505837843, -0.0003056772967441647, 0.0001383581195881084, -4.4097792414134196e-05, 8.438613651750443e-06]]
==============================
W1_SymmetryFactor_1
R1->P1
T_min:200.0 K    T_max:3000.0 K    P_min:0.0001 atm    P_max:100 atm
[[-9.897557149061175, 0.07107821541111475, -0.05273835992376866, 0.03132826820881663, -0.014422167719040988, 0.00466825762789645, -0.0009014499783187163, 0.20650512145584285, -0.07399113469261176, 0.05489458420521786, -0.032567642744697534, 0.014974053707711793, -0.004835274493680241, 0.0009279336466238124, 0.03761319881685556, 0.00855168504197825, -0.006292876316876042, 0.0036930915932091475, -0.001656272464120076, 0.0005205045008872151, -9.009737745423879e-05, 0.023170092798946506, -0.0098338099211976, 0.007267509633038686, -0.004289751614473409, 0.0019511239150462253, -0.0006224141905953398, 0.00011489386406687287, 0.00373210196306018, 0.007477990665350752, -0.0055114449711928856, 0.003240708063652122, -0.0014604827011382901, 0.0004613827409995358, -8.143938635423072e-05, 0.006405926292994166, -0.0056701322424041155, 0.004172792333510134, -0.0024526318855580525, 0.0011018830325902618, -0.0003473788687503726, 6.047636735980518e-05, -0.002185331001726163, 0.006424338706550356, -0.004743365167966196, 0.0027976204689106436, -0.0012680549524689833, 0.0004033970423204386, -7.272024096005233e-05, 0.0028158335952839855, -0.0040353047691076074, 0.0029740968888450287, -0.0017525085781270357, 0.0007906442479655856, -0.0002509334566595826, 4.450475370275028e-05, -0.001320577342958082, 0.0028295356666867347, -0.002081796901740176, 0.001221178962569059, -0.0005481547108876651, 0.00017216150991023133, -3.0445536781767077e-05, 0.0010308491912351392, -0.0016250858863332968, 0.0011932976811396736, -0.0006983742167015854, 0.0003117266186633931, -9.7377963684038e-05, 1.6967716692690982e-05]]
==============================
W1_Energy_1
R1->P1
T_min:200.0 K    T_max:3000.0 K    P_min:0.0001 atm    P_max:100 atm
[[-9.89321469616427, 0.06321262880908018, -0.04692689044794287, 0.02789386434508545, -0.012861335338319384, 0.0041685350638886055, -0.0008101173639563433, 0.1980192033252688, -0.058619363376432046, 0.043536840254083116, -0.025854298321441323, 0.011922306354508982, -0.0038576727401162334, 0.0007489759143120495, 0.0457555372687878, -0.006196945660798002, 0.004604162993959328, -0.002747014003357428, 0.0012707028623518898, -0.00041676811205676803, 8.126329160619561e-05, 0.015693352201077454, 0.003709613256913966, -0.0027387749227769896, 0.0016241468074047472, -0.0007366590568329279, 0.00023830537691129153, -4.249745236478117e-05, 0.010558950059434066, -0.004888118140428117, 0.0036247571411666697, -0.0021587588428916733, 0.0009932409354648393, -0.0003243625182274201, 6.216471142168889e-05, 0.0004747164799952172, 0.005074193676508812, -0.003765439507562418, 0.0022395170339108757, -0.0010306715145910299, 0.0003356555285569003, -6.440495248990867e-05, 0.003159465236134064, -0.0032575633852945547, 0.002408759122510429, -0.0014289978853136466, 0.0006518860755169286, -0.0002111018277050243, 3.9346765201588724e-05, -0.0010493828085943388, 0.002967211246979247, -0.0021998246022181325, 0.0013066166806007945, -0.0006000576598949245, 0.00019482339017368872, -3.707994295728406e-05, 0.0015652647094246408, -0.0023981443453456527, 0.0017795101367948374, -0.0010604806567811875, 0.0004878898776449602, -0.00015923719089506387, 2.9865313568907398e-05, -0.00024988332812152236, 0.0006954721289799126, -0.0005215485959167068, 0.0003160049762920454, -0.00014970931554615652, 5.0705071856595174e-05, -1.0214967355790666e-05]]
==============================
B2_SymmetryFactor_1
R1->P1
T_min:200.0 K    T_max:3000.0 K    P_min:0.0001 atm    P_max:100 atm
[[-9.91818725014779, 0.06905168467512257, -0.05125285275642827, 0.030464804135235984, -0.014040855854283519, 0.004551302734261754, -0.0008827683495476191, 0.19512415445966724, -0.06737355397250994, 0.05001020237842117, -0.029691790070787188, 0.013672908741620464, -0.0044227556350339165, 0.0008537771962509669, 0.042517561614632125, -0.0017055804144884903, 0.0012776698446226621, -0.0007629127715072341, 0.0003606624986507191, -0.00011850939820117964, 2.555525761475247e-05, 0.018312019001278896, -0.001299534504573224, 0.0009708485803419133, -0.0005843048741082935, 0.00027497718805304106, -9.13669338759443e-05, 1.903293246621838e-05, 0.007470302321838089, 0.0006370118207153237, -0.00046027885416266047, 0.00026415279624666943, -0.00011094938680485643, 3.255726875286795e-05, -3.540258871155208e-06, 0.003271054975736553, 3.328442064761891e-06, -1.9949527626267338e-05, 2.2553251941974037e-05, -2.294371357972752e-05, 1.1638372108789541e-05, -4.999179293265453e-06, 0.00045552928977642473, 0.0016669038850035418, -0.0012280249455910233, 0.000721300285304375, -0.0003246691114294504, 0.00010230542572449777, -1.810708053034092e-05, 0.0009518198285002125, -0.0006285580696074183, 0.0004564031374264862, -0.0002647294681137613, 0.00011423672358876202, -3.450259273505597e-05, 5.006366063151253e-06, -8.492328629065848e-05, 0.000614332759718908, -0.00045225322075178806, 0.0002654730684159331, -0.00011909812218235602, 3.726301332096331e-05, -6.444371620234132e-06, 0.0005751201413934232, -0.0007767278598914754, 0.0005711133850101382, -0.00033484831464120415, 0.0001497256263801594, -4.6641046201723046e-05, 7.82824150390854e-06]]
==============================
colrel_PowerOne
R1->P1
T_min:200.0 K    T_max:3000.0 K    P_min:0.0001 atm    P_max:100 atm
[[-9.892868791926299, 0.06258557306380744, -0.0464670791776855, 0.027624404164186975, -0.012741873708078163, 0.004132100590918162, -0.0008041575936119996, 0.1892751385077822, -0.042789322475408134, 0.03175030327292484, -0.018848245081332413, 0.00867033268912247, -0.0028037807516111037, 0.0005387732844927698, 0.051633632767486504, -0.016840357226621982, 0.012514923978677487, -0.0074428605216533585, 0.003439637875344452, -0.0011166940133148714, 0.0002182263971144266, 0.018339543247976767, -0.0010855537543348484, 0.000830657486189889, -0.0005041752905741576, 0.00025182241460078997, -8.63416507197734e-05, 2.197926865363383e-05, 0.010012748609768432, -0.003893633179868636, 0.002895693411736299, -0.0017241515013615288, 0.0007989962719136101, -0.0002597890613967109, 5.144131959044021e-05, 0.0003929501682355986, 0.005221000219782782, -0.0038672713002049254, 0.0022931433755837838, -0.0010493160010810465, 0.0003379939540295654, -6.353974532091917e-05, 0.002419390596833205, -0.0019153903930404486, 0.0014119629391774642, -0.0008341698838371901, 0.000377216611220468, -0.00012024939071098376, 2.186583729408588e-05, -0.0009444450506966226, 0.002777100298734396, -0.002059765264683147, 0.0012232355235889877, -0.0005621622117708489, 0.00018174689367682437, -3.4654252922984054e-05, 0.0012604398765833774, -0.0018453174247813828, 0.001366509650807474, -0.0008124708002033871, 0.00037165469519627806, -0.00012014791716699787, 2.2036346737686757e-05, -0.0004108258482526661, 0.000986462427760161, -0.0007355120009054049, 0.00044092541647142505, -0.00020542485862640528, 6.77131051272234e-05, -1.3030492024241475e-05]]
==============================
colrel_FactorOne
R1->P1
T_min:200.0 K    T_max:3000.0 K    P_min:0.0001 atm    P_max:100 atm
[[-9.923438001078388, 0.11795578033755723, -0.08760496096062365, 0.052063054096073924, -0.024024006570862635, 0.007787237874998982, -0.001517180411573435, 0.23260319233881993, -0.12126725097514687, 0.09005532927522204, -0.05348196932189027, 0.02465823519798161, -0.007982294267053358, 0.0015491088075967798, 0.04015430171163448, 0.003953808298309873, -0.0029079656867418632, 0.0017053976532473043, -0.0007646854549242799, 0.00023990685874171816, -4.2423515941615586e-05, 0.018472963507449792, -0.0013248552547206688, 0.0010006374238104195, -0.0005976550476345897, 0.0002899618454844967, -9.602877190196396e-05, 2.362022697430851e-05, 0.007619176336812141, 0.0004382758693937429, -0.00032064484173684876, 0.00018109621965854347, -7.943005962030513e-05, 2.2952268670328735e-05, -4.243163048122875e-06, 0.0018808139107164001, 0.0025256355198286437, -0.0018722389211828956, 0.0011121490942877406, -0.000509186392275332, 0.00016465042682050485, -3.053873734659967e-05, 0.0016932864135152381, -0.0006009900409195759, 0.00043340564539447873, -0.0002528822964786327, 0.000106834790036682, -3.2648376949009905e-05, 3.88980087791084e-06, -0.0008725617507897437, 0.0026466024388396847, -0.0019557585669199703, 0.0011574560354345106, -0.0005257571784762043, 0.00016844628404066517, -3.0325097623937897e-05, 0.0016991979931916257, -0.002637945950892409, 0.0019434391491856412, -0.0011460255964647718, 0.0005160348227224269, -0.000163482934392019, 2.8192302317445184e-05, -0.0009130590218101309, 0.0018954693443275633, -0.0014013615417364823, 0.0008302320396821883, -0.0003776382422124719, 0.00012114244932179274, -2.159127375290365e-05]]
==============================
R1_Energy_1
R1->P1
T_min:200.0 K    T_max:3000.0 K    P_min:0.0001 atm    P_max:100 atm
[[-9.836828555608445, 0.06664878261635422, -0.04948130518945937, 0.029420595645531226, -0.013568338418206217, 0.004401026801486496, -0.0008551568097500441, 0.15076819036067657, -0.06541269564734054, 0.04858348979787142, -0.028867110230993084, 0.013314759562405066, -0.004314484225282496, 0.000837153805999353, 0.04267893308968849, -0.0006099733431368659, 0.000444879642963073, -0.0002547097105561995, 0.00011146891001228426, -3.277344034954485e-05, 5.565605365971671e-06, 0.018628446779150848, -0.0016207103943596938, 0.001230829646410048, -0.0007554001541346059, 0.0003708132681076049, -0.00012884149787383004, 3.0075568675967386e-05, 0.00809312210536881, -0.00040911029458460743, 0.0002860650342590195, -0.0001543280603460602, 5.7572491563127534e-05, -1.2717071625431911e-05, -2.8783461088199847e-07, 0.0025732341390574676, 0.0012616910855102435, -0.0009218798703614067, 0.0005307296450687725, -0.00023136827940406154, 6.87990249833674e-05, -1.0357959384177905e-05, 0.0007648560600599305, 0.0010882794209752088, -0.0008214782655295537, 0.0005001683171115545, -0.00024083401935960994, 8.233849608572236e-05, -1.8104774495850823e-05, 0.0005217393473431337, 0.00011362890592559946, -7.32189164407886e-05, 3.044166570617679e-05, -4.408202718709023e-06, -3.5116067804586565e-06, 2.9536241455997703e-06, -9.781214472869004e-05, 0.0006219418686379541, -0.00046959503286656684, 0.0002874705378144368, -0.0001389355874375671, 4.827479436854106e-05, -1.07648701322266e-05, 0.0005601724437358929, -0.0007763914600709826, 0.0005766793945885876, -0.00034452118798064535, 0.00015926997960683323, -5.231808012124209e-05, 1.0153593700341218e-05]]
==============================
W3_Frequencies_1
R1->P1
T_min:200.0 K    T_max:3000.0 K    P_min:0.0001 atm    P_max:100 atm
[[-9.863305714979571, 0.009025880559117731, -0.006672638563018741, 0.003971658063120765, -0.0018181079989906257, 0.0005895238676862265, -0.0001121920240197069, 0.16822438665276276, -0.004649736903043128, 0.0034454826597033576, -0.002038722953245288, 0.0009343622766056978, -0.0003001344132027538, 5.7392346858213235e-05, 0.044581338005910055, -0.004068161654392666, 0.003026928271914463, -0.0018096876545797818, 0.0008393004612120489, -0.00027528525980987165, 5.3656070148851154e-05, 0.017146238236418705, 0.001074682760158875, -0.0007973965287296977, 0.00047567223636493794, -0.0002177809964465198, 7.082076269631851e-05, -1.2825456762378517e-05, 0.009370065316109252, -0.002730868350685022, 0.002024000162364351, -0.001204079059965741, 0.0005524197316373203, -0.00017896807793498903, 3.375109182122103e-05, 0.002369216838777534, 0.0016409444733313482, -0.0012210336508085944, 0.0007287667511993619, -0.00033687267453931177, 0.00011011283801997535, -2.1141318723433625e-05, 0.0016536388195960046, -0.0005292451745361765, 0.0003960380551722223, -0.000240216642122891, 0.0001131479217560457, -3.8434201866657455e-05, 7.872529421188226e-06, -0.00020794732238657576, 0.0014427783572063986, -0.0010710143762581899, 0.0006373277973360236, -0.0002929316669376871, 9.496808265717924e-05, -1.7680726779543184e-05, 0.0006118810780522052, -0.0006681706953364508, 0.0004955698752349708, -0.0002951388368634929, 0.00013536153241270124, -4.391752956904582e-05, 8.08596665837543e-06, -0.00034679258360616194, 0.0008689439213188134, -0.0006442311094098617, 0.0003830704967701798, -0.0001756392393167279, 5.685062025431384e-05, -1.0443038961773649e-05]]
==============================
P1_SymmetryFactor_1
R1->P1
T_min:200.0 K    T_max:3000.0 K    P_min:0.0001 atm    P_max:100 atm
[[-9.894814148165944, 0.06611954141796757, -0.04909547799914928, 0.02919820454258015, -0.013471081843208946, 0.004372122034486215, -0.0008506468218378027, 0.20118220740570542, -0.06436791672559994, 0.047825532024247636, -0.028433939875905184, 0.013128419636290693, -0.004260440264976956, 0.0008292388517281875, 0.04279080174023025, -0.0008086399899141991, 0.0005835118198510084, -0.0003280295978963614, 0.00013908607860746436, -3.863979712146956e-05, 5.718018808761882e-06, 0.01850856951618427, -0.0014065129245752388, 0.0010785252606158157, -0.0006719609440985, 0.0003373689250138444, -0.00012043071966433283, 2.9297081065257006e-05, 0.007922803601306889, -9.824770884827097e-05, 5.218768261740052e-05, -1.1426890637225573e-05, -1.0265346108190689e-05, 1.0283031731050767e-05, -4.777495168287529e-06, 0.0029730995996315283, 0.0005359233882864436, -0.000383129464534164, 0.00020937755606663215, -8.389829230415202e-05, 2.094232386788339e-05, -1.6890131252240287e-06, 0.0008334833830902881, 0.0009662277919325751, -0.0007363073731489443, 0.0004556982069575284, -0.00022485909839006432, 7.922834963921752e-05, -1.81970267580725e-05, 0.0009392137878587864, -0.0006429907251486455, 0.00048633614727039594, -0.00030092976763863855, 0.000146203460510759, -5.151415219944045e-05, 1.15205014900744e-05, 0.00016835469080128673, 0.00013744237464664855, -0.00010616466860651971, 6.701912942052093e-05, -3.4815933894018214e-05, 1.2944884109326307e-05, -4.009260880835294e-06, 0.0005209009973755618, -0.0007034628545333835, 0.0005186127505837843, -0.0003056772967441647, 0.0001383581195881084, -4.4097792414134196e-05, 8.438613651750443e-06]]
==============================
B1_SymmetryFactor_1
R1->P1
T_min:200.0 K    T_max:3000.0 K    P_min:0.0001 atm    P_max:100 atm
[[-9.912585935147012, 0.09765716639703685, -0.07249557893500595, 0.043078981896802725, -0.01985713182176664, 0.006433267407648234, -0.0012479560961095384, 0.22193066555307286, -0.10298202067028893, 0.07643821381782029, -0.04536560257801784, 0.020885299777376094, -0.006749427914748741, 0.0013017471709920216, 0.037314476548506115, 0.008343333066350097, -0.0061425168577569494, 0.0036004733279849863, -0.0016163368061055117, 0.0005055884658264932, -8.801923018428304e-05, 0.02180125914312458, -0.007813510248434224, 0.005771552179147061, -0.003396570672893154, 0.001542001642790801, -0.00048752469795074194, 8.969377032152668e-05, 0.00492740948264284, 0.005049911526391253, -0.0037182316037514124, 0.0021758069356328184, -0.0009764686192037174, 0.00030455941347569057, -5.300896357863551e-05, 0.005060388616137088, -0.0033544440369842436, 0.0024570891090734057, -0.0014297665217251829, 0.0006329825519712298, -0.00019397018137685268, 3.2043160717375e-05, -0.0009344516875897171, 0.004100964437572192, -0.003028965182212226, 0.0017807270975881, -0.000807252420779149, 0.00025488542536362957, -4.6440769247528546e-05, 0.0020187696380552095, -0.0026047767264200036, 0.0019182318513933276, -0.0011253344398607992, 0.0005062269466221403, -0.00015884170467450696, 2.7891844836001878e-05, -0.0005222611359314427, 0.0013826137470807354, -0.001025657216125797, 0.0006074593453155794, -0.00027931350435560047, 9.005513987599481e-05, -1.7196584720945846e-05, 0.00048793754350780205, -0.0006399186285633157, 0.0004750381454830428, -0.0002819320537344114, 0.0001300324689267468, -4.217865212254729e-05, 8.092010692909574e-06]]
==============================
colrel_Epsilons
R1->P1
T_min:200.0 K    T_max:3000.0 K    P_min:0.0001 atm    P_max:100 atm
[[-9.898731478449667, 0.07321043820879151, -0.054340123372994924, 0.03229565230768845, -0.014884118144411181, 0.00482403874153829, -0.000935938818735868, 0.20606758231314654, -0.07320715282957561, 0.05434754618228881, -0.03227269183352137, 0.014868176191308004, -0.0048126317190521056, 0.0009315522847362012, 0.041883520019854445, 0.0008254323602156499, -0.0005916833225938205, 0.00033843569687196096, -0.00014086829083020946, 4.209639789549621e-05, -5.623524593864615e-06, 0.018277932460527013, -0.0009804683529934738, 0.0007311403134717138, -0.0004396012466941924, 0.0002081099138177972, -7.060041152916197e-05, 1.616347863269167e-05, 0.008017470888352913, -0.0002774906251440251, 0.00021349991712762278, -0.0001312246626668269, 6.554670701637772e-05, -2.1691040068027787e-05, 4.939641250272311e-06, 0.002597555668887733, 0.001223399057445845, -0.0009163179456476243, 0.0005463715779741741, -0.0002560083722844761, 8.293821199570339e-05, -1.6615810891517334e-05, 0.0017741292624918088, -0.0007437533068945078, 0.0005469697594464168, -0.00032042132001138673, 0.00014288370028456288, -4.397042954088631e-05, 7.271826411709564e-06, -0.00043977618834016574, 0.0018589442232600853, -0.0013754384928044115, 0.0008111159260272352, -0.0003690456609705649, 0.00011684727053433517, -2.1194245907608933e-05, 0.0014355117477095614, -0.0021603009688531127, 0.0015985232470488164, -0.0009467982424930521, 0.0004310698571505095, -0.00013782261473540766, 2.4497276369397913e-05, -0.0003610559217683412, 0.0008952069379034658, -0.000665841520497791, 0.0003972380003280304, -0.00018339248714575873, 5.9551728861281794e-05, -1.0889642961361273e-05]]
==============================
B3_Energy_1
R1->P1
T_min:200.0 K    T_max:3000.0 K    P_min:0.0001 atm    P_max:100 atm
[[-9.918009714871763, 0.05312320859788304, -0.03944511742439918, 0.023457093636320352, -0.010824534222257425, 0.003512822492361279, -0.0006849302526774279, 0.22404384101595853, -0.04692920156324628, 0.03486778897775482, -0.020713331534097996, 0.009563574170865195, -0.0030992452531580974, 0.0006049918492688506, 0.04404041284141463, -0.00921563621758064, 0.006825658152192694, -0.004049596240108987, 0.001852913015940899, -0.0005970521601080525, 0.00011169351185415927, 0.01450644404369085, 0.005477098772256415, -0.0040367907491004155, 0.002384715645886798, -0.0010743558393001111, 0.0003419969723693489, -5.919315435785324e-05, 0.01188187263729649, -0.007290473446046334, 0.005390426544078253, -0.003194719582983032, 0.0014551680685269928, -0.0004672967730803253, 8.572619273628825e-05, -0.0010971270631950879, 0.007913308597957566, -0.005848909029135346, 0.003459279285812014, -0.0015726329744239556, 0.0005030677352143298, -9.178966213094567e-05, 0.004465925449044263, -0.005632583083185327, 0.004151402178895744, -0.0024489061137103404, 0.0011047159156360696, -0.00035061543480692167, 6.206055485696686e-05, -0.002131647913767215, 0.0049267326331179535, -0.0036384941973255126, 0.002150091907559784, -0.0009753372317728576, 0.00031124290135621686, -5.631159564722238e-05, 0.0016626572839160275, -0.002581467839368995, 0.0019036123871120515, -0.001123970665288675, 0.0005080172678301239, -0.0001618856606891198, 2.8964154378972526e-05, -0.0005518868961949669, 0.0012512233475542797, -0.0009263194334218124, 0.0005505010468950973, -0.00025178233162199276, 8.159317356992019e-05, -1.5225293112076932e-05]]
==============================
R1_SymmetryFactor_1
R1->P1
T_min:200.0 K    T_max:3000.0 K    P_min:0.0001 atm    P_max:100 atm
[[-9.853221733398094, 0.06576039221627983, -0.048835794223469856, 0.02905137320592305, -0.013409865641331693, 0.004355287343804299, -0.0008487397255249052, 0.2006836728225625, -0.0634678523586823, 0.047166533341231755, -0.028051999785269066, 0.012961502275297368, -0.004210522094524303, 0.0008217748882547882, 0.04323037461740684, -0.001602127533463206, 0.0011636219253345261, -0.0006633360825403049, 0.00028488723806214394, -8.173266758114764e-05, 1.2028265293492768e-05, 0.018796006790557394, -0.001926713647066407, 0.0014614011789133453, -0.0008970680042404092, 0.0004388827659774844, -0.00015261650409238714, 3.500374876304758e-05, 0.007098464160692911, 0.0013918109196386294, -0.0010415776473724127, 0.0006273646498256569, -0.0002944702116829457, 9.823681940536975e-05, -1.9587921737134265e-05, 0.003456935565663684, -0.00033809590025617696, 0.0002567342743736989, -0.00016248863416722797, 8.030992316281071e-05, -2.9056311632670584e-05, 6.547522165636227e-06, -7.461824009915435e-05, 0.002604773534707644, -0.0019320743655192804, 0.001146105544151274, -0.0005263313328596874, 0.00016957236961744407, -3.246164823484353e-05, 0.0012409075157333582, -0.001186672794049895, 0.0008817407950088042, -0.0005276266845677044, 0.00024387720662786064, -8.00534447691066e-05, 1.5545584406492438e-05, -0.0005349888414681314, 0.001409727139383983, -0.001042396251306331, 0.0006159230897490806, -0.0002804342391081391, 8.95333640314102e-05, -1.6718913625897794e-05, 0.0001897228303531645, -0.00010457229234457632, 7.934003361223171e-05, -4.902256901779048e-05, 2.39805333632076e-05, -8.431815989418112e-06, 2.0604312277495984e-06]]
==============================
B2_Energy_1
R1->P1
T_min:200.0 K    T_max:3000.0 K    P_min:0.0001 atm    P_max:100 atm
[[-9.92440374780077, 0.0739356708690877, -0.05487013525983132, 0.03260683748222881, -0.015020655346779536, 0.004865675552936771, -0.0009415329673383016, 0.2227043344569161, -0.07552273552967967, 0.056045704106888125, -0.03326599733582696, 0.015308022632968672, -0.004947300140295612, 0.0009520060346616729, 0.0437670466190869, 0.004766768897160691, -0.003493930371197891, 0.002040511130641843, -0.0009041655783674912, 0.00027959993255858087, -4.5504333260421026e-05, 0.0211857369245271, -0.005669509651442179, 0.004189795942383135, -0.002473646311073741, 0.0011249951304225028, -0.0003580236639534676, 6.571094619282035e-05, 0.006149131597953726, 0.003114086140885231, -0.0022835854226184796, 0.0013317702829132236, -0.0005905405941950444, 0.00018216952665590577, -3.001196232253582e-05, 0.004012504821857207, -0.0013058172250585975, 0.0009489364255463803, -0.000549638601575933, 0.00023762239314174122, -7.119955628304836e-05, 1.0088010226247043e-05, -4.842332941863356e-05, 0.0025549603782853095, -0.0018852106193552598, 0.0011093314012796292, -0.000501426927683235, 0.0001582961671755534, -2.8104500183279493e-05, 0.0015233099758378554, -0.0016789372073838654, 0.0012343680521759073, -0.0007252817144526649, 0.00032476796728454424, -0.000101780693667077, 1.7038265120086077e-05, -0.0006528690370121437, 0.0016159792079881857, -0.0011942885889042847, 0.0007053455435198485, -0.00032020706848692217, 0.00010174501963015762, -1.8032987126444244e-05, 0.00036549933098380116, -0.0004172411681757082, 0.0003068407771072319, -0.00017979056496892146, 8.048897426564741e-05, -2.505728425249848e-05, 4.368919061199794e-06]]
==============================
P1_Energy_1
R1->P1
T_min:200.0 K    T_max:3000.0 K    P_min:0.0001 atm    P_max:100 atm
[[-9.894814148165944, 0.06611954141796757, -0.04909547799914928, 0.02919820454258015, -0.013471081843208946, 0.004372122034486215, -0.0008506468218378027, 0.20118220740570542, -0.06436791672559994, 0.047825532024247636, -0.028433939875905184, 0.013128419636290693, -0.004260440264976956, 0.0008292388517281875, 0.04279080174023025, -0.0008086399899141991, 0.0005835118198510084, -0.0003280295978963614, 0.00013908607860746436, -3.863979712146956e-05, 5.718018808761882e-06, 0.01850856951618427, -0.0014065129245752388, 0.0010785252606158157, -0.0006719609440985, 0.0003373689250138444, -0.00012043071966433283, 2.9297081065257006e-05, 0.007922803601306889, -9.824770884827097e-05, 5.218768261740052e-05, -1.1426890637225573e-05, -1.0265346108190689e-05, 1.0283031731050767e-05, -4.777495168287529e-06, 0.0029730995996315283, 0.0005359233882864436, -0.000383129464534164, 0.00020937755606663215, -8.389829230415202e-05, 2.094232386788339e-05, -1.6890131252240287e-06, 0.0008334833830902881, 0.0009662277919325751, -0.0007363073731489443, 0.0004556982069575284, -0.00022485909839006432, 7.922834963921752e-05, -1.81970267580725e-05, 0.0009392137878587864, -0.0006429907251486455, 0.00048633614727039594, -0.00030092976763863855, 0.000146203460510759, -5.151415219944045e-05, 1.15205014900744e-05, 0.00016835469080128673, 0.00013744237464664855, -0.00010616466860651971, 6.701912942052093e-05, -3.4815933894018214e-05, 1.2944884109326307e-05, -4.009260880835294e-06, 0.0005209009973755618, -0.0007034628545333835, 0.0005186127505837843, -0.0003056772967441647, 0.0001383581195881084, -4.4097792414134196e-05, 8.438613651750443e-06]]
