==============================
W1_Energy_1
W1->P3
[[0.0031157666648912305, -0.0026857991556972763, 0.0010157342129591394, -0.004312529539413314, 0.004564410670688429, -0.0017779940567203834, 0.0020373860000861338, -0.00366947447081537, 0.00139162168002142, -0.001293662329278156, 0.0022007020960776755, -0.0008266175169712585, 0.000590220560862731, -0.000991087675407186, 0.0003816951698001018, -0.00018776696170462099, 0.00035989127170402233, -0.00011715873547719483]]
W1->P2
[[0.0006592905175834253, 0.0010492367312823743, -0.00023635492151396486, -0.000728933809980677, -0.0008126089585389708, 0.00021256192030388564, -0.00020984248207007905, -1.5091569798145117e-05, 1.9962838186785722e-05, 0.00023386278532192226, -0.00016236157983599682, 1.4798772627186242e-05, -0.00010100283921295508, 6.715494749298052e-05, -1.38394591122201e-05, 4.244118200704679e-05, -3.0740198096610154e-05, 6.170714183206866e-06]]
W1->P1
[[0.0015867716171141496, -0.00014103658209025602, 4.3267111445447594e-05, -0.0014877282439912912, 0.000348695817295704, -8.665678372901272e-05, -4.827851197556125e-05, -0.0002731560895853489, 7.836824331128309e-05, 1.5025491341883127e-05, 0.00013660848838596332, -4.2111147283565685e-05, 4.074561102860533e-06, -9.687728632954968e-05, 2.5289931107095154e-05, -6.711014084700907e-06, 3.834993456266971e-05, -1.5225670788734165e-05]]
P1->P2
[[-0.0003622137586188748, 0.0006661214315283016, -0.00016389150260969515, 0.000649790108701629, -0.0011294217679648174, 0.00031727065645856733, -0.0004088350661091835, 0.0006530507920531764, -0.00021382612737621238, 0.00018913577097842352, -0.00030815446494223737, 8.73323533655193e-05, -0.0001233595455280083, 0.00020501559218327864, -5.677090136037953e-05, 6.045387197850354e-05, -9.282760058643948e-05, 3.355697922959085e-05]]
P1->P3
[[0.00023666219354495196, -0.0007171028090695805, 0.0002802965836988573, -0.00040426689063268785, 0.001334847733850264, -0.0005141286777059486, 0.0002646867848190259, -0.0010538466013686283, 0.00039923759556922934, -0.00015220299668778243, 0.0006590810764253526, -0.000260132581977929, 7.670041424567896e-05, -0.0002841291914322642, 0.00012692046262348375, -2.3110507318676964e-05, 6.106449040328447e-05, -3.386065908324594e-05]]
P2->P3
[[-6.038531123666232e-05, -1.3549473365445969e-05, -9.57953890030302e-05, 0.00010982499006315787, 5.6980719821708444e-05, 0.00018175908450326848, -6.129848387582085e-05, -0.00012975438269849864, -0.00013529832928313858, -1.2546822754262867e-05, 0.000181691797096222, 5.5651314603576215e-05, 4.452812860885575e-05, -0.00014217780368794457, 5.006003799255377e-07, -2.3679092917409564e-05, 5.257158275863677e-05, -8.920039586343563e-06]]
