==============================
colrel_FactorOne
W1->R
[[0.03920710915572539, -0.374411186865522, 0.13721567718487082, -0.041882204405209573, 0.805782616054776, 0.2975440868427661, -0.29519062240555866, 0.10070757032136984, -0.4592570346355972, -0.0467444486980169, 0.16691019515068944, -0.08769254549678003, 0.4843546589962676, -0.03597476840688858, -0.016736048230565185, 0.02906787884350397, -0.23657426869240034, 0.012936538701216254, 0.035851849399261844, -0.016106119568044145, 0.11050558131616152, 0.024214102384168837, -0.030134714592953304, 0.014786965844604854, -0.04517588584121307, 0.006464918719904627, 0.001974490270837393, -0.002414374758861984, 0.01578114828797619, -0.006263706806447658, 0.0017284795694964441, -0.0005534600459395846]]
R->P4
[[-2.063062896836161, 2.0629975891791554, -1.7024317908833542, 0.9145053513808494, 3.6112516169866105, -3.997909660381394, 3.071371496212985, -1.6818600845522342, -2.6832275736240807, 3.340779816978026, -2.412031246443632, 1.316418943704053, 1.915644922470746, -2.3287317013130995, 1.744563373194573, -0.9170232411002014, -1.1275665013463354, 1.354947575069857, -1.0111721340434014, 0.5465039804252512, 0.47576035414859036, -0.578948086239239, 0.42585852353170345, -0.2430217085342118, -0.15963303599224282, 0.179836357671982, -0.14221620672562305, 0.08194372372087594, 0.029099783360240657, -0.03250975828317215, 0.02432843834007633, -0.01747231619748409]]
W1->P3
[[-2.1385429443153683, 2.2096862838012394, -1.2728200985956473, 0.5745428117075776, 4.219485043360597, -3.930498095362449, 2.297552828288904, -1.0715560649740923, -3.2356501178027504, 3.3169190353855926, -1.8898948113266385, 0.8645316867183174, 2.3444443130078323, -2.229669521965712, 1.311307289656136, -0.6093404509205312, -1.3053273149272944, 1.314242410436896, -0.7398415318174927, 0.3539928275933839, 0.6310170969803587, -0.6089357927762816, 0.35136480209090376, -0.1673646560629425, -0.22340164531156279, 0.22712640702251705, -0.12800607911303616, 0.06415322331353145, 0.04299117173953574, -0.036903684778266874, 0.018772502798411344, -0.01250497017267159]]
W1->P2
[[-1.4597683166553292, 0.7206652741913492, -0.100029299026699, -0.10279108132972789, 3.06967429185388, -1.1231958332054004, 0.04743138011306721, 0.20647682148381605, -2.292505725574974, 1.1300134503007904, -0.12555470640828692, -0.15795425573339616, 1.7474317786570719, -0.7802800793306796, 0.13788743385976246, 0.08663434517770276, -0.9719248286215552, 0.48323330205760323, -0.07055534424694442, -0.04508562432689045, 0.48848583645215365, -0.24044281378861834, 0.045603175915965126, 0.020070638861639876, -0.1911709547403168, 0.12437437326278596, -0.03956183083363522, 0.0019792822787680943, 0.04884626354020457, -0.032598586069174915, 0.009927053426676598, -0.002145242522240041]]
W1->P1
[[-0.7173441601698654, 0.6064032373348807, -0.4935596316268024, 0.2759285929249408, 2.2755843264653586, -1.8847861077375914, 1.111716259672526, -0.5378245692143967, -1.815222379107817, 1.8671332119619952, -1.0271684588531964, 0.44795401970812615, 1.3657698279042205, -1.2947397053425536, 0.7783270656763633, -0.3359872386878626, -0.7507147926163418, 0.7544680624020526, -0.42326235224127584, 0.19290550500389597, 0.36774357969637206, -0.3441215616107658, 0.20186026138342733, -0.08824041075331818, -0.1378698366054373, 0.14369430328613728, -0.0811481272944774, 0.03525835967213035, 0.0348400803636651, -0.03366795080184657, 0.019112904682885467, -0.008573212069376382]]
W1->P7
[[2.8444352709592984, -5.6432179521341155, 3.7134972342459687, -0.8246800088048459, -4.796014319058138, 10.60389149407649, -7.103938938852949, 1.5783397347311463, 4.280081106026717, -8.65521023385585, 5.746563162540479, -1.2826147669420933, -2.784656735482483, 5.90775475126572, -3.8680628235484007, 0.8515199319936296, 1.6661617855876778, -3.4404564042823638, 2.2799325786788747, -0.49732516278737643, -0.8154228086558079, 1.6847248078227035, -1.0921083281411732, 0.24066199465855878, 0.28546451190302796, -0.5694504349752526, 0.3586912678956651, -0.07507250975661695, -0.03435280696841365, 0.07755123923298206, -0.050774194366190545, 0.007151763329137395]]
W1->P6
[[-279.6496848802014, 488.54311262195824, -231.79862373077813, 32.13182697549618, 519.6050930334333, -900.5614697621307, 424.1561064281582, -57.830338904416465, -408.64158345381094, 706.9909721865201, -330.0991792043782, 43.24533408540772, 269.6024081662156, -468.2924829657646, 218.74474726339798, -27.52422092063172, -146.709659279088, 255.80319178295255, -119.04621862456838, 13.983231468990969, 64.82656815138479, -113.78134218804084, 53.090961994943065, -5.896982052962464, -21.115015772674717, 37.22117844327515, -17.298400680839926, 1.7550337891983026, 4.662987269083092, -8.327701896959232, 3.9594037202993366, -0.41899126564636946]]
W1->P5
[[24.961546508136994, -33.705515248715905, 10.123189257236337, -0.7990238429029857, -43.09084554892228, 59.52969379564876, -18.130860735981752, 1.4336519395228715, 33.587081454079645, -45.69893488838111, 13.811811540020768, -1.0578267369738041, -23.15754404611634, 31.706087204161452, -9.526830702392628, 0.7305127357547448, 13.275946023516479, -18.105161143072845, 5.421896400200528, -0.39727198525263496, -6.2377915589764985, 8.546101430489122, -2.571681873772915, 0.19422405142289412, 2.1402544140315185, -2.9264355609114934, 0.8770885870774516, -0.06526249560927025, -0.48490327137880346, 0.6693845689658635, -0.20115144353992898, 0.014831056318977819]]
W1->P4
[[-3.682175657485391, 4.813862095349171, -3.116411777924188, 0.872529770997589, 7.097803644527954, -8.686629444373663, 5.690267784709576, -1.6229654147550032, -5.539311560758458, 7.17724257295269, -4.638017107596084, 1.3139979188028064, 3.9485388535743278, -4.861339641088632, 3.189152390254915, -0.9188585814105369, -2.2314001807603008, 2.8218616758832193, -1.8197576795309363, 0.5366290839406215, 1.0628896291429757, -1.3017275979164187, 0.8494632825776968, -0.25355827441629425, -0.37601991708504523, 0.46069491797300005, -0.2984433540803652, 0.09520184281798885, 0.07646339002131118, -0.08204980544244275, 0.05078423490932759, -0.019022043880753133]]
P5->P6
[[0.29436168316196487, -0.5797651675450722, 0.2681890385670354, -0.12117752702672942, -0.3790477334499391, 0.7523778166737186, -0.34361788077428707, 0.15662471856098026, 0.1030708897831678, -0.21774083875813977, 0.09055768948208599, -0.044700672856789386, -0.05501453808639309, 0.12262689446685883, -0.047760210545864996, 0.025521338650943207, 0.053329428735798344, -0.11255433253194123, 0.04744001203607448, -0.023537267750453155, -0.02133226111728547, 0.045257340396477504, -0.018843729737324885, 0.009372995794849959, 0.007637329438861894, -0.0165369006318815, 0.00677176261559812, -0.00347905136241419, -0.003079592163099123, 0.006398047166640571, -0.002789828380612957, 0.0013625743327404481]]
P5->P7
[[0.25943605053993324, -0.4365929948474623, 0.23122128952829243, -0.0742787921405872, -0.48189248914261557, 0.8108602930631154, -0.4294714306248748, 0.13792239985792412, 0.38516480646748436, -0.6480447345477693, 0.3432497871465379, -0.11020033583986724, -0.2623405072164736, 0.4414054323406433, -0.23378102608559226, 0.07505010519360077, 0.14858441262294114, -0.2499872663807503, 0.13239534765133507, -0.04248533957250554, -0.06706773425420261, 0.11283219852100647, -0.05974943054564212, 0.019162612779518504, 0.022136582871185227, -0.03723913531474266, 0.019716013890719836, -0.006318070174293639, -0.004143285649686863, 0.006967896430861974, -0.0036890676198433133, 0.0011799620235715303]]
P6->P7
[[-0.04235250839354685, 0.06816367106934208, -0.03621570783219372, 0.009371213395580138, 0.07910417409893909, -0.12758407884773754, 0.0676897184605558, -0.01764476629537406, -0.06345978373528302, 0.10254880849887844, -0.05435481477847236, 0.01426685681226261, 0.04268856378887001, -0.06895936387267831, 0.03658321278577602, -0.009593486165889979, -0.023985478487508913, 0.03880829387901083, -0.020588653650976802, 0.00543484518952819, 0.01070513231069713, -0.017361649410704054, 0.009215586278421848, -0.0024572880267792027, -0.0035453135081584286, 0.005773655153694512, -0.0030672440122886937, 0.0008340277769890486, 0.0007514357214175658, -0.0012396810521090825, 0.0006559846133328423, -0.00018903076082653846]]
P3->P4
[[-4.759121980666995, 4.526884866475152, -1.662141871166714, 0.6446682870919765, 8.359731342366661, -8.314897449891788, 2.9619656705903594, -1.1805220437359296, -6.293031660192778, 6.589314518728445, -2.3039082314791277, 0.9224158967663462, 4.4483487607246825, -4.562756381442733, 1.642711741656547, -0.6382735593656953, -2.5279423215559724, 2.543804377557665, -0.8859636325654687, 0.3622912142044957, 1.0764383842683816, -1.0723367714621146, 0.34203395760008776, -0.1467782236938657, -0.38337931990191176, 0.36510969875064647, -0.11787750949360927, 0.046688258925193134, 0.07225191734710353, -0.06856137212725655, 0.018968992155867122, -0.009682858032102448]]
P3->P5
[[-2.4460992336827574, 2.66903702815766, -2.1910556965557393, 0.14376549994911056, 4.064019692183288, -4.4616957382672275, 3.59551813956059, -0.15663404337663456, -2.67167550064242, 2.8931978282270205, -2.293035017790931, -0.05462631883761146, 1.914863767657589, -2.0665397323490895, 1.6333575240017102, 0.060029602095015656, -1.3142309822787996, 1.506744193205703, -1.139891000820628, 0.029185599564100623, 0.6080234421510641, -0.7118910655537573, 0.5279445293483673, -0.02005392932991577, -0.225422158620042, 0.26196392570207677, -0.19549749369316294, 0.006752589634510011, 0.07542327918574031, -0.09982941462041578, 0.0672603963213893, -0.010414855933098535]]
P3->P6
[[0.15262315115390104, -0.29520369679394576, 0.1399379516981531, -0.06905348786920916, -0.11199939835838826, 0.24709197923285575, -0.1036250377918063, 0.07043979553962082, -0.10262681711455925, 0.13823347933207192, -0.09206860011288795, 0.007530687823063195, 0.06486246839592597, -0.08379749722745568, 0.05786010099106602, -0.0025690517559874434, -0.005770659802140513, -0.006373725543903726, -0.0045746558239198685, -0.008696719184583155, 0.0035743626256069263, 0.0009429300490174116, 0.002983442728922167, 0.0034365714666797866, 0.003381271676534343, -0.008459561099598703, 0.003194658285913618, -0.0027493543599364854, -0.004075312212273092, 0.007579007864925039, -0.0037338415406046846, 0.0016559860946290356]]
P3->P7
[[0.03137428425347331, -0.05498247902298625, 0.029673915625277388, -0.009895255292060574, -0.058510148127864516, 0.10243507292512521, -0.055290966761727275, 0.018392613895179377, 0.047481926908245285, -0.08298644709930746, 0.0447520491375727, -0.014825215702747408, -0.033207688338958506, 0.05791636223014594, -0.03116174313902602, 0.010268541572595971, 0.019624284536268344, -0.03410694267866236, 0.01829933562795571, -0.005980248769534158, -0.009531711976846942, 0.01648766570591276, -0.008809216862937123, 0.0028478391670769807, 0.0035797646087310955, -0.006155386650437817, 0.0032709612681848734, -0.0010455656567748804, -0.0008999307366782561, 0.00153908945772574, -0.0008131606805613397, 0.0002607155975686548]]
P1->P2
[[-0.3476492160941765, -1.2568433304364006, 0.4763481553539966, 0.3029745021847041, 0.48216531232141796, 2.01325992650433, -0.8942728118104027, -0.5582515633138945, -0.25570915647454423, -1.3271790723273953, 0.6844993854896128, 0.4327554102247331, 0.25632639099598487, 0.9013552589883529, -0.3974802937794669, -0.3092995167440817, -0.15787722012227262, -0.5063173562457776, 0.22965539900895254, 0.19176795224946594, 0.02795649856169486, 0.27071373391619397, -0.14216256371329541, -0.07786525803560237, -0.0076588690655447576, -0.11388153873648894, 0.05424625050561232, 0.02432038515398679, 0.0010199411313947802, 0.017442480353375922, -0.011543328193580569, -0.0063524796741524]]
P1->P3
[[0.01549271437348455, -0.43806329867496124, 0.2533086339462976, 0.19448728920740546, -0.1960062662453194, 0.4136899643390319, -0.4365719662404581, -0.36305796191256373, 0.27674824245275875, 0.00861965893286895, 0.2770579769650489, 0.28450482763506757, -0.10322666003907435, -0.011047018739287767, -0.11870011670740045, -0.20936332600812396, 0.057859149348428764, 0.03923474674895011, 0.06357224414894622, 0.1325275322120817, -0.0677587583308057, 0.0063785745157541535, -0.05595546546304104, -0.050619267697343186, 0.01986717066610608, -0.009120545452492593, 0.0173085285765736, 0.016664644639132566, -0.0028793362144183005, -0.014738871271124483, 0.0014184519537606417, -0.005595943734661614]]
P1->P6
[[0.6510410576668717, -1.1162217591986323, 0.5880270843373743, -0.2043976083416331, -1.0352202490944236, 1.7757385680226585, -0.9340625765945197, 0.3243089102018483, 0.6314347890097435, -1.0850466193005022, 0.568732098047224, -0.1976899436840032, -0.43130232473772434, 0.7422216931881951, -0.38880843620683075, 0.136044167872803, 0.26958123324584504, -0.46381671240640665, 0.24323385042166065, -0.0852357760502832, -0.11617317043734604, 0.19994444489741386, -0.10478035373339432, 0.03675303071378838, 0.041564515340947586, -0.0716859215955908, 0.037561830590828536, -0.013322121326954322, -0.010789799798299207, 0.01862950308535612, -0.009776613355256489, 0.0034915347516808267]]
P1->P7
[[-0.05760554789122564, 0.09941527011435919, -0.05383208231128242, 0.018886464812530958, 0.10730021865995332, -0.18521900661559954, 0.10028010612038514, -0.035203977504531955, -0.08598008766219424, 0.14845047176394682, -0.08037415598712033, 0.028238855306463834, 0.05864007254798251, -0.10127296673110664, 0.054846654227964406, -0.019294035116315722, -0.0333456665154008, 0.05762155919263866, -0.031214553855960565, 0.011006377520979325, 0.015091818033436644, -0.026103270900270002, 0.014150280343782433, -0.005009041364131409, -0.004967559479301354, 0.00860742506640045, -0.004670598450950816, 0.001665077030704735, 0.0008819192595960306, -0.00153993793759274, 0.0008386150150349839, -0.000307208417014424]]
P1->P4
[[-0.08738576735210922, -1.6428756142317715, 0.719593002556921, 0.18136995408170853, -0.00018281705820748155, 2.6964060873378273, -1.3227530956855842, -0.3364649004718559, 0.1256922909929163, -1.8488120202495295, 1.007021555072557, 0.25998698895995037, -0.00311524513931371, 1.2636184837488764, -0.6207267869539272, -0.19114207475311262, -0.008141053811190223, -0.7046583567980783, 0.35339934982304616, 0.1237136471293998, -0.038930334195105144, 0.3548159943954515, -0.19403649449744642, -0.04691601825494707, 0.012419914828409354, -0.13795912947593905, 0.06902798670714691, 0.014324365567538614, -0.0017241125625688414, 0.017253129781303795, -0.011689447072388986, -0.004874384249378432]]
P1->P5
[[-3.99178985702634, 5.271844927754887, -3.633192430041084, 0.6787912560413698, 6.929506622101676, -9.299411109060163, 6.274053946522459, -1.1538674764064858, -4.976187791746538, 6.79090601578033, -4.454551502039522, 0.7515363529509879, 3.515790581807501, -4.771851558106691, 3.137417155663041, -0.5009062888577706, -2.2302372456817796, 3.0595023206071947, -2.00053180423244, 0.3530673130905601, 1.0273156499439173, -1.4242550545515227, 0.9220438166027997, -0.16915177643348464, -0.3751732799452767, 0.5163927078359523, -0.336463411488323, 0.06033303136235144, 0.1050526726236132, -0.15134005067368717, 0.09526249702607185, -0.021726721297514743]]
R->P6
[[0.44336203024244814, -0.8106896386170571, 0.41743335715151636, -0.17121454018791585, -0.6382390932732216, 1.1760209030521767, -0.6060881183584859, 0.2535318604429001, 0.297352395305275, -0.5626380039951605, 0.2901427924228882, -0.12930532754472604, -0.1978595623762278, 0.3766117487680619, -0.19344281909345631, 0.08730233209792926, 0.13888235175230207, -0.26103470458869826, 0.13397981185148722, -0.05873021958502862, -0.05892319567635245, 0.11100070753921955, -0.056966739234225884, 0.025096285562277665, 0.022078801446688077, -0.04158188011315024, 0.021218721432468127, -0.009324914637942574, -0.006533020465352895, 0.012116196756207322, -0.006175412674066447, 0.002617074844126486]]
R->P2
[[-2.812753137827764, 3.429915403332337, -2.5037820987275485, 1.1060728874393382, 5.014324892202958, -6.530551941384923, 4.554271630659571, -2.0378814938421637, -3.8166916863322142, 5.369810807448747, -3.5941041177906414, 1.6005440920858844, 2.697893456143359, -3.737490893416542, 2.5642084623853303, -1.113214239895745, -1.5847034191627296, 2.17609356728649, -1.492830706055204, 0.6631394946702728, 0.6908926320517962, -0.963342616293746, 0.6517503168084775, -0.29878890279025155, -0.23615641714059557, 0.31770110193293727, -0.22324213519105354, 0.10221154546605939, 0.04550892390169183, -0.06154078293018577, 0.04205880305542678, -0.022186726495080054]]
R->P3
[[-0.9476609732570501, 0.5373271301448864, -0.4970849424382129, 0.5889551545378885, 1.5201832239440265, -1.1709598964896415, 0.8292212259690085, -1.0740885511920608, -0.9966117776406209, 1.0721410155710005, -0.6163456270551895, 0.8272310525119908, 0.7539803478876433, -0.7538387729686736, 0.5031852267281954, -0.5797967556928949, -0.4410421561094057, 0.43065299678091745, -0.27970201743547174, 0.34632037464107573, 0.1510904526436735, -0.14123682687332084, 0.08215455844347441, -0.14701847770793744, -0.04452204763896654, 0.02416801636472308, -0.019962317069789546, 0.04768155571244321, 0.0033920434720170222, 0.0006625607168372495, -0.0025992673746399763, -0.009409137093263721]]
R->P1
[[0.02401188482222584, -0.5560892138477721, 0.26364573477925696, 0.3426886858753034, -0.2425783812949251, 0.8102896615952279, -0.5903626350203983, -0.6093344760379399, 0.33575310214675286, -0.42771967722447735, 0.5029141106409978, 0.45183757172157757, -0.13248511196080312, 0.23459118324928147, -0.24255340987067756, -0.327331549953403, 0.08012205547786105, -0.14058335053107882, 0.15125400843753198, 0.2002725690234602, -0.08496653123715964, 0.11622901258647066, -0.11295976634439972, -0.07976549990854277, 0.034374799591347864, -0.05840145971828989, 0.044455542447879, 0.025455351034576353, -0.014188324974249052, 0.01790235050944641, -0.016312844615732413, -0.004452739517587892]]
P4->P7
[[0.10335846101908078, -0.17404287012575764, 0.09388660030587935, -0.0312736886580347, -0.19147273304559373, 0.3223444495872152, -0.1739406916058723, 0.05792983540083354, 0.15202595442623762, -0.2559401361781769, 0.1381553681348472, -0.04605763178681037, -0.10231490903146455, 0.17232999941217342, -0.09304084708587626, 0.031101030497015354, 0.05697543098028217, -0.09600145356832401, 0.05185715934522582, -0.017390450579556, -0.024859886271385852, 0.04191160318493535, -0.022661806177868553, 0.007637567527412128, 0.007871918895752233, -0.013281507787292429, 0.0071908529436225535, -0.0024399831864166505, -0.0013141157323775861, 0.0022188205944235783, -0.00120683045696214, 0.0004155599662320419]]
P4->P6
[[0.5798195309127027, -1.0407978991266233, 0.5264439174121158, -0.20036822912486182, -0.9033422827277472, 1.6200537740105088, -0.8190891745672009, 0.31035784550372914, 0.5202787988725628, -0.9340761871323291, 0.4704575906318767, -0.1776346701828065, -0.34686125204174423, 0.6257854590409232, -0.31380122425757306, 0.11981153563214998, 0.2199795263078915, -0.3967716110809781, 0.19920273956335935, -0.07626334431731521, -0.09413634570550722, 0.16989218874179754, -0.08516268583473635, 0.03262781939311738, 0.03254939841898434, -0.05920134449334777, 0.029481503334247074, -0.011514142553077453, -0.008492725077462192, 0.015408470766176846, -0.007710223878879072, 0.0030208604709136364]]
P4->P5
[[-0.4846626183368078, -0.5402418069695547, -0.3685021316304089, -0.45719799694782753, 0.4572947989322229, 1.4477484006807386, 0.2519264947275503, 0.9470372871291989, 0.20507030295923306, -1.8201517507328737, 0.3639406843094465, -0.9294102443025668, -0.10317244395855944, 1.2348451722495546, -0.2300235548826537, 0.6724991001394726, -0.14502537683535519, -0.411380465866446, -0.058345507590480745, -0.3296880901454209, 0.07399050413322358, 0.1657701172307521, 0.03384883437408788, 0.14470674401574765, -0.03171912929005524, -0.05612677952294061, -0.016122088138488214, -0.0532537599731331, 0.0339141816553, -0.030484854658068876, 0.028549933905837696, 0.0032479989768793745]]
R->P5
[[-1.0069597569034012, 0.6764992100851686, -0.8807244009607281, -0.0824992632841538, 1.4892035642556476, -0.923673903804554, 1.2750822911393818, 0.2208454187469744, -0.657551186409702, 0.145981655199845, -0.5096139017161072, -0.3221323555471679, 0.43842636540221125, -0.03723027483355323, 0.3281793319025139, 0.2656181978454686, -0.42298971062548624, 0.272026706679327, -0.3467844425078558, -0.10485785963217496, 0.19734830115392624, -0.1419873079179551, 0.1625672854484318, 0.04215448585171595, -0.06762298582723056, 0.041234773248889335, -0.054826209532073296, -0.018619302401284607, 0.034354520161912254, -0.04067210742249646, 0.030031595803429314, -0.0021874494494403813]]
P2->P3
[[-4.337556132639986, 4.172834343070003, -1.8882344187778577, 0.791205045086413, 7.648540518745721, -7.728391551626958, 3.3954511680581705, -1.4543556260255732, -5.768337781155054, 6.171165688302663, -2.659742728326583, 1.1426078286002417, 4.089732015419877, -4.303215195359127, 1.9095026434238056, -0.7966795653417709, -2.372720818045509, 2.470776399231873, -1.0795380697034949, 0.4657358883365742, 1.0250215765285282, -1.0649597540107238, 0.4422149087786257, -0.1991242178708527, -0.3650442258364661, 0.36337975313073856, -0.15257680642465155, 0.06565372965567726, 0.07680935758876761, -0.07919120370414157, 0.03031729944458608, -0.014637933786975171]]
P2->P5
[[0.10909428648726742, -1.4415817057658071, 0.17091151373205607, -0.5893679773733339, -0.623026185468414, 3.0867297045188433, -0.7236707296003418, 1.183088644526715, 1.064158883488403, -3.121471914618256, 1.132070528841495, -1.1117220727226331, -0.7260277524501553, 2.1791419817057096, -0.7863993595505865, 0.805996552884021, 0.22949316481109777, -0.9817674639868545, 0.27751311179721566, -0.4125238814921692, -0.10134157583401865, 0.43356202872830635, -0.1233364986971033, 0.18382980791763462, 0.03515322019441275, -0.15837076919877857, 0.04390627752111105, -0.068481580288866, 0.017336771267470245, -0.004784997710958942, 0.01349091947076487, 0.0074212764621043315]]
P2->P4
[[-4.918288685650334, 4.966662138601105, -2.9361199939798244, 1.0739842288957753, 8.765690286817396, -9.218989182849702, 5.348553389216381, -1.9821377859945963, -6.6793873336015155, 7.375063362708924, -4.225371606820903, 1.56726036121047, 4.715344323854896, -5.146808937386937, 2.995942867150671, -1.0912170559383125, -2.7715066874252763, 2.9990794578321203, -1.7298998509285548, 0.6429447084182035, 1.2219846333170232, -1.3234162457233691, 0.7484012246309929, -0.28452920974644763, -0.4330891200624351, 0.45279526852751767, -0.25878767768089717, 0.09550231840608765, 0.09795606988304094, -0.10451841608422202, 0.0557124373675842, -0.021799874766350043]]
P2->P7
[[0.04902082697768019, -0.08448147803038923, 0.0444134765035307, -0.015166841043880943, -0.09045417514286808, 0.15579805400506327, -0.08193828072469385, 0.027939420239793206, 0.07133917742765404, -0.1228109651598813, 0.06459580380518128, -0.021988409792739468, -0.04760288469891424, 0.08194200057670122, -0.043073930143871106, 0.014646110872285815, 0.025962148361221005, -0.04466505067866341, 0.02346510557629911, -0.007957049279154704, -0.011110338643310404, 0.019095210551046966, -0.01002111880851985, 0.0033814558312530783, 0.003340602138852129, -0.005732580709595412, 0.003003113237681025, -0.001005585533683744, -0.0005150321021384735, 0.0008804616766660153, -0.00046035476994084394, 0.00015245715870975527]]
P2->P6
[[0.3704369628866812, -0.6949602134975, 0.3440978600860911, -0.14538291098218548, -0.5135983488599911, 0.9739998645351554, -0.4795184167129486, 0.2070137435203664, 0.20888377734490532, -0.4152798329391553, 0.19900506665537515, -0.09391634079942274, -0.13720600431410152, 0.2765518042167965, -0.13114595107066962, 0.06348521887004543, 0.10476241364470397, -0.205384168743764, 0.09902743215004255, -0.045643158107946474, -0.04457414139495323, 0.08765706592248891, -0.04219877637470212, 0.019571886466961334, 0.017186778702869776, -0.03380851041792189, 0.016223853845862307, -0.007537191572271241, -0.005864221513070978, 0.011123973105745704, -0.0054655547839112684, 0.0023801179475881986]]
