==============================
B1_Frequencies_1
R1->P1
T_min:200.0 K    T_max:3000.0 K    P_min:0.0001 atm    P_max:100.0 atm
[[-9.859647276874613, -0.00045363344877505374, 0.00024427656701076525, -0.00011379935562563189, 0.16280794780176264, 0.0005831170559461536, -0.00028542518678264833, 0.00015191374671862253, 0.04046645268966212, 7.360473424293717e-05, -3.977248821549937e-05, 1.775022313143472e-05, 0.016576128614816076, -5.08828729176275e-06, 2.408141738845206e-06, -3.3503530873663595e-07, 0.007188850907834383, 3.0118673262834774e-05, -1.867703223248897e-05, 6.039560360172745e-06, 0.002969474798782976, -5.404874755772476e-05, 2.6261254342447295e-05, -1.3390736627162548e-05, 0.0012151124061044823, 4.4988651716878104e-06, -3.4677454340512884e-06, 6.279703419363368e-07, 0.0005541331192465096, -3.071289831098118e-05, 1.5570292856418032e-05, -7.602694702093831e-06, 0.0002263556938737126, 8.747329784227824e-06, -4.699723613031282e-06, 2.327052636668892e-06, 0.00014411550867674469, -9.4738621938807e-06, 4.691429431353231e-06, -2.273496107060657e-06]]
P1->W1
T_min:200.0 K    T_max:3000.0 K    P_min:0.0001 atm    P_max:100.0 atm
[[-12.973392707791922, 2.3405248543819286, -0.27472416584492787, -0.03579420625116891, -1.41916227111067, 0.40630321893969207, 0.2930875271974293, -0.03109968406605979, -0.5826839212346746, 0.13232846938112772, -0.007158890847515651, 0.03482913724223332, -0.25489265764993707, 0.03653850850944692, -0.014215526650840528, 0.009934406479347752, -0.11994333877619229, 0.010815170407184662, -0.004627556992329861, 0.0022027116906971666, -0.06093664401683956, 0.00859728458510271, -0.004231543939904915, 0.0015300467235055864, -0.0320089634660776, 0.008006520523764148, -0.004084991095800683, 0.0011728449421384843, -0.016985849479757852, 0.006923874929499317, -0.003419792466743208, 0.0008138584726679249, -0.007915147609426567, 0.004401393681860432, -0.002172315837658486, 0.0004910034873650573, -0.004908086463549726, 0.003995022924646271, -0.0017247308743244762, 0.000292717335003471]]
==============================
B1_Energy_1
R1->P1
T_min:200.0 K    T_max:3000.0 K    P_min:0.0001 atm    P_max:100.0 atm
[[-9.858336069028608, -7.21903524733003e-05, 4.747172283238763e-05, -1.6704513760055425e-05, 0.16553455752237, 0.00011370476959125842, -5.4523365861164735e-05, 3.06950299827367e-05, 0.0422625203347342, 6.318578486165684e-05, -3.4097077545463976e-05, 1.528656027246186e-05, 0.017715585491268383, 9.59101698226373e-07, 8.126267318872132e-07, 7.321640760789793e-07, 0.007834693245079823, 3.320908404132287e-05, -1.9794931007321255e-05, 7.341842247969379e-06, 0.0032848181797277033, -2.678166951796835e-05, 1.4094832009469591e-05, -6.483518744101317e-06, 0.0013590597301978207, 6.084559536470365e-06, -4.38491715436705e-06, 1.2462911143835289e-06, 0.0005958829326759355, -1.349459628820958e-05, 7.047772530019114e-06, -3.426820566421191e-06, 0.00024320321424130883, 2.2805470636052116e-06, -1.2555434026052012e-06, 6.520554628149114e-07, 0.00013486382252023553, -3.0235736332563966e-06, 1.30008224364055e-06, -8.817946771215673e-07]]
P1->W1
T_min:200.0 K    T_max:3000.0 K    P_min:0.0001 atm    P_max:100.0 atm
[[-12.973388855453525, 2.3405186043764994, -0.27472090520410736, -0.03579517367960858, -1.419159877223543, 0.40629931085076476, 0.2930895499105177, -0.031100299471048774, -0.5826879891682964, 0.1323349485876677, -0.007162259185219387, 0.03483006348642483, -0.25489396580204526, 0.03654048887304788, -0.014216536533517437, 0.009934548462216827, -0.11994489116569408, 0.010817691656414085, -0.004629109130548406, 0.0022032039760724233, -0.060937111758378376, 0.008598049477813658, -0.0042319022663126525, 0.0015301268377028482, -0.03200864866145047, 0.008006063018434241, -0.004084615469389855, 0.0011727519799981311, -0.016985627717572924, 0.00692368257876046, -0.0034197396780635786, 0.0008139749599211095, -0.007912362847149395, 0.004396914560925367, -0.002169793757059853, 0.0004902147253682313, -0.004908314854004222, 0.003995373231685972, -0.0017248610095475171, 0.0002927900984087813]]
==============================
B4_Energy_1
R1->P1
T_min:200.0 K    T_max:3000.0 K    P_min:0.0001 atm    P_max:100.0 atm
[[-9.858308976761952, -5.482414883766634e-05, 3.938984302954923e-05, -1.1754202884715492e-05, 0.16558048400662764, 0.00011229347384981304, -5.578708292130428e-05, 2.8865699028296e-05, 0.0423039310401868, 3.9969825814328185e-05, -1.9915816872990018e-05, 1.009916469574598e-05, 0.017716770310221827, 1.7510987992586398e-05, -9.660896417721377e-06, 4.655516070492391e-06, 0.007849890862128329, 1.0451703316412966e-05, -5.949546691258363e-06, 1.976925235771025e-06, 0.003276743724027391, -1.7666717059411983e-05, 7.982351596645626e-06, -3.941633463430251e-06, 0.0013569614841467282, 3.2163369911008414e-06, -1.9325452677936158e-06, 1.044060891690961e-07, 0.0005932220814229779, -1.5325275932556507e-05, 7.723657826407045e-06, -3.7468642695583243e-06, 0.0002405546699332461, 3.0107108183061345e-06, -1.900300533735956e-06, 8.870329027079165e-07, 0.00013342129320932582, -3.6480507760245737e-06, 2.1055150600757874e-06, -1.015037788790878e-06]]
P1->W1
T_min:200.0 K    T_max:3000.0 K    P_min:0.0001 atm    P_max:100.0 atm
[[-13.0295646570054, 2.3411461906739883, -0.27654407529148084, -0.03523433545225219, -1.3670970266277092, 0.4071131256912496, 0.29299998079363093, -0.031130580226462527, -0.5832065707986547, 0.13387343104145935, -0.008039577685029331, 0.03532468150444363, -0.25431667884633147, 0.03577641992429996, -0.01402567660626811, 0.010038259355902635, -0.1196737573819517, 0.010506437654459412, -0.004749782448107358, 0.002378008220691746, -0.06026621106954334, 0.007634265512066303, -0.004007540304551066, 0.0015970556771377803, -0.031970807570932, 0.00810957123047583, -0.00445334709856604, 0.001418685504530855, -0.017730672439423726, 0.008340535637982484, -0.004493329258550647, 0.0012630612062820138, -0.008344887363877574, 0.005227266499490152, -0.0028121203665793615, 0.0007639464785272236, -0.007137043905230203, 0.007820115108975931, -0.003993774370268305, 0.001047980830501316]]
==============================
W1_Frequencies_1
R1->P1
T_min:200.0 K    T_max:3000.0 K    P_min:0.0001 atm    P_max:100.0 atm
[[-9.858304470107951, -4.46589862910865e-05, 3.386716477175889e-05, -9.209163774269768e-06, 0.16561315077539987, 8.565346849763427e-05, -4.234237514740142e-05, 2.2215690874957425e-05, 0.04230953530327629, 5.865330024781756e-05, -3.0060355594539383e-05, 1.4908382616022065e-05, 0.017736449809643666, 2.2309948877530878e-06, -2.251587954925938e-06, 7.84612416939854e-07, 0.007853549393882258, 2.024471252639811e-05, -1.083933759052635e-05, 4.600166659146718e-06, 0.003284522102774447, -2.1994228065928135e-05, 9.851132969768538e-06, -5.2012461772515565e-06, 0.0013628749891548724, -2.4276744977136722e-08, 2.0625879686131124e-07, -4.4051286737441433e-07, 0.000592213770671979, -9.50158624194954e-06, 4.304274259158664e-06, -2.4384957430917074e-06, 0.00024587324674981163, -4.047670813112262e-06, 2.211949652555441e-06, -7.420980019394872e-07, 0.00013221580184085327, 2.597371634430647e-07, 1.212770497877171e-09, -1.2785657636583104e-07]]
P1->W1
T_min:200.0 K    T_max:3000.0 K    P_min:0.0001 atm    P_max:100.0 atm
[[-13.075455507140195, 2.368054576009136, -0.24822260486402867, -0.04130700585326877, -1.4721861579713136, 0.4089549597178114, 0.2671327376798662, -0.018416635137427206, -0.587044685688167, 0.12113540115001394, -0.010659430572949557, 0.03233498676703724, -0.2518759221657546, 0.028148070374115715, -0.011043565314872435, 0.007589627720485481, -0.1192396998023559, 0.008724144204355164, -0.0036447801037033318, 0.0015740370182333843, -0.06081206045174575, 0.007835776429265733, -0.0037976007521022845, 0.001206202158067569, -0.031516044447076716, 0.00682342321103102, -0.003338518962460473, 0.0007876425825233332, -0.016124679751589294, 0.005281897347144091, -0.0024001610267435974, 0.00038007571085610565, -0.007431376228688159, 0.0034723089052701404, -0.0015781166482297976, 0.00023915391289728905, -0.0034253243522698214, 0.0015260010618728618, -0.000298694680306418, -0.00021640164063622353]]
==============================
B3_Frequencies_1
R1->P1
T_min:200.0 K    T_max:3000.0 K    P_min:0.0001 atm    P_max:100.0 atm
[[-9.864750328137465, -7.926590618100027e-05, 5.11521533940266e-05, -1.7505225795621593e-05, 0.15740283705916883, 9.385367367808876e-05, -4.926407922697436e-05, 2.2828304377380314e-05, 0.0399002706660994, 3.589316484692315e-05, -1.7499193185702007e-05, 1.0090813902619739e-05, 0.017895232152133535, 2.196399320965428e-05, -1.214124945401383e-05, 4.62298547562337e-06, 0.008538837381030052, 1.5101276921711526e-05, -6.835074394560596e-06, 4.249228724896061e-06, 0.0037912967872806565, -9.881284953512134e-06, 3.4553901264253316e-06, -2.7795220725780698e-06, 0.0016465439158063, 8.821152142008483e-07, 1.9280118218067708e-07, 1.9988001674770732e-08, 0.0007304474763405849, -1.5772797570874427e-05, 7.493216064858577e-06, -3.74858326006182e-06, 0.0002943780733347877, 5.543878278184769e-06, -2.779388558657693e-06, 1.3156487786935422e-06, 0.00016490797113386885, -8.17688418039329e-06, 4.118514887028344e-06, -1.883327779794895e-06]]
P1->W1
T_min:200.0 K    T_max:3000.0 K    P_min:0.0001 atm    P_max:100.0 atm
[[-12.973393739662894, 2.3405258376860107, -0.27472448496671686, -0.03579440058624166, -1.4191632512179355, 0.40630393913363877, 0.29308715216359504, -0.03109990950541926, -0.582681732037761, 0.13232483318828278, -0.007157414850592899, 0.034828700472817234, -0.2548897890264632, 0.03653377162405367, -0.014213311834176427, 0.00993370565900247, -0.11994207014053698, 0.010812909658910618, -0.004626237289814234, 0.0022021929811952877, -0.06093740867859587, 0.008598576458526885, -0.004232124420692936, 0.0015302753638587966, -0.032009576509199986, 0.008007777465580663, -0.004085748538075176, 0.0011732845903271872, -0.016985865426237663, 0.006924010073254103, -0.0034199195537405057, 0.0008139744633428714, -0.007915532241356714, 0.004402035980970276, -0.0021725736865737485, 0.0004909926973314759, -0.004907513767781624, 0.003994195642750552, -0.0017241802262736065, 0.00029251844596814525]]
==============================
R1_Frequencies_1
R1->P1
T_min:200.0 K    T_max:3000.0 K    P_min:0.0001 atm    P_max:100.0 atm
[[-9.83411692425934, -4.524953728018283e-05, 3.402426135193779e-05, -9.706728148239468e-06, 0.2023181031078392, 9.157660351458147e-05, -4.453826289427396e-05, 2.4768353167833527e-05, 0.06104545428631296, 6.22268791884533e-05, -3.218946694086895e-05, 1.4435647788882699e-05, 0.024860963899445945, 2.5937072622436407e-06, -1.2980020302524756e-06, 1.2725856202594208e-06, 0.009889365637890186, 1.8988379685621023e-05, -1.0687540843733454e-05, 4.568712334614288e-06, 0.003649331134310012, -1.7079530400227587e-05, 7.953784919441413e-06, -4.631902186991979e-06, 0.0013544901033359757, -3.2182532270794013e-06, 1.3352577380299133e-06, -5.075466596988729e-07, 0.0005563266342706659, -1.2004294501964237e-05, 5.918243218607741e-06, -3.280062900224301e-06, 0.00022795134204775587, 9.414530424808054e-07, -6.206677711051297e-07, 2.9710358549312454e-07, 0.00012836390719750022, 1.9793924328247527e-06, -1.270903341740552e-06, 9.292842950394662e-08]]
P1->W1
T_min:200.0 K    T_max:3000.0 K    P_min:0.0001 atm    P_max:100.0 atm
[[-12.973393739662894, 2.3405258376860107, -0.27472448496671686, -0.03579440058624166, -1.4191632512179355, 0.40630393913363877, 0.29308715216359504, -0.03109990950541926, -0.582681732037761, 0.13232483318828278, -0.007157414850592899, 0.034828700472817234, -0.2548897890264632, 0.03653377162405367, -0.014213311834176427, 0.00993370565900247, -0.11994207014053698, 0.010812909658910618, -0.004626237289814234, 0.0022021929811952877, -0.06093740867859587, 0.008598576458526885, -0.004232124420692936, 0.0015302753638587966, -0.032009576509199986, 0.008007777465580663, -0.004085748538075176, 0.0011732845903271872, -0.016985865426237663, 0.006924010073254103, -0.0034199195537405057, 0.0008139744633428714, -0.007915532241356714, 0.004402035980970276, -0.0021725736865737485, 0.0004909926973314759, -0.004907513767781624, 0.003994195642750552, -0.0017241802262736065, 0.00029251844596814525]]
==============================
B2_Frequencies_1
R1->P1
T_min:200.0 K    T_max:3000.0 K    P_min:0.0001 atm    P_max:100.0 atm
[[-9.874566391550456, -6.176192129386804e-05, 4.278461172343154e-05, -1.3862825140119149e-05, 0.13981736258948038, 0.00012740841623111706, -6.262831969529191e-05, 3.361218867506961e-05, 0.028164629430776765, 2.758310731406989e-05, -1.4082716107945281e-05, 6.746778759974483e-06, 0.01183906230810709, 3.354353893101121e-05, -1.787923945456849e-05, 8.737874126931618e-06, 0.005977735015340285, -1.5110277690798422e-06, -2.7151235004642013e-07, -3.4646814295973665e-07, 0.0028368799113186716, 3.126792351962758e-06, -2.7215768616789813e-06, -2.4250350239593846e-07, 0.0013434731127540589, -1.9482251227390654e-05, 9.568583610167868e-06, -3.871500931556919e-06, 0.0006231390776878794, 7.983189331097425e-06, -4.806340048877355e-06, 7.445608898745011e-07, 0.00027677787454784503, -9.314851005395609e-06, 4.892350542117765e-06, -1.6767325444404684e-06, 0.00016029667079535393, 1.13167454470512e-06, -7.189528902168857e-07, -2.679234367207997e-07]]
P1->W1
T_min:200.0 K    T_max:3000.0 K    P_min:0.0001 atm    P_max:100.0 atm
[[-12.973393739662894, 2.3405258376860107, -0.27472448496671686, -0.03579440058624166, -1.4191632512179355, 0.40630393913363877, 0.29308715216359504, -0.03109990950541926, -0.582681732037761, 0.13232483318828278, -0.007157414850592899, 0.034828700472817234, -0.2548897890264632, 0.03653377162405367, -0.014213311834176427, 0.00993370565900247, -0.11994207014053698, 0.010812909658910618, -0.004626237289814234, 0.0022021929811952877, -0.06093740867859587, 0.008598576458526885, -0.004232124420692936, 0.0015302753638587966, -0.032009576509199986, 0.008007777465580663, -0.004085748538075176, 0.0011732845903271872, -0.016985865426237663, 0.006924010073254103, -0.0034199195537405057, 0.0008139744633428714, -0.007915532241356714, 0.004402035980970276, -0.0021725736865737485, 0.0004909926973314759, -0.004907513767781624, 0.003994195642750552, -0.0017241802262736065, 0.00029251844596814525]]
==============================
B4_SymmetryFactor_1
R1->P1
T_min:200.0 K    T_max:3000.0 K    P_min:0.0001 atm    P_max:100.0 atm
[[-9.858449843985568, -5.801140366183677e-05, 4.124710601596717e-05, -1.2485049890385092e-05, 0.1653123843263383, 0.00012374170666772986, -6.161688324400915e-05, 3.180581167619773e-05, 0.04207510138758405, 3.5887463426287644e-05, -1.756017327856832e-05, 9.24258877884162e-06, 0.01753263905999824, 2.5538660349672118e-05, -1.4185788384221798e-05, 6.360477335672043e-06, 0.007713143395148721, 5.371364927225122e-06, -3.0715233735595103e-06, 1.4337469653076874e-06, 0.003168703926501079, -3.6483389836073827e-06, 2.8319157367165364e-07, -1.4129661844134948e-06, 0.0012921695933944524, -8.719801542574014e-06, 4.543091218345265e-06, -2.299292307416927e-06, 0.0005371688333063165, -4.677436783458084e-06, 1.8159268127265064e-06, -1.2993234131408674e-06, 0.00021816720308611253, -4.696359146922359e-06, 2.676326163211967e-06, -1.0749951508454383e-06, 0.00010869130955066674, -1.9252939837378694e-06, 8.334676058416517e-07, -4.0430724292696496e-07]]
P1->W1
T_min:200.0 K    T_max:3000.0 K    P_min:0.0001 atm    P_max:100.0 atm
[[-12.98845352577632, 2.3329460200010463, -0.2818439327479063, -0.03419462017527401, -1.4048246302423393, 0.4050201946133857, 0.2999315091578563, -0.0347385719070557, -0.5809846959904927, 0.13460613954298029, -0.005723719884982122, 0.035290429431375336, -0.2557870571639573, 0.038966313436770914, -0.015113116145320064, 0.010612107937134314, -0.12019898160817755, 0.011436854692664715, -0.0049137426054977834, 0.0023846977757946775, -0.06099634903745755, 0.008774702797888898, -0.004328385234431958, 0.0016071042635131844, -0.03212963138014571, 0.008252467231821206, -0.004246541123523866, 0.001259711756219992, -0.017159722241946458, 0.007243689522654841, -0.003631823868869497, 0.0009061430927672645, -0.00801275728021116, 0.004579723833743449, -0.0022958888385348985, 0.0005443799375787614, -0.005189346833579469, 0.004485026376771749, -0.0020223046045534537, 0.00039906750156392675]]
==============================
W3_Energy_1
R1->P1
T_min:200.0 K    T_max:3000.0 K    P_min:0.0001 atm    P_max:100.0 atm
[[-9.858313241083806, -2.8114786811105075e-05, 2.5184894798010174e-05, -5.091452542272442e-06, 0.16562650301397222, 6.274386680119104e-05, -2.913774313072972e-05, 1.6868959659467952e-05, 0.04229998713030877, 7.568658549568424e-05, -3.9517841121158836e-05, 1.8964371451111277e-05, 0.01774784443072008, -1.7366446627758397e-05, 9.02326827943751e-06, -3.8107251984573244e-06, 0.00784515887752258, 3.499747817817106e-05, -1.9146518637023274e-05, 8.082878514746491e-06, 0.003291997625119697, -3.466391805999675e-05, 1.725024482100547e-05, -8.135073003416872e-06, 0.001357161180300398, 1.0011731033234423e-05, -5.448505491895898e-06, 1.9143556724479195e-06, 0.0005978256775606987, -1.9058567093965716e-05, 9.859032006067383e-06, -4.679095947011099e-06, 0.0002426742315732818, 1.7671483419464722e-06, -9.521680142345629e-07, 6.497984113690596e-07, 0.00013607013481701643, -6.6937322383792575e-06, 3.8084940869731053e-06, -1.8129715417618005e-06]]
P1->W1
T_min:200.0 K    T_max:3000.0 K    P_min:0.0001 atm    P_max:100.0 atm
[[-12.97339380089576, 2.340525942273629, -0.27472454219515446, -0.0357943910816766, -1.4191633871514806, 0.406304171284804, 0.29308702503017037, -0.031099888072042607, -0.5826817907360108, 0.13232493418599706, -0.007157467303287896, 0.03482870060864003, -0.2548898439010251, 0.03653386617452738, -0.01421336044060297, 0.009933704184679367, -0.11994210372088178, 0.010812967843491082, -0.004626265977422487, 0.002202188137504504, -0.06093748203932555, 0.008598701928097858, -0.0042321924395394925, 0.0015302847211144913, -0.03200965881046813, 0.008007917778544942, -0.004085826303978477, 0.0011733005231377204, -0.016985919000502506, 0.006924101307393067, -0.0034199705110748136, 0.0008139860855054982, -0.007915569318878145, 0.004402099122847657, -0.002172608950311535, 0.0004910007308144403, -0.004907445321382703, 0.003994079337515958, -0.0017241142918938998, 0.00029250049733285107]]
==============================
colrel_Sigmas
R1->P1
T_min:200.0 K    T_max:3000.0 K    P_min:0.0001 atm    P_max:100.0 atm
[[-9.85822047792484, -0.0002095790318174945, 0.00011668914619894776, -5.1351301436151075e-05, 0.1655212051580843, 0.0002691547158414413, -0.00013289196368622308, 6.907118625490472e-05, 0.04232555667552286, 2.7944646008230696e-05, -1.4506859682075549e-05, 7.659336575656252e-06, 0.017715012687553912, 4.5913059044927583e-05, -2.3190131843193294e-05, 1.1896262059953932e-05, 0.007866017381956253, -5.269947750912537e-06, 1.276774636736906e-06, -1.7747785227728082e-06, 0.003275757404190215, -3.7530866250550883e-06, 1.3396221007414988e-06, -6.001280085027012e-07, 0.0013709512810647865, -1.7048216961210808e-05, 8.08864648458794e-06, -4.906572755236786e-06, 0.0005893832227558019, -2.702957705497055e-06, 1.599951071044763e-06, -6.349959006983768e-07, 0.0002435779784123287, -1.3201700155962973e-06, -6.021040229768985e-08, -4.0270498256532365e-07, 0.0001324210289718829, -8.16549298051623e-08, 2.3563331143261754e-07, -3.507158498897337e-07]]
P1->W1
T_min:200.0 K    T_max:3000.0 K    P_min:0.0001 atm    P_max:100.0 atm
[[-12.940804984963918, 2.3311138975870174, -0.2835413883582155, -0.03380589547652038, -1.4013743176567521, 0.4046766288959799, 0.3015701323121913, -0.03562397510984553, -0.5805429448662077, 0.13510953811803922, -0.00534733054958362, 0.03538916689518646, -0.25601560926386435, 0.0395798408958655, -0.015341015293541916, 0.010781260454400081, -0.12025621036987214, 0.011581339295843552, -0.004978749664557884, 0.0024284781436721354, -0.06100873973989743, 0.008814697933761587, -0.004349727178633875, 0.0016250872555883815, -0.03215536637645617, 0.008305956833886066, -0.004281790051520479, 0.001279265064306813, -0.017198591929341332, 0.007315687384399398, -0.0036800392115072266, 0.0009278147552009874, -0.008033242600344477, 0.004617854552567918, -0.0023228432022539243, 0.0005563197480806079, -0.005248026112777563, 0.004587790548341991, -0.0020856450343059254, 0.0004223277364280112]]
==============================
W3_SymmetryFactor_1
R1->P1
T_min:200.0 K    T_max:3000.0 K    P_min:0.0001 atm    P_max:100.0 atm
[[-9.858329412139227, 4.81107764084554e-06, 8.951521477710514e-06, 3.8253899748887765e-06, 0.1656192469839211, 7.160066954777563e-05, -3.5739941220963444e-05, 1.7809217881381616e-05, 0.04233183222524443, 1.6553292250983913e-05, -8.587787508576346e-06, 4.8665978821466645e-06, 0.017726731495403422, 2.1042120442135438e-05, -1.1370315984017744e-05, 5.0700317847659175e-06, 0.007863703182255698, 1.0566647077025333e-06, -1.2688255136049746e-06, 2.1795788491502667e-07, 0.003276689570591473, -7.098367430118813e-06, 2.5067644274372483e-06, -1.8528720235592037e-06, 0.0013655073870818266, -4.774681053087287e-06, 2.521952037706449e-06, -1.353279271850655e-06, 0.0005907156845296343, -6.556726223855002e-06, 3.0825424560365677e-06, -1.981844696318197e-06, 0.0002399284617888522, 6.089512988956113e-06, -3.762824684328257e-06, 1.6683237146320789e-06, 0.00013404774268516162, -3.302292557544439e-06, 1.8545032024773386e-06, -1.0485929218692668e-06]]
P1->W1
T_min:200.0 K    T_max:3000.0 K    P_min:0.0001 atm    P_max:100.0 atm
[[-12.973393423437585, 2.3405254627269216, -0.27472422215580367, -0.035794452197537366, -1.4191630493027039, 0.4063038734322296, 0.29308728243762205, -0.031099911998425437, -0.5826818556701222, 0.13232525982873608, -0.007157552593988024, 0.034828782693641855, -0.25489044437603375, 0.03653501072635868, -0.01421393873431573, 0.009933922464366106, -0.11994262393814074, 0.010813933152461873, -0.004626769183452977, 0.002202399529303079, -0.06093785354366757, 0.008599377823556083, -0.004232561614253479, 0.0015304592476966556, -0.03200979272926024, 0.008008172879936324, -0.004085954191084231, 0.0011734054582498586, -0.01698589332329155, 0.006924075834057086, -0.003419920900570646, 0.0008140304413149206, -0.007915594632331296, 0.004402143062511891, -0.002172601622494491, 0.0004910347540104582, -0.004907095239512604, 0.003993518972401856, -0.0017237573639766438, 0.0002924339333105127]]
==============================
B3_SymmetryFactor_1
R1->P1
T_min:200.0 K    T_max:3000.0 K    P_min:0.0001 atm    P_max:100.0 atm
[[-9.876569595540918, -7.786954450436645e-05, 4.852240109465524e-05, -1.8471931204007994e-05, 0.17400039292051758, 0.00013464076270138477, -6.631618075734957e-05, 3.501581920018913e-05, 0.043591360237363506, 2.7984329143365847e-05, -1.5489051487550694e-05, 6.220635879265348e-06, 0.018244692300604992, 3.124978824261013e-05, -1.5167077756494981e-05, 8.795419506461629e-06, 0.00816107383340246, -2.1248883767897976e-06, -3.009609295401627e-07, -9.729297133495744e-07, 0.003433685917167346, -5.855756581430793e-06, 2.924940099125648e-06, -1.062950111579196e-06, 0.0014473950581644086, -8.435770678856944e-06, 3.845448182129167e-06, -2.4855830703006893e-06, 0.00062748211770419, -1.6454172463040988e-06, 7.304859937123322e-07, -6.346879200741929e-07, 0.0002633687956417064, -6.659915229593128e-06, 3.2546293722672643e-06, -1.378765076141779e-06, 0.0001380803792586723, 3.1444693415989215e-06, -1.5749234313180593e-06, 4.591615982739758e-07]]
P1->W1
T_min:200.0 K    T_max:3000.0 K    P_min:0.0001 atm    P_max:100.0 atm
[[-12.973393739662894, 2.3405258376860107, -0.27472448496671686, -0.03579440058624166, -1.4191632512179355, 0.40630393913363877, 0.29308715216359504, -0.03109990950541926, -0.582681732037761, 0.13232483318828278, -0.007157414850592899, 0.034828700472817234, -0.2548897890264632, 0.03653377162405367, -0.014213311834176427, 0.00993370565900247, -0.11994207014053698, 0.010812909658910618, -0.004626237289814234, 0.0022021929811952877, -0.06093740867859587, 0.008598576458526885, -0.004232124420692936, 0.0015302753638587966, -0.032009576509199986, 0.008007777465580663, -0.004085748538075176, 0.0011732845903271872, -0.016985865426237663, 0.006924010073254103, -0.0034199195537405057, 0.0008139744633428714, -0.007915532241356714, 0.004402035980970276, -0.0021725736865737485, 0.0004909926973314759, -0.004907513767781624, 0.003994195642750552, -0.0017241802262736065, 0.00029251844596814525]]
==============================
B4_Frequencies_1
R1->P1
T_min:200.0 K    T_max:3000.0 K    P_min:0.0001 atm    P_max:100.0 atm
[[-9.858525209457238, -6.741315916617557e-05, 4.579049143557488e-05, -1.518398917196749e-05, 0.16515476261490591, 0.0001465550364748209, -7.243368308796808e-05, 3.844624265890163e-05, 0.04195040482757079, 1.5247495006817288e-05, -7.828413469541933e-06, 3.3742662366580806e-06, 0.017413564970891873, 5.141397931856932e-05, -2.6515524393435128e-05, 1.3370301638804506e-05, 0.007638522682863697, -2.0277904332412024e-05, 9.567143916515547e-06, -5.472454222339449e-06, 0.0030923737025255102, 2.09734218875092e-05, -1.1578378032622575e-05, 4.936871380763544e-06, 0.0012544006104494574, -3.016542140043417e-05, 1.493757960390047e-05, -7.820130793777733e-06, 0.0004944719990118143, 1.118304875602562e-05, -6.0253729663626795e-06, 3.2217835337306605e-06, 0.00019907221129411988, -6.78876244637704e-06, 3.1854542440207534e-06, -2.4531214804805365e-06, 9.286321856612904e-05, -4.428045739480394e-06, 2.633578320145103e-06, -4.21324613085501e-07]]
P1->W1
T_min:200.0 K    T_max:3000.0 K    P_min:0.0001 atm    P_max:100.0 atm
[[-12.973316783130096, 2.340365399303357, -0.274648384599287, -0.035836744625569524, -1.4190300349368865, 0.4060251740476683, 0.29321889410823837, -0.03117359664223872, -0.5826021171739413, 0.13215671377209315, -0.0070786677009964825, 0.034784092276991314, -0.254859582363166, 0.03646769529012295, -0.014183417140271283, 0.009915929664103085, -0.11994593627728953, 0.010818543491706389, -0.004630042724495897, 0.0022034228478587025, -0.060953871608321636, 0.008631554888490515, -0.004248397218493556, 0.0015388467554164264, -0.03202714949307314, 0.008044405173377399, -0.004103130488403597, 0.0011829669694337834, -0.01699983381008803, 0.006953969561902054, -0.003433743046125395, 0.0008219867473140459, -0.007923404256703917, 0.004419180453001402, -0.002180367481192367, 0.0004956069871862256, -0.004914429786814328, 0.004009607515581225, -0.0017310263392791199, 0.00029669374233069615]]
==============================
P1_Frequencies_1
R1->P1
T_min:200.0 K    T_max:3000.0 K    P_min:0.0001 atm    P_max:100.0 atm
[[-9.858300803386458, -5.11675970017722e-05, 3.720695224443363e-05, -1.063857062125822e-05, 0.16560569142017764, 0.00010060839861739042, -4.9172744066782407e-05, 2.5731188191135054e-05, 0.04231574914187628, 4.7411656972036604e-05, -2.4454419305034297e-05, 1.2507178513673078e-05, 0.01773194318980042, 1.129831791728482e-05, -6.191884095773493e-06, 2.738900651537614e-06, 0.007859505895088078, 9.692073318395246e-06, -5.432622051162087e-06, 2.5383740692735543e-06, 0.0032809661268083704, -1.5409351419422517e-05, 6.776536142661891e-06, -4.068653482836528e-06, 0.001365700594520028, -4.805600173433491e-06, 2.6264399451546266e-06, -1.0961139462636443e-06, 0.0005917886652138058, -8.755278699129565e-06, 4.175640998583498e-06, -2.7285328040536763e-06, 0.00024632015321254423, -4.676710059862869e-06, 2.452995402915226e-06, -5.939101314468148e-07, 0.0001329816837933894, -1.256561183445748e-06, 8.664608714098259e-07, -7.353379050042079e-07]]
P1->W1
T_min:200.0 K    T_max:3000.0 K    P_min:0.0001 atm    P_max:100.0 atm
[[-12.971542042058788, 2.3405242744516874, -0.2747235817526636, -0.035794662082993416, -1.4156534011272253, 0.40630065645184354, 0.2930890054994295, -0.031100491284103096, -0.5796930762748322, 0.13232472677575466, -0.007157402883423817, 0.03482865014173714, -0.25260703459072514, 0.03653319428648783, -0.014212952579621529, 0.009933529198155638, -0.1183824443659051, 0.010813497335030954, -0.004626508933352452, 0.0022021878750146497, -0.059991148649432086, 0.008598764901174557, -0.004232227001119556, 0.0015301454539147718, -0.03150451814191199, 0.008006726418969738, -0.004085166590260317, 0.001172918525046884, -0.016753899839846664, 0.006921014273459879, -0.0034181792783737255, 0.00081330949304195, -0.007827684319163643, 0.004397553472230431, -0.0021699816681721635, 0.0004901207846561482, -0.004885984786323156, 0.00399532058391533, -0.0017248253366770867, 0.0002927155853797877]]
==============================
W1_SymmetryFactor_1
R1->P1
T_min:200.0 K    T_max:3000.0 K    P_min:0.0001 atm    P_max:100.0 atm
[[-9.858300839378597, -5.192889754220692e-05, 3.733850451813816e-05, -1.1244639460089492e-05, 0.16560596057614912, 0.00010140463542772666, -4.922492880642021e-05, 2.676301069396285e-05, 0.0423152961895332, 4.6600373738608984e-05, -2.4576998227701792e-05, 1.1408451027200375e-05, 0.01773204279583109, 1.2316626041074555e-05, -6.411256731266322e-06, 3.82607337073076e-06, 0.007858279002792616, 1.0558762166706298e-05, -6.3436875257783795e-06, 1.8143380736623366e-06, 0.0032820640818372613, -1.6418717156458758e-05, 7.578729500533696e-06, -3.4906281652534205e-06, 0.0013637862089381488, -2.036531279669545e-06, 9.85106932238798e-07, -1.1729280657999981e-06, 0.0005943752168841398, -1.2903912000119296e-05, 6.528815378122988e-06, -3.069153554493435e-06, 0.00024444314294179436, -1.3646043971646084e-06, 7.425664454733151e-07, -1.7136727868523052e-07, 0.00013444518585812933, -3.798684100492886e-06, 2.235356384612129e-06, -1.0897455954638056e-06]]
P1->W1
T_min:200.0 K    T_max:3000.0 K    P_min:0.0001 atm    P_max:100.0 atm
[[-12.999925819847538, 2.3479836501779627, -0.26762331047959304, -0.037343994050388296, -1.4333224068447712, 0.4073767864499478, 0.28626931419152873, -0.027575843876019922, -0.5841339437134612, 0.12977605642867754, -0.0083671504947638, 0.03429289666859111, -0.2540146372965516, 0.03419677182347105, -0.013337148583203198, 0.009285677961440333, -0.11969651033246097, 0.01022232176255724, -0.004349736152970482, 0.0020301320806456213, -0.06086223384981572, 0.00839837300885528, -0.0041188697356500615, 0.0014492972675723683, -0.03186431885986185, 0.007722136100053589, -0.003900218368826903, 0.001079685730455735, -0.01677659048102168, 0.006545461868846898, -0.0031743121898665473, 0.0007118501988452945, -0.007801868596927471, 0.004196562148824676, -0.002033789788981718, 0.0004333783108230008, -0.004581540018698798, 0.003430061483945111, -0.0013858019797859534, 0.00017410716915373708]]
==============================
W1_Energy_1
R1->P1
T_min:200.0 K    T_max:3000.0 K    P_min:0.0001 atm    P_max:100.0 atm
[[-9.858294125322084, -6.166722425590687e-05, 4.369756218208647e-05, -1.2347360582409485e-05, 0.16559239291513647, 0.00012157105022612097, -6.21048060530878e-05, 2.9187013064838975e-05, 0.04232872430130133, 2.6762597563775354e-05, -1.1821481657084596e-05, 8.983066324499929e-06, 0.017719526218873086, 3.127542151224742e-05, -1.8304791216733976e-05, 6.306920716057414e-06, 0.007870804154066565, -8.67486997453736e-06, 5.6121266283890164e-06, -8.905594932438544e-07, 0.0032712558574167095, 4.80538715491319e-07, -2.737185397296934e-06, -9.852225052876675e-07, 0.0013733860793387006, -1.7369978086666596e-05, 1.0173994980014377e-05, -3.6051593819930353e-06, 0.000586417503701766, -7.948130318636223e-08, -1.1121207631665222e-06, -9.676530696821988e-07, 0.0002494020268364963, -9.54366074230296e-06, 5.494641936146219e-06, -1.586426087873843e-06, 0.00013167922343448535, 6.82310943574183e-07, -4.237937807183551e-07, -3.487237397094284e-07]]
P1->W1
T_min:200.0 K    T_max:3000.0 K    P_min:0.0001 atm    P_max:100.0 atm
[[-12.976735567127657, 2.3414442022503787, -0.27384104057742664, -0.03597003944637633, -1.4212139353882174, 0.4064961780077157, 0.2924250181986604, -0.0306758891267353, -0.5834711148621217, 0.13214988034728792, -0.007226313051182706, 0.0348068919227561, -0.2551447387477282, 0.036313497180754585, -0.014064167591394588, 0.009877053572708188, -0.12040999897226749, 0.010801658923424043, -0.004527017110245431, 0.0022024302311452896, -0.06137459612109285, 0.008618031506472683, -0.004153351736975264, 0.0015371498188557569, -0.032541139482528396, 0.008029791856214635, -0.003988093463991815, 0.001182040473709157, -0.01758402618703905, 0.006946945780084193, -0.003310479536543969, 0.0008249930823632938, -0.008264276863780865, 0.004416546668657608, -0.002109087413171288, 0.0004977463316319205, -0.0054988836583811426, 0.003996583955790424, -0.0016063100119476637, 0.00030132176053006884]]
==============================
B2_SymmetryFactor_1
R1->P1
T_min:200.0 K    T_max:3000.0 K    P_min:0.0001 atm    P_max:100.0 atm
[[-9.880048992847444, -5.919390631931726e-05, 4.2172651500413075e-05, -1.2735199364070646e-05, 0.15787413188506713, 0.00011576334245094433, -5.754647509495476e-05, 3.0049894232412744e-05, 0.041555969241337004, 3.775325867006896e-05, -1.877719256188468e-05, 9.863216167949294e-06, 0.017582920930054625, 2.5228290702995956e-05, -1.4023070442427446e-05, 5.9096974842116914e-06, 0.007817769071983406, 9.09646107669012e-06, -5.3481460105473335e-06, 2.2662540219387266e-06, 0.0032781120406639762, -1.2670830550967088e-05, 5.039712273874987e-06, -3.404620521076311e-06, 0.001376133163707689, 1.0168341359432612e-06, -9.051624674046531e-07, 1.522215240542787e-07, 0.0006097502822546913, -1.0767395946851102e-05, 5.082034792442681e-06, -3.0652522948936596e-06, 0.00025520975447505996, -6.991876349313331e-07, 5.261027764576591e-07, 4.294487931588293e-08, 0.00014720691003858422, -3.0024584355799937e-06, 1.254935682737313e-06, -8.18492152367768e-07]]
P1->W1
T_min:200.0 K    T_max:3000.0 K    P_min:0.0001 atm    P_max:100.0 atm
[[-12.973393739662894, 2.3405258376860107, -0.27472448496671686, -0.03579440058624166, -1.4191632512179355, 0.40630393913363877, 0.29308715216359504, -0.03109990950541926, -0.582681732037761, 0.13232483318828278, -0.007157414850592899, 0.034828700472817234, -0.2548897890264632, 0.03653377162405367, -0.014213311834176427, 0.00993370565900247, -0.11994207014053698, 0.010812909658910618, -0.004626237289814234, 0.0022021929811952877, -0.06093740867859587, 0.008598576458526885, -0.004232124420692936, 0.0015302753638587966, -0.032009576509199986, 0.008007777465580663, -0.004085748538075176, 0.0011732845903271872, -0.016985865426237663, 0.006924010073254103, -0.0034199195537405057, 0.0008139744633428714, -0.007915532241356714, 0.004402035980970276, -0.0021725736865737485, 0.0004909926973314759, -0.004907513767781624, 0.003994195642750552, -0.0017241802262736065, 0.00029251844596814525]]
==============================
colrel_PowerOne
R1->P1
T_min:200.0 K    T_max:3000.0 K    P_min:0.0001 atm    P_max:100.0 atm
[[-9.858283848212483, -8.583678819579915e-05, 5.4188568048326087e-05, -1.982416167263304e-05, 0.16566646932183718, -1.886839520504977e-05, 1.044627173292245e-05, -4.879391403109302e-06, 0.042295332747462895, 8.680327808948331e-05, -4.419167982167477e-05, 2.2371413593811295e-05, 0.017711421734289936, 5.452026060817312e-05, -2.6899930407947054e-05, 1.450633089017738e-05, 0.007843712200230866, 3.905760937657198e-05, -2.0647960015325747e-05, 9.59961937472982e-06, 0.0032739813629676547, 1.3170159799435869e-08, -4.896056133561826e-07, 4.3346625799815004e-07, 0.0013663701289082612, -7.966617038569312e-06, 3.617751455812413e-06, -2.56550064781318e-06, 0.0005914548704420619, -7.174712197559401e-06, 3.612939091033199e-06, -1.915838125147708e-06, 0.0002475433130800697, -8.281247058505077e-06, 3.8576241588928065e-06, -1.977027995387681e-06, 0.00013251978808002585, -3.489265588637471e-07, 3.242042735720349e-07, -4.4596339117792533e-07]]
P1->W1
T_min:200.0 K    T_max:3000.0 K    P_min:0.0001 atm    P_max:100.0 atm
[[-12.94513849875565, 2.3352040325941803, -0.27258292448362914, -0.03759817495701295, -1.3676788101440012, 0.3990269309727307, 0.29123384450879203, -0.0319494260074546, -0.5563807012936256, 0.12998626227811555, -0.0031695909955589776, 0.03337722568184218, -0.24383989531538244, 0.038120460879799874, -0.013369633007832105, 0.010359871787280832, -0.11585712430342102, 0.012965877519850507, -0.005108856409640892, 0.0028207279785109223, -0.059237302220896376, 0.009692221851273183, -0.004465269688940774, 0.0018385364836620544, -0.031758817220362834, 0.008654384939575353, -0.004122296165280143, 0.001348158394484325, -0.017562805156516776, 0.007412006853955808, -0.0033859171845496048, 0.0009382912049876232, -0.008378540317373628, 0.004664861480371097, -0.002140893034862825, 0.0005567288414944979, -0.0060010088476506115, 0.004359222801753861, -0.0016741574664775334, 0.0003768035505825841]]
==============================
colrel_FactorOne
R1->P1
T_min:200.0 K    T_max:3000.0 K    P_min:0.0001 atm    P_max:100.0 atm
[[-9.858172828689572, -0.00030640907375985293, 0.00016377897953251156, -7.659116405418012e-05, 0.16550737076548588, 0.0002968462543303636, -0.00014656292673172232, 7.624621963032128e-05, 0.042303771410256624, 7.232049761389525e-05, -3.603307734412411e-05, 1.920311226216784e-05, 0.017717676363301328, 4.0457799182143995e-05, -2.0555095939551577e-05, 1.0469286244355602e-05, 0.007854169919768934, 1.8829787347662307e-05, -1.0432739905947666e-05, 4.530300904769214e-06, 0.003284337064296898, -2.0603475479596643e-05, 9.817553489437172e-06, -4.938794971688959e-06, 0.0013634626845980733, -2.218269295521125e-06, 6.970848131973199e-07, -1.129051794281416e-06, 0.0005937803570017341, -1.199449489242831e-05, 5.940370421693937e-06, -3.060846040043057e-06, 0.00024135406639795283, 3.4708589849207235e-06, -2.2714477552306023e-06, 9.376356458815972e-07, 0.00013421577253662972, -3.493683743168762e-06, 2.009788347005386e-06, -1.2436592432883708e-06]]
P1->W1
T_min:200.0 K    T_max:3000.0 K    P_min:0.0001 atm    P_max:100.0 atm
[[-12.946590781259454, 2.3367599702479245, -0.2826581615862767, -0.03451190999598741, -1.397185729141708, 0.39991319625091054, 0.30322312919533384, -0.03551715504838627, -0.5781962582913618, 0.13435480785991102, -0.005820949980065734, 0.035650025585627874, -0.2547197197272894, 0.0396701671712602, -0.0156993243555359, 0.010884171255562767, -0.11968327753765093, 0.011600648745009408, -0.005010371266282324, 0.0024247529800144178, -0.06083302375519484, 0.008804889658836851, -0.004271218677111074, 0.0015908489419381487, -0.03224080237137401, 0.008186997296180653, -0.004088844217359953, 0.001219729789883189, -0.017392078108592147, 0.007074334574479732, -0.00340399604659396, 0.0008502191495211374, -0.008186395014115977, 0.004491519540297152, -0.0021636195433454375, 0.0005121551222569498, -0.005393310082926893, 0.004138477965777998, -0.0017167824018914234, 0.0003229738218416999]]
==============================
R1_Energy_1
R1->P1
T_min:200.0 K    T_max:3000.0 K    P_min:0.0001 atm    P_max:100.0 atm
[[-9.800018482676357, -5.6713698013390046e-05, 4.080002255680058e-05, -1.2137397198359255e-05, 0.11460405316175963, 0.0001134730976254355, -5.7075557094005656e-05, 2.8928631179515468e-05, 0.042318324602032484, 4.277872879187037e-05, -2.1302660440161114e-05, 1.1089126529797909e-05, 0.017731462241431486, 1.1977720566856561e-05, -6.847155679951799e-06, 2.989471464065457e-06, 0.00785825993535021, 1.2189268032466149e-05, -6.560049023235711e-06, 3.0712317932495447e-06, 0.003280549494754694, -1.4979543653726366e-05, 6.375214185981946e-06, -3.915199461956433e-06, 0.0013672348356733744, -7.2318592528222184e-06, 3.59969069349979e-06, -1.444189770790933e-06, 0.0005935558864705287, -1.153702467491055e-05, 5.936323715172489e-06, -3.09748810742913e-06, 0.00024088364870322469, 4.313205240842765e-06, -2.7094401738505776e-06, 9.630469305084765e-07, 0.000134872176035958, -4.30048659349145e-06, 2.242197552017646e-06, -9.459468297854841e-07]]
P1->W1
T_min:200.0 K    T_max:3000.0 K    P_min:0.0001 atm    P_max:100.0 atm
[[-12.973393739662894, 2.3405258376860107, -0.27472448496671686, -0.03579440058624166, -1.4191632512179355, 0.40630393913363877, 0.29308715216359504, -0.03109990950541926, -0.582681732037761, 0.13232483318828278, -0.007157414850592899, 0.034828700472817234, -0.2548897890264632, 0.03653377162405367, -0.014213311834176427, 0.00993370565900247, -0.11994207014053698, 0.010812909658910618, -0.004626237289814234, 0.0022021929811952877, -0.06093740867859587, 0.008598576458526885, -0.004232124420692936, 0.0015302753638587966, -0.032009576509199986, 0.008007777465580663, -0.004085748538075176, 0.0011732845903271872, -0.016985865426237663, 0.006924010073254103, -0.0034199195537405057, 0.0008139744633428714, -0.007915532241356714, 0.004402035980970276, -0.0021725736865737485, 0.0004909926973314759, -0.004907513767781624, 0.003994195642750552, -0.0017241802262736065, 0.00029251844596814525]]
==============================
W3_Frequencies_1
R1->P1
T_min:200.0 K    T_max:3000.0 K    P_min:0.0001 atm    P_max:100.0 atm
[[-9.858373026716027, 8.457532858328204e-05, -3.3849906305208054e-05, 2.3329616883456016e-05, 0.16565308665044157, 7.128002427057398e-06, -2.6444938566107955e-06, 2.259368855282719e-06, 0.04234472324882821, -1.1391017650614074e-05, 4.5259518536523705e-06, -3.3265479060626963e-06, 0.01773059097136597, 1.5762604301583457e-05, -7.93515750900566e-06, 4.6548111761814774e-06, 0.00787084792696759, -1.3882603295198478e-05, 6.022456431865152e-06, -4.140018120211275e-06, 0.003269963732091016, 7.805844669033211e-06, -4.46379249310794e-06, 2.4829090301819536e-06, 0.001370161131142092, -1.395206522035954e-05, 7.207340292062011e-06, -3.7794985296366e-06, 0.0005864632090830703, 2.5410080789985597e-06, -1.268315683027192e-06, 6.761517554731259e-07, 0.00024477121231067096, -2.4062310127408237e-06, 1.1373308523652787e-06, -7.001542157809124e-07, 0.00013207769335257222, 3.951334187998149e-07, -1.170576041299935e-07, -7.486254951097798e-08]]
P1->W1
T_min:200.0 K    T_max:3000.0 K    P_min:0.0001 atm    P_max:100.0 atm
[[-12.973393293753904, 2.3405257165015794, -0.2747243156990563, -0.03579420441631853, -1.4191636679162367, 0.40630574407736014, 0.2930863986378169, -0.031099253840853394, -0.582682635497693, 0.13232716272325248, -0.007158372042892619, 0.03482929788138465, -0.2548919751727394, 0.036537893630848944, -0.014215246940139124, 0.00993444604887234, -0.11994331842814218, 0.010815222168094347, -0.004627260742017604, 0.0022025706128588796, -0.060938055555582585, 0.00859973428867262, -0.00423265368520632, 0.001530458989451411, -0.03200976009612116, 0.008008093178639285, -0.0040859106389817094, 0.0011733497334206276, -0.016986125511535773, 0.006924426755156766, -0.003420158279929558, 0.000814061173481125, -0.007916400294781056, 0.0044034569980272, -0.00217336520877368, 0.0004912282769330418, -0.004906237454510732, 0.003992087386003811, -0.0017230061143694954, 0.000292187830677442]]
==============================
P1_SymmetryFactor_1
R1->P1
T_min:200.0 K    T_max:3000.0 K    P_min:0.0001 atm    P_max:100.0 atm
[[-9.858300803386458, -5.11675970017722e-05, 3.720695224443363e-05, -1.063857062125822e-05, 0.16560569142017764, 0.00010060839861739042, -4.9172744066782407e-05, 2.5731188191135054e-05, 0.04231574914187628, 4.7411656972036604e-05, -2.4454419305034297e-05, 1.2507178513673078e-05, 0.01773194318980042, 1.129831791728482e-05, -6.191884095773493e-06, 2.738900651537614e-06, 0.007859505895088078, 9.692073318395246e-06, -5.432622051162087e-06, 2.5383740692735543e-06, 0.0032809661268083704, -1.5409351419422517e-05, 6.776536142661891e-06, -4.068653482836528e-06, 0.001365700594520028, -4.805600173433491e-06, 2.6264399451546266e-06, -1.0961139462636443e-06, 0.0005917886652138058, -8.755278699129565e-06, 4.175640998583498e-06, -2.7285328040536763e-06, 0.00024632015321254423, -4.676710059862869e-06, 2.452995402915226e-06, -5.939101314468148e-07, 0.0001329816837933894, -1.256561183445748e-06, 8.664608714098259e-07, -7.353379050042079e-07]]
P1->W1
T_min:200.0 K    T_max:3000.0 K    P_min:0.0001 atm    P_max:100.0 atm
[[-12.931998538927344, 2.3405215584531502, -0.2747220853140294, -0.03579523240285715, -1.4191689363448288, 0.4063137003437836, 0.29308170843296244, -0.03109811433027298, -0.5826798508194111, 0.1323218290172584, -0.007155681108798983, 0.034828262076844044, -0.25489105601693846, 0.036535835279222426, -0.014214529864630567, 0.009934062599266878, -0.1199416372005205, 0.010812038727508914, -0.004625821834132932, 0.002202029055764281, -0.06093644461214372, 0.008596971712192793, -0.004231260272894133, 0.0015300500977522735, -0.03200857348214007, 0.00800618062877754, -0.0040847933672305105, 0.001172844809407882, -0.0169846983499984, 0.006922059407743616, -0.003418745223444917, 0.0008135505269746641, -0.00791770270300776, 0.0044058085484630066, -0.002174723284593189, 0.0004917774949784357, -0.0049038495452913685, 0.003987985778700842, -0.001720673915827999, 0.0002913156058850399]]
==============================
B1_SymmetryFactor_1
R1->P1
T_min:200.0 K    T_max:3000.0 K    P_min:0.0001 atm    P_max:100.0 atm
[[-9.858609358656214, -0.00014849928600635387, 8.806096248999234e-05, -3.592785144904885e-05, 0.16496145394684175, 0.00022402727176498358, -0.00011220185547216912, 5.79431647318828e-05, 0.04191562403521749, 2.751989614326375e-05, -1.3033474769142898e-05, 7.319225339109735e-06, 0.01746028050319168, 3.887811303548731e-05, -2.13466775339983e-05, 9.907281184249135e-06, 0.007722599381812973, -1.962741664525822e-06, 3.230739057552793e-07, -1.0889682986474197e-06, 0.0032038210236443867, -2.273518332685413e-06, -2.961023252890617e-07, -6.036223741867116e-07, 0.0013407350562408182, -1.4328785876558738e-05, 6.8849712908931784e-06, -4.0414031868335315e-06, 0.0005819966205908173, -6.607199488942132e-06, 3.117619310855527e-06, -1.196289656447618e-06, 0.0002419110108095797, -1.4124538821331329e-06, 6.070660603435919e-07, -9.639022701274418e-07, 0.00013783774516693388, -5.575568955101663e-06, 2.953480148690414e-06, -9.030908122981057e-07]]
P1->W1
T_min:200.0 K    T_max:3000.0 K    P_min:0.0001 atm    P_max:100.0 atm
[[-12.97339128242604, 2.3405225548654713, -0.27472293832561123, -0.035794579370590454, -1.4191610721599062, 0.40630130179525675, 0.29308857172169966, -0.03110002103557484, -0.5826852664843554, 0.1323305816478872, -0.007160000987605279, 0.034829420386794395, -0.25489426238693463, 0.03654105800162197, -0.014216951418521915, 0.009934795543241087, -0.11994356460675203, 0.010815489539865004, -0.004627842060254822, 0.0022027863860038183, -0.060936270941271596, 0.008596687726993325, -0.004231263535635238, 0.0015299724963405105, -0.03200887532376627, 0.008006412251161502, -0.0040848576657626515, 0.0011728153830716228, -0.016985790635850487, 0.006923831189769617, -0.003419677838960981, 0.0008138286813581833, -0.007914847214148805, 0.004400982686277755, -0.0021720574991750748, 0.000490920696559283, -0.004907878365823109, 0.003994630196064045, -0.0017245151375152685, 0.0002926389315057817]]
==============================
colrel_Epsilons
R1->P1
T_min:200.0 K    T_max:3000.0 K    P_min:0.0001 atm    P_max:100.0 atm
[[-9.858283272312272, -8.68447596214586e-05, 5.4622837945274454e-05, -2.0189140543496525e-05, 0.16558005295128295, 0.00015354789949465202, -7.469927681354763e-05, 4.0138359523080903e-05, 0.04232743952759123, 2.1855686471062906e-05, -1.270569086948209e-05, 5.101926091592572e-06, 0.017725804272464726, 2.6709700101644556e-05, -1.2485172423758551e-05, 7.765043853800593e-06, 0.00786222831207753, 7.054193718115302e-07, -2.501629486708127e-06, -9.509063499335731e-07, 0.0032802368471374238, -1.0447975346243378e-05, 5.821237987080866e-06, -1.6226262002572351e-06, 0.001366045738636393, -8.582501797570818e-06, 3.188347696763948e-06, -3.175985559768685e-06, 0.0005918109631182053, -6.414667794545972e-06, 4.0156290517463535e-06, -1.2106464876028874e-06, 0.00024514873539058083, -4.139862136677449e-06, 1.4100441025705836e-06, -1.0588795192069967e-06, 0.00013336566245350574, -1.2369221569682225e-06, 1.1903767955900178e-06, -4.451232571967691e-07]]
P1->W1
T_min:200.0 K    T_max:3000.0 K    P_min:0.0001 atm    P_max:100.0 atm
[[-12.969125451529415, 2.3391236124878025, -0.27642943163277284, -0.03531816373829776, -1.4193922339144005, 0.40674329538784826, 0.2949585484421026, -0.03192691881175561, -0.5836074005538927, 0.1328626678142313, -0.007012754200966828, 0.03502199992816166, -0.255156462880851, 0.03682994844217686, -0.014551970100406899, 0.010074061678658893, -0.11986020613638892, 0.010747103096469878, -0.004639507592186798, 0.0021856380873938553, -0.06088786144672696, 0.008568654995053649, -0.004208290117882037, 0.0015210401616974633, -0.03198775160740731, 0.008025253595943933, -0.004098482285961396, 0.0011799676408166002, -0.01695883159330046, 0.0069353636526217925, -0.003434836483233265, 0.0008193563475858128, -0.007901514478257807, 0.004417750206289861, -0.0021866587760189554, 0.0004955625564590967, -0.004917279790547039, 0.0040300676290183106, -0.001744364572271052, 0.0002997871065671612]]
==============================
B3_Energy_1
R1->P1
T_min:200.0 K    T_max:3000.0 K    P_min:0.0001 atm    P_max:100.0 atm
[[-9.888675903517957, -3.2351443468733865e-05, 2.7328994393090287e-05, -6.596674234241004e-06, 0.1980953602913371, 7.928149491540899e-05, -3.827153106433745e-05, 2.166296924463064e-05, 0.038928343204893905, 5.3379042821093885e-05, -2.7299993427142503e-05, 1.2665282588601567e-05, 0.017524611627741635, 6.02615667112541e-06, -3.3706426446695064e-06, 2.311897660153416e-06, 0.007850297135236507, 1.8244291058592162e-05, -1.0472350091904088e-05, 3.738824857089618e-06, 0.0032793291422698293, -1.7037977876802753e-05, 8.239661299760049e-06, -3.7045798646334513e-06, 0.0013547600126361142, 3.145397841941831e-06, -2.3272358199366985e-06, -1.5800031573555265e-07, 0.0005932839518693517, -1.0542759501744892e-05, 5.3608577078319835e-06, -2.270894804440479e-06, 0.00023947411076755826, -2.7114296356857172e-06, 1.4187218268237015e-06, -8.492820461023611e-07, 0.00013729375087095623, 8.64152126467742e-07, -5.937095409091609e-07, 2.0275518430353272e-07]]
P1->W1
T_min:200.0 K    T_max:3000.0 K    P_min:0.0001 atm    P_max:100.0 atm
[[-12.970946350739418, 2.336565313173932, -0.2725360099720292, -0.03646479627641267, -1.416008012930979, 0.40116728117263445, 0.29599270011256196, -0.032020426619181, -0.5797228558570335, 0.12750766473658698, -0.004377915436788499, 0.033927276780336316, -0.25418050514247476, 0.035317086103886605, -0.013313004023654285, 0.00955945335301517, -0.11889611105292418, 0.009063294755878994, -0.003423225621357513, 0.0017332358919810763, -0.059959551315209914, 0.006952007977617307, -0.003098947001453832, 0.0010881136657464284, -0.029790822153517145, 0.004385154269967166, -0.0019534336082143626, 0.00046528065160672625, -0.013824963439506384, 0.0018017445710918133, -0.0005454566255374638, -8.219159032633511e-05, -0.005749599536053695, 0.0008839276185784536, -0.00020794220360877952, -0.00011713196605896823, -0.001365106176960597, -0.0016857512245864604, 0.0013353019032370697, -0.0006061251185773674]]
==============================
R1_SymmetryFactor_1
R1->P1
T_min:200.0 K    T_max:3000.0 K    P_min:0.0001 atm    P_max:100.0 atm
[[-9.816911583064192, -4.546309729084458e-05, 3.442872755303929e-05, -9.984912182690893e-06, 0.16560931515525792, 9.486957554081607e-05, -4.6531182309066266e-05, 2.544998410486884e-05, 0.04230956533815197, 5.749795726951506e-05, -2.9584469551801134e-05, 1.3759893577093787e-05, 0.017733595736223403, 8.412112378839644e-06, -4.896064039786286e-06, 2.4022513426210307e-06, 0.007858932553583551, 1.1026762569310683e-05, -6.0693380630154314e-06, 3.110087794648042e-06, 0.0032790865122848617, -1.2564397699379705e-05, 4.997269224780821e-06, -3.6453521982115358e-06, 0.0013687513772382633, -9.6459136356714e-06, 5.08232867430729e-06, -1.79035201914042e-06, 0.0005889817050222697, -3.8627290257887546e-06, 1.4749953709342223e-06, -1.6075357969159961e-06, 0.00024673007885246044, -5.556265072667808e-06, 2.948156431494004e-06, -9.65812963349619e-07, 0.00013210445745974255, 2.0526482784460354e-07, -1.7008436754305298e-07, -2.7686491972567876e-07]]
P1->W1
T_min:200.0 K    T_max:3000.0 K    P_min:0.0001 atm    P_max:100.0 atm
[[-12.973393739662894, 2.3405258376860107, -0.27472448496671686, -0.03579440058624166, -1.4191632512179355, 0.40630393913363877, 0.29308715216359504, -0.03109990950541926, -0.582681732037761, 0.13232483318828278, -0.007157414850592899, 0.034828700472817234, -0.2548897890264632, 0.03653377162405367, -0.014213311834176427, 0.00993370565900247, -0.11994207014053698, 0.010812909658910618, -0.004626237289814234, 0.0022021929811952877, -0.06093740867859587, 0.008598576458526885, -0.004232124420692936, 0.0015302753638587966, -0.032009576509199986, 0.008007777465580663, -0.004085748538075176, 0.0011732845903271872, -0.016985865426237663, 0.006924010073254103, -0.0034199195537405057, 0.0008139744633428714, -0.007915532241356714, 0.004402035980970276, -0.0021725736865737485, 0.0004909926973314759, -0.004907513767781624, 0.003994195642750552, -0.0017241802262736065, 0.00029251844596814525]]
==============================
B2_Energy_1
R1->P1
T_min:200.0 K    T_max:3000.0 K    P_min:0.0001 atm    P_max:100.0 atm
[[-9.883561129290186, -7.392561766348532e-05, 5.022005272133264e-05, -1.6452233292236296e-05, 0.18094049398159406, 0.0001423568459487666, -7.260576156192011e-05, 3.6448208653579265e-05, 0.046391966787785774, 2.1641084128257317e-05, -1.0292523215317776e-05, 5.619848041134266e-06, 0.018035108291375796, 3.623280288802497e-05, -1.9879424994287745e-05, 9.09928222159166e-06, 0.007875251750421301, -6.226614164328198e-06, 2.939431357291188e-06, -1.508328968411341e-06, 0.0032889172139977277, 1.325700016258712e-06, -2.153886442003676e-06, -6.787466509919838e-08, 0.0013706735925183774, -1.3723918323197774e-05, 7.142679740062633e-06, -3.653590952388752e-06, 0.0005960767538779863, -4.079372842681326e-07, -6.580073127312371e-07, 1.5766161918631603e-07, 0.0002443763190561699, -9.156863348626985e-06, 5.154825871324465e-06, -2.4369179697520786e-06, 0.00013307002793811186, 2.939810954461507e-06, -1.6751321104192524e-06, 5.208254995473819e-07]]
P1->W1
T_min:200.0 K    T_max:3000.0 K    P_min:0.0001 atm    P_max:100.0 atm
[[-12.970946350739418, 2.336565313173932, -0.2725360099720292, -0.03646479627641267, -1.416008012930979, 0.40116728117263445, 0.29599270011256196, -0.032020426619181, -0.5797228558570335, 0.12750766473658698, -0.004377915436788499, 0.033927276780336316, -0.25418050514247476, 0.035317086103886605, -0.013313004023654285, 0.00955945335301517, -0.11889611105292418, 0.009063294755878994, -0.003423225621357513, 0.0017332358919810763, -0.059959551315209914, 0.006952007977617307, -0.003098947001453832, 0.0010881136657464284, -0.029790822153517145, 0.004385154269967166, -0.0019534336082143626, 0.00046528065160672625, -0.013824963439506384, 0.0018017445710918133, -0.0005454566255374638, -8.219159032633511e-05, -0.005749599536053695, 0.0008839276185784536, -0.00020794220360877952, -0.00011713196605896823, -0.001365106176960597, -0.0016857512245864604, 0.0013353019032370697, -0.0006061251185773674]]
==============================
B1_ImaginaryFrequency_1
R1->P1
T_min:200.0 K    T_max:3000.0 K    P_min:0.0001 atm    P_max:100.0 atm
[[-9.858290340904437, -4.3264566655848435e-05, 3.40373859333456e-05, -9.308491190183352e-06, 0.1656180744418116, 0.00011290600011851118, -5.6739717049172785e-05, 2.963645043527345e-05, 0.04234037907004702, 2.0734714567373956e-05, -9.817730441253011e-06, 5.348260547165559e-06, 0.017720801246181875, 3.9178349300835506e-05, -2.15758757150527e-05, 9.176060023364517e-06, 0.007872560475953602, -1.1973505548135388e-05, 6.364544511560429e-06, -2.2309397657417106e-06, 0.0032694890535271337, 3.7152785148815144e-06, -3.605236664075444e-06, -2.595835425767216e-07, 0.0013688385430024059, -1.1502931580498304e-05, 6.060677566887014e-06, -2.115524190326839e-06, 0.0005896681517602806, -6.618021838693086e-06, 2.932847244432593e-06, -2.256607153579853e-06, 0.00024395270723262953, -1.2633688045400254e-06, 7.795230254353467e-07, -7.154739665720192e-08, 0.00013200410068535273, -3.7316196342256786e-07, 2.1897802244698184e-07, -4.1696843046838977e-07]]
P1->W1
T_min:200.0 K    T_max:3000.0 K    P_min:0.0001 atm    P_max:100.0 atm
[[-12.973451992022294, 2.3406162051049217, -0.2747677255577297, -0.03578388524395524, -1.419217919575695, 0.4063889317855491, 0.29304608721412156, -0.03108976384017579, -0.5826319926331535, 0.13224595911783008, -0.007119781990660488, 0.03481917179195109, -0.2548339753339697, 0.036444918271994885, -0.014170249849515993, 0.009922755568737195, -0.11994632155506153, 0.01081964687614195, -0.00462951676712528, 0.0022030547803426406, -0.060961107514554434, 0.00863683470524229, -0.004251269329633278, 0.0015350914582539768, -0.03200493513527117, 0.008000637535320517, -0.004082380906908731, 0.0011723591862129778, -0.01697360700455836, 0.006904045962674566, -0.003409712436009811, 0.0008111784766083092, -0.007923772851445797, 0.004415233135348852, -0.002179090870795283, 0.0004926458156196955, -0.004911330318640725, 0.004000322813997495, -0.0017273815646713824, 0.0002933315444619735]]
==============================
P1_Energy_1
R1->P1
T_min:200.0 K    T_max:3000.0 K    P_min:0.0001 atm    P_max:100.0 atm
[[-9.858300803386458, -5.11675970017722e-05, 3.720695224443363e-05, -1.063857062125822e-05, 0.16560569142017764, 0.00010060839861739042, -4.9172744066782407e-05, 2.5731188191135054e-05, 0.04231574914187628, 4.7411656972036604e-05, -2.4454419305034297e-05, 1.2507178513673078e-05, 0.01773194318980042, 1.129831791728482e-05, -6.191884095773493e-06, 2.738900651537614e-06, 0.007859505895088078, 9.692073318395246e-06, -5.432622051162087e-06, 2.5383740692735543e-06, 0.0032809661268083704, -1.5409351419422517e-05, 6.776536142661891e-06, -4.068653482836528e-06, 0.001365700594520028, -4.805600173433491e-06, 2.6264399451546266e-06, -1.0961139462636443e-06, 0.0005917886652138058, -8.755278699129565e-06, 4.175640998583498e-06, -2.7285328040536763e-06, 0.00024632015321254423, -4.676710059862869e-06, 2.452995402915226e-06, -5.939101314468148e-07, 0.0001329816837933894, -1.256561183445748e-06, 8.664608714098259e-07, -7.353379050042079e-07]]
P1->W1
T_min:200.0 K    T_max:3000.0 K    P_min:0.0001 atm    P_max:100.0 atm
[[-12.915110727189528, 2.34051918807968, -0.2747207634899152, -0.0357957081528555, -1.4701642307188492, 0.40631552779613495, 0.2930805960448483, -0.031097595366368143, -0.5826792345013823, 0.13232057093778118, -0.007154854066548364, 0.03482785040061017, -0.2548896332277789, 0.036533506056105086, -0.014213024214086649, 0.009933628975302996, -0.11994643828989361, 0.010820253128923122, -0.004630307371475161, 0.0022034228663060135, -0.06093474230814943, 0.008593959125917788, -0.004229484318692651, 0.0015294232366263852, -0.03200927719692534, 0.008007341080738748, -0.00408555018852512, 0.001173085580553132, -0.016983322625814513, 0.006919578122459107, -0.0034172338879177133, 0.0008128816511445261, -0.00791777525856849, 0.004405866842981752, -0.0021749655651444144, 0.0004919956314438285, -0.004904507444549453, 0.0039892567347392625, -0.0017212806804286721, 0.00029156455583942843]]
