==============================
W1_Energy_1
R->P2
T_min:200 K    T_max:3000 K    P_min:0.0001 atm    P_max:100 atm
[[-12.025715793156982, -0.00045978734636378484, 0.4824668863063644, 1.0206617364563509e-05, 0.2637973320444588, -0.00020406748199688928, 0.1176644032662477, -0.00023795958120535667, 0.04957656558849889, -0.00020421349373227356, 0.020275244632749777, -0.00019201653484054708, 0.007990056604846203, -0.00015862269063446314, 0.002984897111406226, -0.00013386611012743856, 0.001224239416102032, -0.00011123625146954677, 0.0001701516583677159, -7.965573356158354e-05, 0.00017818910556840085, -6.963235875292236e-05, -4.4648955105055615e-05, -3.7610701223710256e-05, -1.8595290264135618e-05, -3.8691999958108225e-05, -2.336316646359389e-05, -1.0425193254823112e-05, 1.1042977686489673e-05, -1.6564547426504473e-05]]
R->P3
T_min:200 K    T_max:3000 K    P_min:0.0001 atm    P_max:100 atm
[[-11.358507388196038, -0.0002494097262014036, 0.2783936464076445, -5.5246747189529574e-05, 0.16664799601165253, -0.0001368008206061067, 0.08533564029521618, -0.00014281777697478524, 0.042945888073534985, -0.00012297386865668908, 0.02126019586278267, -0.0001108827730314417, 0.010255499204111273, -8.964182985839101e-05, 0.0047399346352356795, -7.223279029445948e-05, 0.0022124457895440893, -5.688053878037415e-05, 0.0007651389077355657, -4.035628868387442e-05, 0.000360634278051576, -3.3335412521324004e-05, 9.29928402173818e-05, -1.7262062677992376e-05, -4.341142524802323e-05, -1.774677647674414e-05, 1.3722033156540203e-05, -5.1210624601794835e-06, -3.0251376831865946e-05, -6.801364272380287e-06]]
R->P1
T_min:200 K    T_max:3000 K    P_min:0.0001 atm    P_max:100 atm
[[-10.049804609450499, -0.0006221160810591182, 0.08960495266269035, -0.001269299356017078, 0.051887950413724834, -0.001122504546390026, 0.019118326414944903, -0.0010083618910988665, 0.006325807420184619, -0.0008139049025523937, 0.0015802623940687674, -0.0006672318788538608, -9.823734034266479e-05, -0.0005013707520610634, -0.0006010576158037837, -0.0003711433691777208, -0.00046894271707152984, -0.00027040165474981895, -0.0005543049223033667, -0.00017329820322767254, -0.0002637266724276579, -0.0001354304787662878, -0.00018688502925688278, -6.714463913618477e-05, -0.0001794399759684456, -6.617145283654677e-05, -3.080690470853572e-05, -1.7734304461969142e-05, -5.273490148469348e-05, -2.8363953256489572e-05]]
W2->P1
T_min:200 K    T_max:3000 K    P_min:0.0001 atm    P_max:100 atm
[[-15.404888187266947, 1.8134125689468945, 22.569694126018216, 1.3144560630911633, -0.4964652758161837, -0.11587424018131934, -0.5621942677387215, 0.17483984181482723, -0.18602117737791454, 0.014873733658469675, -0.19286540848540254, 0.08507625631677831, -0.08453295050930898, 0.0060191908837271425, -0.15719374997554694, 0.128683092941827, -0.051525125014473934, 0.021228010329603128, -0.013837046834237053, -0.0148153136925145, -0.22077002201376275, 0.21311593583300395, 0.225412243259081, -0.23304260604095225, -0.3627882712325536, 0.3215535146314942, 0.22435963088091804, -0.19816648541037454, -0.19081695760444808, 0.15024264005941507]]
P1->P2
T_min:200 K    T_max:3000 K    P_min:0.0001 atm    P_max:100 atm
[[-27.614712752168316, -0.002681825191735321, 14.753420378713793, -0.005364715814370731, -0.039014843665851014, -0.004694263777607769, 0.002985259443226485, -0.004140805117196811, 0.006590614770295499, -0.0032693464739934016, 0.0030107733271372327, -0.0026162418931801063, 0.00062927882387802, -0.0019113263508691882, -0.0004323243980396979, -0.001368470753456858, -0.0006729947698402729, -0.0009681683510604709, -0.00047359898217624305, -0.0005904399301075769, -0.0005644649306816959, -0.00046408717994155104, -8.961686040582492e-05, -0.00021328343602210797, -0.00038036400475221393, -0.00023546128898113767, 1.1223968941133306e-05, -5.710314288093666e-05, -0.0002177092098216065, -0.00011306797606934359]]
P1->P3
T_min:200 K    T_max:3000 K    P_min:0.0001 atm    P_max:100 atm
[[-12.643478426302504, -0.0007087359947082761, 1.6552266798973911, 0.0008995180243263916, 0.2496625703742484, -0.00022203725077582243, 0.13381045229632607, -4.5946949357131005e-05, 0.06276593711062683, -9.686039590126647e-06, 0.02884756473111779, -1.1378342060753849e-05, 0.01287689451295106, -6.874669245261731e-06, 0.005753415912791389, -5.699747119151699e-06, 0.0028759868421315148, -6.136640121163748e-06, 0.0009857903211863185, -8.180385810848923e-07, 0.0009256773263189163, -5.03762996521561e-06, 2.4598032602487134e-05, 6.019370648281865e-07, 0.00043439994824666747, -2.745783094311416e-06, -0.0002175307970453499, 1.7754756405674432e-06, 0.00018381644575016576, -2.5536541095701363e-07]]
P2->P3
T_min:200 K    T_max:3000 K    P_min:0.0001 atm    P_max:100 atm
[[-9.435462695900487, -0.0008948719759238159, 0.10736122881434688, -0.0009344531999996846, 0.09651123648771588, -0.00102414586195909, 0.06513054129239515, -0.0009859087159983415, 0.03794742154734584, -0.0008386831527917804, 0.019598678021430522, -0.0007266945238776346, 0.009391192846867248, -0.000580103073940658, 0.004062218143030631, -0.0004542978604400898, 0.001530882593280683, -0.0003497768071014394, 0.0005359418058543286, -0.0002407600508828611, -8.877209866772085e-05, -0.00018942605033618606, 8.454682333711993e-05, -0.00010345817121879004, -0.00026609282238680823, -9.122639331781014e-05, 3.449986737636303e-05, -2.9515934310279254e-05, -0.00017700035316590464, -3.414966710586069e-05]]
