==============================
W0_Energy_1
W4->P2
T_min:200.0 K    T_max:3000.0 K    P_min:0.0001 atm    P_max:10.0 atm
[[-6.329835558671197, -38.359578678038744, 14.474300419968618, -2.728952585169532, -13.872435344858117, 76.31536145261325, -27.892897032001866, 5.177232943797307, 46.6077247891879, -67.6304449546452, 25.25135515152628, -4.721075623247312, -39.77884279091856, 56.95174813640464, -21.051710162368646, 3.9313691416902845, 30.41565511782155, -43.95273292489309, 16.201378547537296, -3.0079222895748554, -21.714044127525312, 31.07692571068118, -11.433997232144916, 2.1168554274009823, 13.854942267114083, -20.05013102961741, 7.32819837049996, -1.3507963701709396, -8.056588025286601, 11.617829650652148, -4.20489882570754, 0.7674765541335002, 4.075966744316862, -5.92840140931321, 2.1207298227018327, -0.38241919219225906, -1.7834665992878591, 2.596693906026326, -0.9149921678354751, 0.16283135935853466, 0.6224379746672817, -0.9258152120889207, 0.31611233028529284, -0.05455095657691089, -0.16054982379797877, 0.23817178525965232, -0.07656313677199833, 0.01233257083111905, 0.02046423763679961, -0.032410830539664204, 0.009202625445063006, -0.0012241935948580362]]
P1->P2
T_min:200.0 K    T_max:3000.0 K    P_min:0.0001 atm    P_max:10.0 atm
[[-5.311916233946132, -5.173861254172046, 2.4924960703812777, -1.0483845037890496, -8.56608269744762, 9.894041974299206, -4.758923992831338, 2.006839834350085, 7.639297871218673, -8.75207572468669, 4.200090004445093, -1.777620179484908, -6.326467714838954, 7.274409181750725, -3.490004980351495, 1.4776168926108886, 4.9215395474794095, -5.645264395824263, 2.710008290008858, -1.1463879466859934, -3.489529243703017, 4.020719065544028, -1.9306112510028908, 0.8165547655609816, 2.2656522483642543, -2.600673003164758, 1.2489532532367886, -0.5282203112357098, -1.31625509544002, 1.5118644954023883, -0.726169757932543, 0.3071090305038884, 0.678982384424824, -0.774684633601904, 0.3721298344011945, -0.15738825018629843, -0.2982138313843259, 0.3391719133925921, -0.16294849453468885, 0.06891841401741416, 0.10740192174620056, -0.12027771789697739, 0.05779626383050296, -0.024443940678179565, -0.028025101061306845, 0.031012993690211488, -0.014908272250407695, 0.006303958231878459, 0.0043231423241637534, -0.004393914866298587, 0.0021144472286440674, -0.0008931918557202323]]
W4->P1
T_min:200.0 K    T_max:3000.0 K    P_min:0.0001 atm    P_max:10.0 atm
[[-9.077397178516337, -38.45681472334161, 18.878440087351752, -4.250301752643475, -16.295015666071187, 80.50543770929998, -36.7908610176145, 8.486590927208303, 53.18742152482073, -71.89359697714039, 32.58482961938824, -7.509337874943347, -44.3830707888689, 59.01511778401872, -26.687617508369996, 6.059620711964284, 33.80952856846987, -45.39106412412288, 20.504444433472436, -4.646962383190409, -23.872374785727224, 31.80197092363639, -14.337849280561704, 3.224203064308516, 15.085358487731456, -20.196453204319415, 9.079502815469557, -2.023085496102688, -8.599103827673584, 11.452962163638643, -5.129491108475424, 1.1261942008546555, 4.242252441348661, -5.675605194340633, 2.5267240872897645, -0.5427769175032715, -1.7730444356227615, 2.362372103996428, -1.0417500551085297, 0.21528539972584326, 0.5705568109642556, -0.7669215146544079, 0.3312744880136336, -0.0631825255150531, -0.12215766999776001, 0.1637288966167496, -0.06739450153068915, 0.009888747835228529, 0.005856880016283483, -0.009327831198152836, 0.0020612508754211945, 0.001197294409948313]]
