==============================
W1_Energy_1
R->P2
T_min:200 K    T_max:3000 K    P_min:0.0001 atm    P_max:100 atm
[[-7.500384513625199, -25.820052505568036, 5.258239104037667, -7.950687425141294, -8.30033933149545, 50.10975393075828, -10.20473660727951, 15.430170504809116, 8.28796767646877, -45.780139568222836, 9.322899201836435, -14.097019414480858, -6.77541368362458, 39.32328483834107, -8.007795528716088, 12.108866713721156, 5.606914686041128, -31.700184487912637, 6.455217303869761, -9.761577798562215, -4.171054810299816, 23.903835340071083, -4.867360931078321, 7.360930499379267, 2.953108496298518, -16.794298497369002, 3.419460128185677, -5.171723571505928, -1.9131175555907585, 10.923859520173753, -2.2239565614394508, 3.364041762153752, 1.146581125095724, -6.529007502816546, 1.3290345230318978, -2.0106957547618407, -0.6213133579646737, 3.5416968486852767, -0.7207923223388888, 1.0907638127833188, 0.30160744005763185, -1.7176040079006825, 0.34945990041582675, -0.5290114062523514, -0.1272496829178955, 0.7242958532701005, -0.14729939412331916, 0.22309726998162205, 0.04494613665917235, -0.2560803278445407, 0.05204279419583013, -0.07888473951119801, -0.012168763055857124, 0.06908659034732878, -0.014028006106181934, 0.021285164698745973, 0.002129462965733353, -0.01229924109978242, 0.0024885344213920746, -0.0037902587326392734]]
R->P3
T_min:200 K    T_max:3000 K    P_min:0.0001 atm    P_max:100 atm
[[-9.717457026893603, -11.386363660584747, 2.5223786886519504, -3.493917085535626, -2.905801703213104, 22.09463362939333, -4.893918364285257, 6.779822635056431, 3.0734898181538037, -20.17764054003323, 4.467555426307166, -6.191745082781881, -2.4083387428753844, 17.31982797706344, -3.832278985536499, 5.315030473911145, 2.0494139588788904, -13.948594058628089, 3.0833814808673785, -4.280754304686739, -1.4880692391212662, 10.504198707076542, -2.3190206666160003, 3.2239665772808834, 1.06717300569128, -7.367580113284605, 1.6238433612213248, -2.261521411744736, -0.6799676459974602, 4.782076354295883, -1.051788586748513, 1.4680954474309689, 0.4092495611016506, -2.8506066796981164, 0.6253157217178604, -0.8752904009783813, -0.2186162343318827, 1.541297691769051, -0.3369970884808995, 0.4733683234079358, 0.10584193842599932, -0.7443939153024672, 0.16207378400680028, -0.22868528685868128, -0.04398832478077619, 0.3123219220920517, -0.06764430247377273, 0.0959835893905705, 0.01532006166086397, -0.10966998796385585, 0.023582732169542098, -0.033719836458058816, -0.004085980107867648, 0.029348070358882872, -0.006254910144304127, 0.009029262490360068, 0.0006632595498370364, -0.0051520757893896985, 0.001080836465849444, -0.0015862219339890515]]
R->P1
T_min:200 K    T_max:3000 K    P_min:0.0001 atm    P_max:100 atm
[[-1.963083788745989, -52.57758783977181, 9.943881467857203, -16.424167473948476, -15.604633232226538, 102.035337085276, -19.29742597938016, 31.87375758315939, 14.390008250544218, -93.21830871808675, 17.629911673364177, -29.1192459749764, -12.295932686355453, 80.0602445394561, -15.140930325888126, 25.008744047196572, 9.933239393891334, -64.53276763938109, 12.204192613597787, -20.15798440384741, -7.483110936462743, 48.651048363804136, -9.20024245352421, 15.196739696197302, 5.2575339660140585, -34.17364202897175, 6.462235602247956, -10.67419889220147, -3.4197344174168522, 22.220958991174122, -4.20164853232593, 6.940517343660858, 2.042306879155709, -13.276166727905933, 2.510167574972325, -4.1464620319744245, -1.1082090003432654, 7.198195831922895, -1.3608044593878819, 2.2480382959054452, 0.5364699806953919, -3.488626921173207, 0.6594517790947805, -1.0894086933974876, -0.2263891080111975, 1.4700121193397315, -0.27780410565459945, 0.4590025834673561, 0.07961834531827705, -0.5190252051840423, 0.09806922011408048, -0.1620257844083044, -0.021541310484009202, 0.1398489009979258, -0.02640822738876558, 0.043650028418738884, 0.0037142588068235227, -0.024772128629244605, 0.004675822978228439, -0.0077244248568106855]]
W2->P1
T_min:200 K    T_max:3000 K    P_min:0.0001 atm    P_max:100 atm
[[-9837.521333959234, 22580.364982436244, -9679.16620942356, 6383.279149140757, 19038.731754344743, -43710.52586350301, 18739.37925673221, -12357.743007507062, -17243.009666458398, 39630.885660455904, -16991.996493744467, 11203.137593511212, 14625.571574211928, -33610.01514587574, 14413.563561468474, -9499.454229014354, -11579.48971236745, 26600.881346386916, -11411.271846190672, 7516.450137665379, 8526.871426461284, -19580.132281494374, 8403.118685698133, -5530.614029594398, -5812.387872357199, 13338.753928642916, -5727.8491391080015, 3765.790643881597, 3643.003679120035, -8353.592559301538, 3589.8799838284085, -2356.796065238375, -2080.281628012657, 4765.006906174251, -2049.767311151655, 1343.1298853409007, 1068.4029545692356, -2443.6464893841057, 1052.5688294006195, -687.9485121040943, -484.35899532864187, 1105.6172431645246, -477.06229848584553, 310.72667577597167, 188.39265569541385, -428.81256189690794, 185.46859614798632, -120.21956918744036, -59.95912722529829, 135.9274399255404, -58.990716239231915, 37.96944156236532, 14.24854141779673, -32.09305518951396, 13.99684620351627, -8.911704954203742, -1.9941324626925052, 4.454550824834541, -1.9613823622894415, 1.2285624933210784]]
P1->P2
T_min:200 K    T_max:3000 K    P_min:0.0001 atm    P_max:100 atm
[[12.316625973223152, -213.77212384989915, 42.954947666715256, -66.47505236494112, -62.74193520995095, 414.8561569962116, -83.3593798402097, 129.00453337347633, 70.76043065168525, -379.0022015958244, 76.15444141569347, -117.85434196944612, -60.80669252387512, 325.49528908935116, -65.40092349082944, 101.2149202005535, 49.024464963628425, -262.3555684416715, 52.71284275532727, -81.57973008374732, -36.95474236973699, 197.77838251659335, -39.735568373263064, 61.49818180642525, 25.962327387579286, -138.91373373132893, 27.90745715838323, -43.19317582763382, -16.883489891704482, 90.31909476002313, -18.143156833521033, 28.08245144045251, 10.08683558619723, -53.95523464750539, 10.837337539972943, -16.7751645794624, -5.47024822613696, 29.25014935353815, -5.874188367881292, 9.093639227491536, 2.650285787683478, -14.172871571513298, 2.84576785256462, -4.405840584807208, -1.1169990104405088, 5.970918033281269, -1.1985573081719707, 1.8559793100404107, 0.3938374330167136, -2.1070783599927694, 0.4227976054148783, -0.6548334354995919, -0.10610930998961976, 0.5676064269966332, -0.11382629505519049, 0.1763729815455548, 0.018609545998685917, -0.10032103917758661, 0.0200895861155459, -0.031148936318288634]]
P1->P3
T_min:200 K    T_max:3000 K    P_min:0.0001 atm    P_max:100 atm
[[-3.307031357147129, -1.5566311912078925, 0.4384079415490154, -0.4744732330092316, -16.43922531829577, 3.0181355464224304, -0.8498433940718879, 0.9199701020995583, 16.70767257417133, -2.7513012451524075, 0.7742292333408276, -0.8386880678799136, -13.898890527176576, 2.357161580133947, -0.6627476335438951, 0.7186135217565022, 11.253088215346253, -1.8941306119879986, 0.5319287417892751, -0.5775362986058434, -8.288027958978613, 1.4221789477621616, -0.3987651517488795, 0.4337194753816427, 5.745728614632434, -0.993561421999884, 0.2779921149435056, -0.30308389369242716, -3.634233417339401, 0.6417200288838139, -0.1790658263742202, 0.195821123684361, 2.1116860319310384, -0.3801138458755746, 0.10569280176470075, -0.11604103508514907, -1.0987762223482722, 0.2039361389580392, -0.0564538930116516, 0.06229131280874345, 0.5072100646014839, -0.09750576093278207, 0.02683220313901513, -0.02980289590304963, -0.1994807510796468, 0.04041833479101431, -0.01103989563798713, 0.012364473419092192, 0.06429189352821174, -0.013963264020898425, 0.0037747537649952534, -0.004275715457594753, -0.015075100541184439, 0.0036729884268704716, -0.0009812278772649563, 0.0011259848759772595, 0.002091875712224578, -0.0006186734720032838, 0.0001608027255883826, -0.00018970810697993556]]
P2->P3
T_min:200 K    T_max:3000 K    P_min:0.0001 atm    P_max:100 atm
[[0.5600618160903161, -62.94196689567318, 12.331065297937315, -19.57298312277407, -19.291882165648737, 122.14945770169847, -23.929948749168037, 37.98466848056558, 17.822088118837485, -111.59148633914931, 21.86068207310658, -34.70127904887751, -15.163007600595526, 95.8399611503002, -18.773376115428697, 29.80290916230491, 12.317473917594075, -77.25009393039925, 15.13035936343253, -24.021813074418375, -9.24279644117323, 58.237875239082264, -11.404791709672642, 18.10952108750103, 6.5198114779534215, -40.90673787412578, 8.009360581685943, -12.71999552750944, -4.232572509398253, 26.598597199616627, -5.206590953441593, 8.270682153824318, 2.5351536728521133, -15.891621962043935, 3.1098650726943173, -4.941224014289876, -1.37460201008831, 8.616243466077151, -1.685498130657109, 2.6789693739324107, 0.6672885683845058, -4.1762432534795835, 0.8166144588653168, -1.2983878653041359, -0.2814835657303618, 1.7598731910727565, -0.343926691855458, 0.5471042674152464, 0.09939969528344506, -0.6216527894414003, 0.12141543080941197, -0.19322387905506977, -0.026830769012945233, 0.16756035420597826, -0.03269960588220577, 0.0520743519663327, 0.004687810105593826, -0.029779562222262967, 0.005806986589419694, -0.009247521493335853]]
