==============================
B0_SymmetryFactor_1
W4->P2
T_min:200.0 K    T_max:3000.0 K    P_min:0.0001 atm    P_max:10.0 atm
[[-465.9614235072241, 475.73041776351306, -199.33408340811343, 40.651325151462316, 877.564907332911, -920.7141882318334, 386.7725457866236, -78.95656626562732, -765.9750991971739, 841.1286609108053, -352.7135720599967, 71.96936468951635, 655.6105538007582, -720.6320776805281, 302.3721078810692, -61.69675195179855, -527.0635321819443, 579.291082188924, -243.04625389654393, 49.60281421880201, 395.5894631777383, -435.3241818768905, 182.5919552609163, -37.26312100785881, -276.476297193915, 304.32102988055453, -127.62997839644312, 26.04526573192402, 178.48594380975283, -196.69786757548923, 82.48168774255001, -16.83342987610402, -105.63617539488119, 116.51546745621215, -48.84290179301678, 9.96814544490178, 56.54618068075024, -62.451450473272985, 26.166871731345395, -5.3393808019543485, -26.90493974799091, 29.741086914840125, -12.45623914484446, 2.5416128901315034, 11.050179330595938, -12.234083376607046, 5.120503882042016, -1.0447097090035982, -3.7368438942061175, 4.139654988538496, -1.7304543605305582, 0.35292044945310863, 0.9450916885043767, -1.0463478208089327, 0.4367617209326795, -0.08903155848963706, -0.13960788060398954, 0.1536596058048474, -0.0642722467943031, 0.01313524268744004]]
P1->P2
T_min:200.0 K    T_max:3000.0 K    P_min:0.0001 atm    P_max:10.0 atm
[[-50.15828103935821, 64.97255096951724, -32.10784296419622, 13.05791160211984, 78.40220054209802, -126.15263379909905, 62.347535916190516, -25.35197048094266, -71.61338108883832, 115.26120781563665, -56.971445492961465, 23.161585791572186, 61.46423202718965, -98.85491738990049, 48.86101083421436, -19.86551928988026, -49.387669580845994, 79.43837658579811, -39.26088413241981, 15.964831099470851, 37.126299334063404, -59.6711587193607, 29.48915652523263, -11.993022809716052, -25.957990398648402, 41.71379034579361, -20.612863591023796, 8.384624574272891, 16.789864105197104, -26.96263936536029, 13.322164121382889, -5.42021601987884, -9.948848111982425, 15.973588243577602, -7.891563585927194, 3.211569876735382, 5.337892200228822, -8.56626992133154, 4.231504981011909, -1.7225820171750144, -2.543675676693681, 4.083150410780792, -2.0166937376614857, 0.8212387442426365, 1.0468669291736816, -1.6812658330824135, 0.8302901921833588, -0.33822737245489876, -0.3536877098848592, 0.5696718068654505, -0.28131759814853474, 0.11463188266871782, 0.08919271083409486, -0.1444568421838497, 0.07134595208710692, -0.029075551994267812, -0.012905459200737823, 0.02132399857236909, -0.010536417255266883, 0.004293313345996808]]
W4->P1
T_min:200.0 K    T_max:3000.0 K    P_min:0.0001 atm    P_max:10.0 atm
[[-462.89187446137385, 562.3964352797443, -248.8902035696669, 60.53577539603245, 863.7412232931383, -1084.6470158267764, 482.44387048008747, -117.13140102771811, -748.6801615493148, 989.698380873955, -440.4660011538529, 106.90812148584644, 641.3679861153227, -848.7516975127536, 377.7691406439534, -91.72705959954904, -515.3964808903323, 681.5087614192852, -303.3098583697488, 73.59615330301287, 386.68446378917497, -511.472564624093, 227.6185896547708, -55.19254229403716, -270.04854415428895, 357.0043024211293, -158.86062379834868, 38.48068317441739, 174.1885382673613, -230.26692462353859, 102.44739285753728, -24.78376590304245, -102.9485052588499, 136.00773301139435, -60.49632835005241, 14.609638491171154, 55.00202034131917, -72.63636474690577, 32.29642290818481, -7.781773857424469, -26.091198843302266, 34.4243005061592, -15.297889987720168, 3.67455571885678, 10.663731923839407, -14.05701288047716, 6.240681405908816, -1.4924527615925456, -3.5750437586682438, 4.704466181344458, -2.0852700458878815, 0.4953587024403987, 0.8877918869515469, -1.1657863076163721, 0.5148361735568301, -0.12074571998221018, -0.12736493685008554, 0.1663915593100711, -0.07306814077128365, 0.016797118163367486]]
==============================
B0_Energy_1
W4->P2
T_min:200.0 K    T_max:3000.0 K    P_min:0.0001 atm    P_max:10.0 atm
[[-464.5809079409095, 473.7864639817345, -198.1678190267196, 40.34123194173421, 874.8858051076853, -916.9415229595827, 384.50922845966784, -78.35474487266447, -763.5287025264132, 837.6836862842966, -350.64687906568133, 71.4198410370541, 653.5107153430436, -717.675017722159, 300.5982249433588, -61.225066166082016, -525.3726955330148, 576.9098633187534, -241.617925810796, 49.22299745377559, 394.3163948882698, -433.5312462348228, 181.51659226238695, -36.97715893529717, -275.58373791374385, 303.06387213389496, -126.87607263318439, 25.84476968851442, 177.90685520574323, -195.8821813693047, 81.99260092240175, -16.70335649779784, -105.29135639019204, 116.02971760562718, -48.55170422731612, 9.890695288517918, 56.35992977542651, -62.189054324576546, 26.00960826178175, -5.29755081684624, -26.81525020411243, 29.614720097669775, -12.38052347447757, 2.5214729816726305, 11.01265838001433, -12.181217362056742, 5.088838979731179, -1.0362872190418244, -3.7237921213317122, 4.1212658725305005, -1.7194442991054757, 0.3499920115872328, 0.9416319760426788, -1.0414760498541682, 0.43384577663528034, -0.08825659747185455, -0.13904255054046644, 0.1528659838007087, -0.06379699691024143, 0.01300922591951803]]
P1->P2
T_min:200.0 K    T_max:3000.0 K    P_min:0.0001 atm    P_max:10.0 atm
[[-46.80931948714432, 62.61461500639147, -31.13892076167678, 12.611100373967856, 71.90409845569843, -121.57884429889795, 60.46823097251898, -24.485028301676266, -65.68319726325332, 111.09164688877219, -55.258796600220194, 22.370606112193652, 56.383106774574436, -95.28816402322236, 47.39696447201227, -19.187957439990264, -45.308534306856934, 76.58198751164046, -38.08969265048465, 15.421130823100395, 34.06778172412541, -57.53674916954871, 28.615320574320624, -11.5856588846063, -23.826716391982817, 40.23340321620886, -20.008070481574173, 8.10109869587626, 15.418994527405651, -26.016486000674547, 12.936764371888927, -5.238202081098912, -9.142726421362205, 15.422133755458923, -7.667881581407926, 3.1048836786814604, 4.910429030250796, -8.277496836009021, 4.115087642049389, -1.6663083192490262, -2.343439683739007, 3.950362434990435, -1.9636601950264811, 0.7951129056235349, 0.9667082704767864, -1.6296346124945842, 0.8099869950833085, -0.3279320733011346, -0.3278326837527885, 0.5538575523520421, -0.27528083730131847, 0.11141188356558018, 0.0832262525856855, -0.14118649908242986, 0.07018543119125198, -0.028381847935392557, -0.01220552075695025, 0.021077225507732777, -0.010484841203137307, 0.004231340038067799]]
W4->P1
T_min:200.0 K    T_max:3000.0 K    P_min:0.0001 atm    P_max:10.0 atm
[[-420.9257922675079, 502.5473157893067, -216.94031611929768, 49.91834981316072, 782.3137575382214, -968.5239332674919, 420.45299281619793, -96.53108577487026, -674.3858949499117, 883.7513690607009, -383.90954292542364, 88.11323587055216, 577.7112864491957, -757.9755324679556, 329.3143185090408, -75.62359316441726, -464.2823332438098, 608.6205084277154, -264.40679673733234, 60.666211967935766, 348.34945788910727, -456.80908547917284, 198.4462816615758, -45.49574174772906, -243.32413858951884, 318.89873122932795, -138.5279604693357, 31.721193448246794, 156.98805653587206, -205.74300390513582, 89.3643271493331, -20.433501018254702, -92.82323098545533, 121.57289823038275, -52.79753052952623, 12.048995658760418, 49.62379718207285, -64.97017915576828, 28.20897503071103, -6.421745885522114, -23.564924688926055, 30.82410603498255, -13.379142412482224, 3.035760874276434, 9.647466451480511, -12.609208277661324, 5.469501421756831, -1.2354888168602258, -3.2444072035364684, 4.233695851815298, -1.8347294529255294, 0.4117526905234854, 0.810146203789472, -1.0553412570645833, 0.4561475148406089, -0.10110412656047174, -0.11744865659420611, 0.15231034026218992, -0.06560792982327257, 0.01428774399721533]]
==============================
B0_Frequencies_1
W4->P2
T_min:200.0 K    T_max:3000.0 K    P_min:0.0001 atm    P_max:10.0 atm
[[-465.656137977716, 475.2385127356863, -199.06700506791424, 40.57021064006199, 876.972448246695, -919.7597125109435, 386.2542612801246, -78.7991942022025, -765.4330557307582, 840.2551747512438, -352.2393345155408, 71.82530835431128, 655.1441983078863, -719.8805376810972, 301.9640750703472, -61.57279397139669, -526.6865635504513, 578.6833897890891, -242.71637011668136, 49.502546869704176, 395.30416049711675, -434.86413660644683, 182.34225101866195, -37.18718552205953, -276.2749794719335, 303.9962673334205, -127.45373488082164, 25.99163240107154, 178.35418637491054, -196.4852056730092, 82.36630816627486, -16.79828545899892, -105.55689637499833, 116.38742489384003, -48.773451007989365, 9.946967171483493, 56.50275970792177, -62.381260123524044, 26.12881590990162, -5.32775860442149, -26.88367365815111, 29.706675407842113, -12.437589682765434, 2.5359066951408806, 11.04107827593404, -12.219334812025693, 5.112516656404807, -1.042259573032453, -3.7335775351529037, 4.134352365099517, -1.727584580530845, 0.3520369166535602, 0.944190054711008, -1.0448799675579608, 0.4359685750316089, -0.08878613245099132, -0.1394572355765149, 0.15341363428225918, -0.06413937910679124, 0.013093535924781463]]
P1->P2
T_min:200.0 K    T_max:3000.0 K    P_min:0.0001 atm    P_max:10.0 atm
[[-48.486574745345884, 61.987950818995756, -30.51853230987841, 12.550010980214644, 75.16533499932285, -120.3713702999714, 59.26894950085013, -24.368073687016825, -68.67618819473616, 110.0115198441186, -54.17577348404287, 22.267952278242905, 58.968079500807065, -94.39161431617003, 46.4838539995625, -19.10546038833915, -47.407240254435365, 75.89421006591894, -37.37294264528458, 15.360952374720558, 35.66446668664523, -57.05225891376459, 28.093775800724966, -11.546449225984173, -24.959579026111605, 39.92254513987641, -19.658173861689168, 8.078862512918962, 16.163538764597604, -25.836851586623105, 12.721904496315615, -5.227778122130998, -9.591673530352633, 15.330042996663494, -7.548248257314121, 3.101358575119093, 5.155498218342387, -8.236599643993074, 4.055508886193664, -1.6659798056838113, -2.462104519118597, 3.9350917456986636, -1.9375749129106232, 0.7957267607971605, 1.0160071606633423, -1.6249284862617248, 0.8001440750726587, -0.32846902465738026, -0.34439117669061403, 0.5525573134578678, -0.2721413759865694, 0.11164250033421297, 0.08723363831536757, -0.14079905329705866, 0.06937850976295579, -0.02842690462404107, -0.012719065782732741, 0.020960321517579178, -0.010339489446892003, 0.004226226253820187]]
W4->P1
T_min:200.0 K    T_max:3000.0 K    P_min:0.0001 atm    P_max:10.0 atm
[[-465.6600611721719, 566.6740102165161, -251.27375050667175, 61.47629276211313, 869.1145783274908, -1092.9464984129486, 487.068522036648, -118.9559605665934, -753.5836956129766, 997.270396549675, -444.6849061975584, 108.57239653755727, 645.5691104257479, -855.238854487971, 381.3830713029281, -93.15247119738092, -518.770524071557, 686.717964992007, -306.21124946600526, 74.74023645085884, 389.2162936614458, -515.3810606049233, 229.7948780077637, -56.050402768617154, -271.8156697263952, 359.73194716658656, -160.37881249967683, 39.0788423819384, 175.32858491749374, -232.02658540120845, 103.426302747925, -25.16920524120593, -103.62242712412635, 137.04800898158555, -61.074653612980455, 14.837157558517333, 55.362568641631015, -73.1931012514375, 32.605660957960936, -7.903297442250903, -26.262658726336156, 34.689264392756485, -15.444895621684566, 3.73224237897837, 10.734124714243109, -14.16596735627266, 6.301042352430159, -1.5161006126132008, -3.5987990567308543, 4.741350349916445, -2.105665549817971, 0.5033364070434345, 0.8937429721606023, -1.1750837058041839, 0.5199659142817268, -0.12275265927451073, -0.12821158710994496, 0.16772850255517824, -0.0738041315528335, 0.01708756100958908]]
