==============================
P8_Energy_1
R->P8
[[0.0, 0.0, 0.0, 0.0, 0.0, 0.0, 0.0, 0.0, 0.0, 0.0, 0.0, 0.0, 0.0, 0.0, 0.0]]
==============================
P8_Frequencies_1
R->P8
[[0.0, 0.0, 0.0, 0.0, 0.0, 0.0, 0.0, 0.0, 0.0, 0.0, 0.0, 0.0, 0.0, 0.0, 0.0]]
==============================
R_Frequencies_1
R->P8
[[0.032033711149322, 0.06061755554321836, 0.051306693109587284, 0.038752843511223066, 0.025989696258240717, 0.01532359967710478, 0.007784502291413852, 0.0032533561932149135, 0.0009734217935176104, 6.430433531042736e-05, -0.00016981052059200457, -0.00015280807637930527, -8.507715796788339e-05, -3.3817633990478285e-05, -8.091572081728194e-06]]
==============================
B1_VariationalHinderRotor_1
R->P8
[[0.0, 0.0, 0.0, 0.0, 0.0, 0.0, 0.0, 0.0, 0.0, 0.0, 0.0, 0.0, 0.0, 0.0, 0.0]]
==============================
B1_VariationalFrequencies_1
R->P8
[[-1.1536103510864026, -1.2396608704057386, -0.5645992520350873, -0.2544820422693611, -0.11210017893206582, -0.047714712206770385, -0.01888461637242649, -0.006260353494904242, -0.0012430745169957106, 0.00031171092030744086, 0.0004864383347929145, 0.00032978270413986803, 0.00013795092574777625, 5.5622253387893354e-05, 1.6859852419853877e-06]]
==============================
P8_SymmetryFactor_1
R->P8
[[0.0, 0.0, 0.0, 0.0, 0.0, 0.0, 0.0, 0.0, 0.0, 0.0, 0.0, 0.0, 0.0, 0.0, 0.0]]
==============================
B1_VariationalEnergy_1
R->P8
[[-0.001624601369262697, 0.001499636402148915, 7.622401476297142e-09, -3.5224283929878333e-09, 8.379775075814295e-09, -9.327194900119053e-09, 7.894214605215549e-09, 2.6460251004089456e-09, -3.629103894514323e-09, 7.083547972202925e-09, -9.105219719917788e-09, 5.208714314371635e-09, 3.5433925004290185e-09, 5.710802754349834e-09, -4.402505621370276e-10]]
==============================
R_Energy_1
R->P8
[[0.0016246108670652454, -0.0014996434291274915, 3.316894415911229e-09, 9.137843830057836e-09, -2.104277328096186e-09, -2.6326947059209615e-09, 3.6793823985124196e-09, -9.31550781879834e-09, -1.8218389938573442e-09, -5.460334917623387e-09, 1.0734566370570606e-09, 1.113980541644524e-09, 6.0403259551558775e-09, 7.501724265772047e-09, -5.134478998596226e-09]]
==============================
R_SymmetryFactor_1
R->P8
[[0.4342974248434886, -4.2949182188975805e-06, 3.100262949661151e-06, 1.3163311662396438e-06, -9.933058838175403e-07, -8.810708624945954e-07, 2.5653013228954e-06, 1.3806543406468625e-06, -1.231001120822393e-06, -8.796554170077148e-08, -8.219154864931443e-07, 1.8588700386228534e-08, 7.29033429535569e-07, 3.2703847807870214e-06, -2.4672638373466047e-06]]
==============================
B1_ImaginaryFrequency_1
R->P8
[[1.0106587420269864, -1.33813749486067, 0.330560421141053, 0.009415159228223205, -0.01559160044793925, 0.004663919623832006, 0.0003187384146922891, -0.00042957459480667435, 9.027779703583387e-05, 1.7277319083685436e-05, -1.4546081516094967e-05, 2.470952977382524e-06, 1.0590519683777564e-06, 2.9079282757185075e-06, -2.5323161109969435e-06]]
==============================
B1_VariationalSymmetryFactor_1
R->P8
[[0.0, 0.0, 0.0, 0.0, 0.0, 0.0, 0.0, 0.0, 0.0, 0.0, 0.0, 0.0, 0.0, 0.0, 0.0]]
