==============================
W0_Energy_1
W4->P2
T_min:200.0 K    T_max:3000.0 K    P_min:0.0001 atm    P_max:10.0 atm
[[-465.52028453000645, 475.01168794584316, -198.95771137423412, 40.552067838271995, 876.7081620797742, -919.3184915115836, 386.0416091352227, -78.76381151616204, -765.1898931926619, 839.8490666614692, -352.0435143557096, 71.79245626047444, 654.9328113024253, -719.5274259393177, 301.7936449413945, -61.543833428639104, -526.5132922604931, 578.393758803489, -242.57641639012758, 49.47833350012489, 395.17058631339415, -434.6407524208922, 182.23413108475785, -37.16806316235186, -276.17855795643766, 303.83486540416345, -127.37547146359995, 25.97742226070585, 178.28936719708315, -196.37662315821868, 82.31353762947359, -16.788420078642645, -105.51662436277293, 116.31988101549081, -48.7405447096715, 9.940612091268804, 56.479900140123505, -62.34288422329655, 26.110067331847517, -5.324012520492261, -26.872002240562495, 29.68705195349804, -12.42797483243126, 2.533915112119246, 11.035845906773744, -12.210528904359961, 5.108187717673218, -1.0413296821489268, -3.731614161848313, 4.131041306073712, -1.72595258094195, 0.35167418394530614, 0.9436100763225497, -1.0439014510327524, 0.4354841370405893, -0.08867426269523548, -0.1393525862226852, 0.15323625428419518, -0.06405163284887294, 0.013073128819428348]]
P1->P2
T_min:200.0 K    T_max:3000.0 K    P_min:0.0001 atm    P_max:10.0 atm
[[-48.940355290475395, 62.7947532162427, -30.939235876221645, 12.703472911280619, 76.04088035801465, -121.92721267317995, 60.08017386017915, -24.66412255906741, -69.45938193159026, 111.40511542050501, -54.902229556648074, 22.533441965924695, 59.617535339110454, -95.54832073527047, 47.08656983283153, -19.326288354915214, -47.903315796598264, 76.77973992944378, -37.83405713982228, 15.530576343808008, 36.01112825771483, -57.6729701951153, 28.416679794277115, -11.665953232113468, -25.178375818164156, 40.31620933224687, -19.862666793367204, 8.155249845296176, 16.285766600581837, -26.058491346768342, 12.836775624235287, -5.271330240276756, -9.649874992668488, 15.437062485138703, -7.603497144994584, 3.1228606902855773, 5.177166741664152, -8.27769377290737, 4.076549144167856, -1.674633384151555, -2.4666756344491887, 3.944853919647379, -1.9424293629130638, 0.7981231286099604, 1.014852370265487, -1.6237692830923862, 0.7994175426722023, -0.3285478348998403, -0.34263959398215604, 0.5498480172336002, -0.27067733170653163, 0.1112653493616449, 0.0862954352171248, -0.13927171606462707, 0.06856588836424748, -0.02818565434849063, -0.012462190664777495, 0.020534113386456262, -0.010114545356785243, 0.004156284181284775]]
W4->P1
T_min:200.0 K    T_max:3000.0 K    P_min:0.0001 atm    P_max:10.0 atm
[[-467.14318776798353, 568.9742056650302, -252.39033650923332, 61.66256533173308, 871.9892759209862, -1097.4044607442215, 489.2325691805083, -119.31690079187331, -756.1979737385841, 1001.3245474893837, -446.6530337336943, 108.90032063126274, 647.797977109641, -858.6947872831125, 383.0609106343039, -93.43157768594514, -520.547468799449, 689.4728651270987, -307.5488863067197, 74.96220411417627, 390.53659787019825, -517.4275053540728, 230.78865501354983, -56.2147384296392, -272.7254469544505, 361.14169438895595, -161.0635063199727, 39.19153546640308, 175.90602046268913, -232.92097105753234, 103.86076242686579, -25.24025201749683, -103.95685696182608, 137.56572190237182, -61.32617785642435, 14.877930319084612, 55.536997636000024, -73.46291398368555, 32.736762998497056, -7.92429516680528, -26.34297009739049, 34.813352321827836, -15.505189427266288, 3.74172940313143, 10.765794019204577, -14.214811580685478, 6.324768199656347, -1.5197324458721084, -3.6089771626735683, 4.757005166080944, -2.113263895772377, 0.5044494926147536, 0.8961630692282512, -1.178788143017755, 0.5217603119308478, -0.12299546970575648, -0.12855650422659437, 0.16825369849361493, -0.07405829020149213, 0.017118701029971817]]
