==============================
P8_Energy_1
R->P8
[[0.0, 0.0, 0.0, 0.0, 0.0, 0.0, 0.0, 0.0, 0.0, 0.0, 0.0, 0.0, 0.0, 0.0, 0.0]]
==============================
P8_Frequencies_1
R->P8
[[0.0, 0.0, 0.0, 0.0, 0.0, 0.0, 0.0, 0.0, 0.0, 0.0, 0.0, 0.0, 0.0, 0.0, 0.0]]
==============================
R_Frequencies_1
R->P8
[[0.019817331012207357, 0.0375414156343688, 0.0318983714017365, 0.02427054316811915, 0.01649166649325465, 0.009942463457772863, 0.005255679840253967, 0.0023727796127851974, 0.0008586775058910712, 0.00020029747137229498, -2.0056519087822723e-05, -5.5473242624490034e-05, -4.127082356444483e-05, -1.8877447490847636e-05, -7.243951423947323e-06]]
==============================
B1_VariationalHinderRotor_1
R->P8
[[0.0, 0.0, 0.0, 0.0, 0.0, 0.0, 0.0, 0.0, 0.0, 0.0, 0.0, 0.0, 0.0, 0.0, 0.0]]
==============================
B1_VariationalFrequencies_1
R->P8
[[-1.0531361940262363, -1.071143953575254, -0.4572296298376667, -0.19459779631677984, -0.08193169465054291, -0.034095507679744064, -0.01374344239165156, -0.004977462668637274, -0.001377913955083683, -0.0001267053594005653, 0.00016607823965563781, 0.00014650205051918672, 7.93591086542625e-05, 2.86280158830755e-05, 7.0069844999101435e-06]]
==============================
P8_SymmetryFactor_1
R->P8
[[0.0, 0.0, 0.0, 0.0, 0.0, 0.0, 0.0, 0.0, 0.0, 0.0, 0.0, 0.0, 0.0, 0.0, 0.0]]
==============================
B1_VariationalEnergy_1
R->P8
[[-0.0016662611702452713, 0.0014579746488890305, 7.147809363475456e-09, -1.339402677118082e-08, 1.0613528218166015e-08, -1.3810106189136693e-08, 7.430772910158324e-09, 1.378215129274766e-09, -8.42307167400732e-09, 8.538555767840103e-09, -9.041602259409106e-09, 8.093422286090902e-09, -6.893752390677055e-09, 5.5378825352616345e-09, -2.574334797301805e-09]]
==============================
R_Energy_1
R->P8
[[0.0016662663593139803, -0.001457983610179149, -2.0442149525462375e-09, 2.738762103393747e-09, 1.1616232170442366e-09, -5.393315492244609e-09, 7.903804619674363e-09, 1.645061335487327e-09, -5.281314720413794e-09, 2.912876315590348e-11, 5.471087688968878e-09, -1.772369466597746e-09, -5.61096896602613e-09, 3.5594310456611874e-09, -1.4078674598188645e-09]]
==============================
R_SymmetryFactor_1
R->P8
[[0.4342949902577888, 5.760814726158406e-07, -5.455824782392281e-07, 2.0370577383795285e-06, 1.6316942089982492e-06, -1.9053843583954806e-07, 1.2542090151645533e-06, 7.972470849498138e-07, 1.6008212736679037e-06, -5.95167364379288e-07, 1.634081032276075e-06, 1.2882600136748247e-06, 7.133870758324669e-07, 8.273914056156849e-07, -9.589275269511384e-08]]
==============================
B1_ImaginaryFrequency_1
R->P8
[[1.0304757746592776, -1.3361970171599327, 0.31297034414588526, 0.010786196929912721, -0.015078943087043708, 0.004047693663594928, 0.00038275763290352175, -0.00038729780941713807, 6.17074022824177e-05, 2.8261516586709616e-05, -1.8501611632654484e-05, 1.0622904299176366e-05, -1.0000944371163073e-05, 7.055376935269007e-06, -4.518758183500352e-06]]
==============================
B1_VariationalSymmetryFactor_1
R->P8
[[0.0, 0.0, 0.0, 0.0, 0.0, 0.0, 0.0, 0.0, 0.0, 0.0, 0.0, 0.0, 0.0, 0.0, 0.0]]
