==============================
B1_Frequencies_1
P1->P2
[[-0.4058465501156556, -0.43737985438072063, -0.1418666600189054, -0.041172939346225214, -0.012269113178036296, -0.0029119185370246447, -0.00024345233826591505, 0.0002061443493154762]]
==============================
B1_Energy_1
P1->P2
[[-0.0016662713940457574, 0.0014580033838066163, -2.5196793864969122e-08, 6.128697535458325e-09, -1.1566366641720434e-08, -1.6088290961266922e-08, 1.2696842260059391e-08, -7.3271875691345945e-09]]
==============================
P2_Energy_1
P1->P2
[[0.0, 0.0, 0.0, 0.0, 0.0, 0.0, 0.0, 0.0]]
==============================
P2_Frequencies_1
P1->P2
[[0.0, 0.0, 0.0, 0.0, 0.0, 0.0, 0.0, 0.0]]
==============================
P1_SymmetryFactor_1
P1->P2
[[0.4342901690576713, 1.2735450425110319e-05, -7.610279946538117e-06, -1.198440298534122e-06, -1.306733377989515e-06, -6.745546353228284e-06, 4.134218670067808e-06, -7.084329320493744e-06]]
==============================
P1_Frequencies_1
P1->P2
[[0.055442784118814877, 0.09732103410951357, 0.06580988345963074, 0.034269384056663146, 0.013403489520463115, 0.0036171151872493343, 0.0004515785758811615, -0.00018532921707368024]]
==============================
B1_ImaginaryFrequency_1
P1->P2
[[2.492039251342679, -3.01540439570631, 0.3503903686199042, 0.27012658082463503, -0.04841116432876826, -0.03474382090961952, 0.013745497200625434, 0.006843722919628714]]
==============================
P2_SymmetryFactor_1
P1->P2
[[0.0, 0.0, 0.0, 0.0, 0.0, 0.0, 0.0, 0.0]]
==============================
B1_SymmetryFactor_1
P1->P2
[[-0.43429287041126063, 1.3360015115235806e-06, 2.340716727425442e-06, -4.250467591486183e-06, -6.447278060537869e-06, -3.7045961482921324e-06, 2.0805641454076416e-07, -2.4080476537132196e-06]]
==============================
P1_Energy_1
P1->P2
[[0.0016662568741685692, -0.0014579556164365495, -1.4584316467679033e-08, -5.554568285770844e-09, -7.038864740935514e-09, -1.8396056301654055e-08, 1.1644804865941894e-08, -1.4381325570126744e-08]]
