==============================
B1_Frequencies_1
R1->P1
[[-0.7299295321849789, 1.292874297594163, -0.9603054638989634, 0.5706388788242229, -0.2633517678046633, 0.0853569810045944, -0.016635841809598474, 0.7821419133931891, -1.4653109497430024, 1.0882849424294827, -0.6462932090345166, 0.29806523444803895, -0.09649714069974298, 0.018751585160107324, -0.09539149934610296, 0.13789988978389198, -0.10207680669335394, 0.060391932189863884, -0.02760242869712787, 0.008864627466806463, -0.0016727798820993713, -0.02230500129109611, 0.018300289023387106, -0.013744870835535031, 0.008292180859064743, -0.003907722905961149, 0.0012995441345464672, -0.000252495255811419, -0.004796970534149266, -0.0038715402070365543, 0.0029821087963624172, -0.0019018265386807932, 0.0009627237092585772, -0.0003445357913976057, 8.089774262841975e-05, -0.02529336522184793, 0.03953808970512119, -0.029465888954644633, 0.01758282350821514, -0.00817036037032317, 0.0026699545404995496, -0.0005235533899720645, 0.002892478872029535, -0.008071405833312048, 0.006105559903936653, -0.0037820511836634224, 0.0018376543946310366, -0.0006449652444329606, 0.00014041797843481954, -0.010680864446602501, 0.018442765025526615, -0.013747846935324822, 0.00823450816301939, -0.003838322711632444, 0.0012657843771733414, -0.0002547008505106165, -0.0008214789170815874, 0.0011937982841701486, -0.0007654088962648082, 0.0003220923606144553, -4.583817768766108e-05, -3.378360633823101e-05, 3.093393411081645e-05, -0.00662291939606475, 0.012120792682795487, -0.008932550813117668, 0.0052598126882425645, -0.002373745829880329, 0.0007528476937320343, -0.00013910937042234907]]
==============================
B1_Energy_1
R1->P1
[[-7.889869616797436e-05, 0.00014055766403506584, -0.00010480965764961042, 6.248176417943571e-05, -2.9148124436969734e-05, 9.532899211618997e-06, -1.931297766223344e-06, 6.546750520834135e-05, -0.00012188316932828905, 9.099905078127067e-05, -5.418734896737534e-05, 2.5370573095171013e-05, -8.300147688803873e-06, 1.7155504159855706e-06, 6.410717824491911e-05, -0.00011847998167845485, 8.728640345515491e-05, -5.153882905106942e-05, 2.3217388571972868e-05, -7.365485505214529e-06, 1.2822045039961886e-06, -6.930672644907183e-05, 0.00012455616039812916, -9.203553719183112e-05, 5.461262876419273e-05, -2.4840460404769108e-05, 7.988510328639673e-06, -1.4429376600185407e-06, 6.412522560814279e-05, -0.00011685448448665743, 8.627874638029873e-05, -5.110059060771494e-05, 2.319057165882921e-05, -7.412005412466459e-06, 1.3327095949179182e-06, -5.2222886951856947e-05, 9.466015560419699e-05, -7.013351870151139e-05, 4.180022074885488e-05, -1.9178220123623514e-05, 6.23440275549932e-06, -1.1673794721135421e-06, 2.467050108302968e-05, -4.502697934105328e-05, 3.376688461940707e-05, -2.061137382681108e-05, 9.793971374204911e-06, -3.345134035151924e-06, 6.883022577915846e-07, -2.069511641947034e-05, 3.7851656400824544e-05, -2.8490922660456633e-05, 1.7473008028843395e-05, -8.373551903359178e-06, 2.893883092970688e-06, -6.139903459203705e-07, -1.0937844609721416e-06, 1.893895017107828e-06, -1.20159641774662e-06, 4.4705469466884014e-07, -1.0960669172767616e-08, -9.652947355512119e-08, 7.579160907362627e-08, -1.025170278162631e-06, 1.970791894694201e-06, -1.5516977849121633e-06, 1.039330883811248e-06, -5.643545723313431e-07, 2.3307007283271108e-07, -7.633717348041642e-08]]
==============================
B4_Energy_1
R1->P1
[[-1.9955278809187808e-05, 3.553302936871967e-05, -2.57438406795963e-05, 1.4827506192516765e-05, -6.365596211446123e-06, 1.9008151679008775e-06, -2.7498505684071807e-07, 3.649804960708043e-05, -6.684668622039204e-05, 4.824607563563923e-05, -2.7598222825399468e-05, 1.1694777205461472e-05, -3.4221657007726657e-06, 4.6387116203875707e-07, -3.30269355838198e-05, 5.877476166324256e-05, -4.2331162075568785e-05, 2.414438338054817e-05, -1.0169171615144547e-05, 2.950970246667851e-06, -3.845432608957429e-07, 3.17061684368432e-05, -5.783411161439092e-05, 4.1723486055310536e-05, -2.384263761825371e-05, 1.0078244689449598e-05, -2.9360124872777514e-06, 3.855717425674676e-07, -1.872888325424854e-05, 3.334031746883897e-05, -2.3894116412099963e-05, 1.3555726276969043e-05, -5.609348441861364e-06, 1.6020718895234514e-06, -1.777609957707877e-07, 1.3825973298527674e-05, -2.5238976764142138e-05, 1.8050733448329728e-05, -1.0208058969520498e-05, 4.186481147693627e-06, -1.177235441099038e-06, 1.1405315050480372e-07, -1.4783507214318412e-05, 2.6475385953949975e-05, -1.906361908875264e-05, 1.0867089337543153e-05, -4.551189302822686e-06, 1.3182387014583922e-06, -1.5073594695069442e-07, 1.1569334562667515e-06, -2.0990467807754045e-06, 1.085998293643451e-06, -2.422940197874604e-07, -2.4285933644578065e-07, 2.129768184683859e-07, -1.1306967725628682e-07, -1.09751816864756e-05, 1.979990805579011e-05, -1.448952884789056e-05, 8.461385888473274e-06, -3.719907067798392e-06, 1.1487041607541994e-06, -1.684656817754785e-07, -9.847051919781665e-06, 1.7759022791942047e-05, -1.30921947262638e-05, 7.689667086193764e-06, -3.4712949984307188e-06, 1.0912330927883897e-06, -2.0175943001263172e-07]]
==============================
W1_Frequencies_1
R1->P1
[[0.010020501057956606, -0.018216197283940784, 0.013595229033506767, -0.008178633815298608, 0.0038292926393479424, -0.0012743866287367538, 0.0002578616142411091, -0.021550363386093584, 0.039153828788770266, -0.02923392140323615, 0.017574874132802065, -0.008229692160304477, 0.0027361858288109477, -0.0005527511080019021, 0.021109544981118816, -0.03836178837224095, 0.028606808502878864, -0.017184255278113902, 0.008025860152553363, -0.0026626931321357254, 0.0005347960730218419, -0.025598189386378613, 0.0464830399551147, -0.03461522892877472, 0.020733941246273264, -0.009642371444735403, 0.003181176856262433, -0.0006309390024503228, 0.028017316445917265, -0.050856904932399485, 0.03779794381785836, -0.022575506124338823, 0.010444189932007025, -0.003421370343782769, 0.0006684505625131964, -0.031011292703664397, 0.05627166833934835, -0.04178266735616794, 0.024915596552509234, -0.011494777286603907, 0.003753886224351521, -0.0007273427739969291, 0.03275971105632637, -0.05942705099007806, 0.04407104455540951, -0.02622974163112861, 0.012058918002149557, -0.003919744265714306, 0.0007506298275570786, -0.03207093532899096, 0.05816856228259544, -0.04311808821458561, 0.025644382773372453, -0.011772262240932743, 0.0038205979048792516, -0.0007272989978602489, 0.022748627610342145, -0.04125677406413932, 0.030564892506194197, -0.01816413622665982, 0.008326637783431231, -0.0026977318401655813, 0.0005116418082597235, -0.0139858183832451, 0.025364129887802962, -0.018790862081844696, 0.011167590121235048, -0.005118457912569621, 0.0016583601544928942, -0.0003140829563217582]]
==============================
B3_Frequencies_1
R1->P1
[[-0.10747572861105742, 0.07175071212148659, -0.052923192333584675, 0.031128515632892893, -0.014053439735316257, 0.004433551090590005, -0.0007885942119825895, -0.01383342137507573, -0.13081185047932917, 0.09630765704860528, -0.056664693770076074, 0.025492765898792288, -0.008040438655864733, 0.0014133840180542325, -0.0906908772750369, 0.11813092251526729, -0.08697457453215764, 0.051095965870958514, -0.022967440097746223, 0.007221566127546514, -0.0012645825704655097, 0.05130477588083454, -0.08959616996068155, 0.06591968226518573, -0.03866546821628132, 0.017339167915472176, -0.005430647842084346, 0.0009455511654837301, -0.03214023109510299, 0.0710951807348077, -0.05228771947103423, 0.030683441283469493, -0.013752118912748317, 0.0043103283834161525, -0.0007456804201598373, 0.03371748576244236, -0.05124938283555854, 0.03769369746818244, -0.022100407541112654, 0.009900921212536778, -0.003096591088899874, 0.0005342269862598461, -0.014869786576032799, 0.032283721965794106, -0.023709250680473568, 0.013880277961707264, -0.00619265440381209, 0.001929682725294028, -0.0003252010636252727, 0.008113181343076386, -0.012081134012781046, 0.008787362461536904, -0.005053950168013659, 0.002186002858877609, -0.0006489101506294748, 9.204042069037546e-05, 0.0001499816791258096, 0.0007521291040807376, -0.0005549042493568449, 0.00032990773691603264, -0.0001446130846572219, 4.603431998041999e-05, -5.969415147492406e-07, -0.003589250402182827, 0.0070210640476546515, -0.005155742088634914, 0.00301073432594867, -0.0013452314529650345, 0.00041795688407639866, -7.797690843282217e-05]]
==============================
R1_Frequencies_1
R1->P1
[[0.2535828651394383, 0.0003034462073671188, -0.00012297372846197953, -3.0195607158078447e-05, 7.547320744999356e-05, -5.145796498384078e-05, 1.1446223886316501e-05, 0.3882687110086546, -0.0056038272730124725, 0.0039554508454098134, -0.0021519221536707676, 0.0008620268678604747, -0.0002237629641318306, 3.1796052381199217e-05, 0.1940826288444743, 0.004526998145091125, -0.0032356585318677814, 0.0018086642018767317, -0.0007647098853204833, 0.00022172145229424202, -3.892650327696004e-05, 0.08002757805686617, -0.009496509834956026, 0.006845048045353652, -0.003868537450267624, 0.001639556285345959, -0.0004709888786957304, 7.289303251676223e-05, 0.022426958224597022, -0.001985461271046151, 0.0015534216981175199, -0.0010070074738785903, 0.0005149109342264288, -0.00018781040251670387, 3.75176030381256e-05, 0.002780768668891516, 0.0019719748541860795, -0.001512562907418637, 0.000953324034482711, -0.0004725211647560111, 0.00016849266864747486, -3.295600252108842e-05, -0.0007653767552049997, 0.001192492644747287, -0.0008863814743891443, 0.000526273035907209, -0.00023802207742360098, 7.657593468912561e-05, -1.323594023234584e-05, 0.002562790054487134, -0.005351462133286026, 0.003954881793177313, -0.0023358229687253677, 0.0010551925813302725, -0.0003346636903868991, 5.4561976201050986e-05, -0.006084011826122384, 0.010768287153433274, -0.008031711485748392, 0.004823450818214047, -0.0022393028981465535, 0.0007386257485630111, -0.0001337460575720584, -0.0008486652198887866, 0.0014411018507557412, -0.0009589437598532745, 0.0004587108880361151, -0.00013469725113968625, 1.1043216417331819e-05, 3.664035447576375e-06]]
==============================
B2_Frequencies_1
R1->P1
[[-0.18936882437698466, 0.03378300095721289, -0.02495311502831609, 0.014733401721855688, -0.006698057550188541, 0.0021378882785070986, -0.0003941544494390881, -0.24123497825251336, -0.05283928986570382, 0.03892603130818437, -0.02287602512235377, 0.010310714319109354, -0.003252173724480309, 0.0005779967106288547, -0.1738967680590418, 0.04582244759189811, -0.0337486421925723, 0.01983765781550263, -0.008941320074203913, 0.0028204680246358095, -0.0005035298534884722, -0.0338856262692728, -0.05033502690344824, 0.03705712084562057, -0.02174893750928239, 0.00977907681263521, -0.00306820867151452, 0.0005399400095510136, -0.0390562173856238, 0.03482373043733054, -0.02559325660217606, 0.014979787562759425, -0.006691424925556051, 0.0020835643878943117, -0.0003555369756565537, 0.014396968898003308, -0.03422259347389717, 0.025041011870748885, -0.014537715349869201, 0.0064049111827539345, -0.0019479657742139088, 0.0003179715394473438, -0.016266255822618626, 0.028780047574845584, -0.02101090275047606, 0.012140581307770536, -0.00530159349008037, 0.0015906287434398635, -0.0002486593247947331, 0.006866101847989849, -0.011575061756353717, 0.008344090036409598, -0.004709568921920114, 0.001965095383848557, -0.0005419064809872644, 6.234797392688322e-05, -0.0033970499390850845, 0.00665141675995508, -0.004840672743648136, 0.0027775523318314525, -0.0011931931531112285, 0.0003462400908777854, -4.410945644226056e-05, -0.0007208183782850638, 0.0018586131745071527, -0.0013893503990653967, 0.0008377913088799869, -0.0003993966067207268, 0.00013818888451861113, -3.332472936023736e-05]]
==============================
B4_SymmetryFactor_1
R1->P1
[[0.0027292834039756566, -0.007894359902261996, 0.005898923127214813, -0.0035747372407270964, 0.0016752623204870224, -0.0005675962773029123, 0.0001124073401593169, -0.005604425785914809, 0.004982629371493902, -0.003958912956903846, 0.0026901766098309725, -0.001446673841129445, 0.00058746854090482, -0.00014835516333299795, 0.006245259445215459, -0.01613794694962857, 0.012154650986948656, -0.00745838919873589, 0.003569065226618671, -0.0012380974546755547, 0.0002589475955000871, -0.007878353522818508, 0.01077403043792723, -0.008207901266966178, 0.0051513475907941295, -0.0025421399962445527, 0.0009218201182918172, -0.00020714514676514758, 0.004319891515595132, -0.010781733675746608, 0.008203582219245146, -0.0051271167586644135, 0.002519074260191307, -0.0009024155277911583, 0.00019779298683924714, -0.007349011306392835, 0.011401670251065572, -0.008596691803720554, 0.005289231524690755, -0.0025441379460567647, 0.0008897638757714704, -0.0001881904021810566, -0.0006581167628428715, -0.00033893244393073805, 0.0004295080411627739, -0.00046528278536747615, 0.0003584264127992408, -0.0001895162836317488, 6.344332534192575e-05, -0.0007879474677403566, 0.0005041744342348803, -0.0005205820238180936, 0.0004774252440488053, -0.00033761009344989167, 0.00016958169809139415, -5.7110158652052196e-05, -0.004301234972382685, 0.007229094390310012, -0.0052936069456519675, 0.0030649493202822777, -0.0013420488052660457, 0.00040097604089880473, -5.356267338717882e-05, 0.0007126712250491594, -0.0017600839436857651, 0.0013086850408552167, -0.0007767428554382936, 0.0003540784501975781, -0.00011164853311753066, 1.381139497707079e-05]]
==============================
B1_SymmetryFactor_1
R1->P1
[[-0.18646263198280189, 0.3308946121370992, -0.24551523230674707, 0.14563793062525207, -0.06700281115478403, 0.02162565821818426, -0.004168592222650563, 0.2176940405522762, -0.4051414447435213, 0.3002059365779759, -0.17764799874340748, 0.08138564167028686, -0.026114604493263593, 0.004957585015933344, -0.057457925302073894, 0.09602303841052037, -0.0705698876176367, 0.04121808325140818, -0.018417999927362632, 0.005710074874113994, -0.0009834967176170551, 0.03454709280478029, -0.0672225919310274, 0.04923951385010699, -0.02858676517438506, 0.012639077171505801, -0.003851571563919674, 0.0006336856081928095, -0.03142785088448784, 0.054014788827477525, -0.039559460428147473, 0.022948585667979117, -0.010137461445138128, 0.0030875650675384237, -0.0005060473971339561, 0.021899958858443407, -0.040817963340933204, 0.02979973995892816, -0.017197995861061577, 0.007521555889907697, -0.002254874617653212, 0.00035391994760530657, -0.018549278516834578, 0.03288984085514621, -0.024054700282490148, 0.013902280882807077, -0.006110504917572899, 0.001843004347332489, -0.0002963350037471487, 0.011326763336432564, -0.020583173857178446, 0.015023533761689073, -0.008649702203003831, 0.0037773875450714902, -0.0011260869793280597, 0.0001717690951747065, -0.007245981784428352, 0.013064411115270859, -0.009647369771067761, 0.00567033046212483, -0.0025652828581746896, 0.0008090453288932882, -0.00013836217565830407, -0.00034585449251522645, 0.0006667097481142752, -0.00045718731399103, 0.00024913648320151223, -8.735321534860642e-05, 2.013573256840946e-05, -3.636578585335344e-06]]
==============================
colrel_Sigmas
R1->P1
[[-0.22882258428874475, 0.4145107874639632, -0.307841256895327, 0.1828501690690271, -0.08434870312454495, 0.02731654404966147, -0.005323268699585839, 0.2648376752097894, -0.4797191272087003, 0.3560367003981711, -0.21131675215720636, 0.09730705112308517, -0.031458097105468256, 0.006097439231041028, -0.04657354044636228, 0.0843671373792387, -0.06228857539074251, 0.036788252988666385, -0.016723295447326692, 0.005341704460047819, -0.0010014150827000502, 0.02246958711460201, -0.04068908715081193, 0.02998059941546401, -0.017656372615061335, 0.007994999851308783, -0.0025388586657657582, 0.0004780231480133118, -0.024629384990392713, 0.04459601676336706, -0.03282508831462866, 0.01930862143830244, -0.008702353031521587, 0.0027530344022002463, -0.0005012659575280703, 0.013447462566597209, -0.02434593591046201, 0.017862206340953556, -0.01046781475309611, 0.004678133281359975, -0.0014646147313865424, 0.00025899648781791914, -0.015363090569616825, 0.02779532382616148, -0.020426113628017134, 0.011968890228370239, -0.005360926735993759, 0.0016774401171058334, -0.00029429122308971865, 0.004375065538171914, -0.007894088600879798, 0.005725593408287693, -0.0032867261464063326, 0.0014151966789532659, -0.00041846699539101325, 6.20976428998795e-05, -0.0006110833138660626, 0.001114817451084355, -0.0008359186490899501, 0.0005106888067432753, -0.00024168464593813557, 8.440183763239291e-05, -1.5374250514969695e-05, -0.005058789779293083, 0.00915933916575234, -0.006760239557881824, 0.0039860373933460385, -0.0018031645240658175, 0.0005725944093714699, -0.00010242054658851628]]
==============================
W3_SymmetryFactor_1
R1->P1
[[0.13862438572878055, -0.2511693630629822, 0.18650475608022749, -0.11081856133015755, 0.0510889202752131, -0.016555633168485948, 0.0032063359481338633, -0.1653533273360501, 0.29963169203193496, -0.22243292219399724, 0.13217844045773786, -0.06088340607380512, 0.019733692204935593, -0.0038011935634998575, 0.03843274013958374, -0.06972531489758958, 0.05168580882038746, -0.030761759704401117, 0.01411861709486695, -0.00459114847225364, 0.0008649226918675041, -0.027232001754153346, 0.049425199788507124, -0.036689020047466055, 0.021887978591380843, -0.010093123665238323, 0.003302537686016763, -0.0006356400087980622, 0.026000191330955685, -0.04718967541724474, 0.035004872223935765, -0.020867997129200073, 0.009604927159291246, -0.0031350372086340543, 0.0005997809083512808, -0.025150350066419847, 0.04563406498227516, -0.0338187855128023, 0.020130304162127584, -0.00923930645300374, 0.003006236932445382, -0.0005703175975468613, 0.024918327701316696, -0.04518944695308868, 0.033475406041915276, -0.019892085262777564, 0.009120644330461282, -0.0029565099754120198, 0.0005629352386853776, -0.024599200791828795, 0.04461774777812188, -0.03305979073916464, 0.019656916155785884, -0.009015279643111601, 0.002924745001818441, -0.0005541745470410536, 0.012347503267296823, -0.02238445785799976, 0.01656225464020407, -0.009819918594287014, 0.004492435348845726, -0.0014483111266561485, 0.0002772345038897072, -0.004429198110161472, 0.008043471376182262, -0.00598223451093318, 0.003582541702639809, -0.0016668191568828539, 0.0005516307644852295, -0.00011366158620277673]]
==============================
B3_SymmetryFactor_1
R1->P1
[[-0.16359544968605375, -0.05121327033359691, 0.03807045068515839, -0.022761416856232456, 0.010533431920508351, -0.003448960139291663, 0.0006667454593922882, 0.05730083316753087, 0.056259210143317785, -0.04209100881615538, 0.025374898775081003, -0.011925081682177574, 0.003980472207633491, -0.0007973504645433496, 0.03658763722968481, -0.04233113570707833, 0.03159569485112325, -0.01899581636018025, 0.00885687616523487, -0.0029285895094477675, 0.0005648419571924922, -0.018242395745278344, 0.04310637967044917, -0.03217842942331948, 0.019361536507997653, -0.009045675515147414, 0.0030016762534938028, -0.0005881288853010772, 0.02400191535397146, -0.03798203119997552, 0.02838504716997793, -0.017104963027134996, 0.00801653340138785, -0.002669813951624548, 0.0005271254096333884, -0.02301832999677662, 0.04478244982178819, -0.03331195278049018, 0.019930242391947038, -0.009228912305985536, 0.003026967401399486, -0.0005807877504367516, 0.016714571959584795, -0.028866908533235088, 0.021596102999157017, -0.01304415134576243, 0.006138538603469194, -0.0020560326398747853, 0.0004148311753513278, -0.010020116728255325, 0.019003292297383078, -0.014282227599612023, 0.00869849955214507, -0.004145922590380812, 0.0014146029456977088, -0.00029624925705828563, 0.004251507902546935, -0.007455764385256815, 0.005645665837868691, -0.0034861221181577665, 0.001700077916773527, -0.0005969514743351715, 0.00013569414845130632, -0.0016686035354645313, 0.0031790049377391364, -0.0023759729775266318, 0.0014377863717757312, -0.0006823333115849443, 0.00023334506447607103, -5.3516231076950476e-05]]
==============================
W3_Energy_1
R1->P1
[[-2.975190998413769e-05, 5.3788143358620995e-05, -3.919746485489892e-05, 2.275122980811737e-05, -9.910964822882786e-06, 3.0206583385035446e-06, -4.547370478277927e-07, 8.453282856966718e-05, -0.00015292471765863727, 0.00011215861000993083, -6.561485287847491e-05, 2.9166232880259288e-05, -9.09092166629568e-06, 1.5187491785089665e-06, -0.00011258119386757793, 0.0002037343879955846, -0.00014995619687671195, 8.8098433622265e-05, -3.9580017902102405e-05, 1.2472501414590694e-05, -2.18400678895969e-06, 0.00010119059565814984, -0.00018314070990112916, 0.0001348245908021293, -7.92441672577177e-05, 3.5622889298445395e-05, -1.123726259430516e-05, 1.9696536861883097e-06, -8.482893436079184e-05, 0.00015352799510287804, -0.00011301170299031854, 6.64162152699941e-05, -2.9843595566120647e-05, 9.413552204850061e-06, -1.6437750035931798e-06, 7.502067164889459e-05, -0.00013576837729279697, 9.991701798212977e-05, -5.869383464188019e-05, 2.6348385503623638e-05, -8.29673900548653e-06, 1.4376470860312182e-06, -6.0633365870097545e-05, 0.00010971328359797744, -8.06926205709922e-05, 4.7350651550294795e-05, -2.1209941479128348e-05, 6.659004825011925e-06, -1.1389354069197168e-06, 4.0105469657144816e-05, -7.25571679639767e-05, 5.3334531373737825e-05, -3.126558507600121e-05, 1.3978105946770184e-05, -4.378075051386906e-06, 7.402164570222605e-07, -3.413708764808895e-05, 6.176010983171077e-05, -4.540100173596237e-05, 2.6613168451132245e-05, -1.1896221589773927e-05, 3.72071161667153e-06, -6.266325603299198e-07, 1.3486750412731716e-05, -2.4399180244097484e-05, 1.7922985493199e-05, -1.0497453605698313e-05, 4.6812361004907356e-06, -1.4619987231662995e-06, 2.420559675523799e-07]]
==============================
P1_Frequencies_1
R1->P1
[[0.0, 0.0, 0.0, 0.0, 0.0, 0.0, 0.0, 0.0, 0.0, 0.0, 0.0, 0.0, 0.0, 0.0, 0.0, 0.0, 0.0, 0.0, 0.0, 0.0, 0.0, 0.0, 0.0, 0.0, 0.0, 0.0, 0.0, 0.0, 0.0, 0.0, 0.0, 0.0, 0.0, 0.0, 0.0, 0.0, 0.0, 0.0, 0.0, 0.0, 0.0, 0.0, 0.0, 0.0, 0.0, 0.0, 0.0, 0.0, 0.0, 0.0, 0.0, 0.0, 0.0, 0.0, 0.0, 0.0, 0.0, 0.0, 0.0, 0.0, 0.0, 0.0, 0.0, 0.0, 0.0, 0.0, 0.0, 0.0, 0.0, 0.0]]
==============================
B2_SymmetryFactor_1
R1->P1
[[-0.24523195769677666, 0.030764219133515375, -0.022635302563778083, 0.013289237259400902, -0.005978102362668266, 0.001879974417668742, -0.00033702095385574715, -0.06356144704034304, -0.03153532238718544, 0.022921689568299423, -0.01319743806447972, 0.005712811647692054, -0.0017030223884814766, 0.00025745775082113427, -0.0028668514334889987, -0.00941075157360673, 0.007283146734134632, -0.004562819779625878, 0.002324792802806151, -0.0008379965418561281, 0.00020813347374558643, -0.0020622195373977935, 0.001122423860931173, -0.0011297500486827992, 0.0009196926306315595, -0.000654617765792654, 0.0003049389461656402, -0.00010769204947584063, -0.004747669980245556, 0.007714386134546254, -0.00537682897915178, 0.0028913982478017517, -0.0010563828638595952, 0.00023370260204677983, 1.2981155839516933e-05, 0.003126165292277669, -0.005588017432294403, 0.003810505212071969, -0.0019601715630818747, 0.0006395390172336926, -9.761760787982122e-05, -3.473045769966344e-05, -0.003965516528138087, 0.007351534689258573, -0.005159129627617868, 0.002786712593472562, -0.0010472125143851311, 0.0002421260366170569, 9.437211000570958e-07, 0.0001322633182237899, 0.0001514282689515215, -0.0003140588959685445, 0.000379815667111296, -0.00033539687982569945, 0.00017848628026208524, -6.8346691196018e-05, -0.002657407399838439, 0.005003561907566765, -0.0036311814000959813, 0.002082190374657197, -0.00088429366581169, 0.0002551472388527957, -2.5549324787742547e-05, 0.0005688704410082437, -0.0007687007359393031, 0.000550839737519534, -0.0003060640317427641, 0.00011926854838999243, -2.6683967995971027e-05, -6.4040603962243936e-06]]
==============================
B4_Frequencies_1
R1->P1
[[-0.01620578930310417, 0.024884455406144528, -0.018282765976658982, 0.010691878583262355, -0.004796344775771129, 0.0014969004455965954, -0.00027152770246881427, 0.020370974885591777, -0.044904249174126956, 0.032971331913243286, -0.019223306748652146, 0.008597855381529683, -0.002664197385049594, 0.0004775177327726039, -0.02303562340345592, 0.03440076202102813, -0.025257735131372108, 0.014749667248930117, -0.006604662666419717, 0.0020539904021916232, -0.00036984198810662705, 0.014690277531803478, -0.03218319499123261, 0.023618049186774116, -0.0137617468279187, 0.006143089864619219, -0.0018975795945480824, 0.00033727607056148446, -0.01683091350313016, 0.02595440267206837, -0.01908589314069069, 0.011172380632352475, -0.005019135210536595, 0.0015694737320182438, -0.0002844053207978789, 0.010878183410451788, -0.022850722825019577, 0.016712969816321668, -0.009686175529449592, 0.004280319451227193, -0.0013024557701401456, 0.00022658385243060875, -0.013468596225948445, 0.02197830277728822, -0.016094386731349348, 0.009353879084635282, -0.004145900279146179, 0.001272121008346501, -0.00021959509977147377, 0.011263657511663257, -0.021982879487688758, 0.016046353113282952, -0.009276192703182681, 0.00407117681180725, -0.001229783978748691, 0.00019961788531935257, -0.01200788117919644, 0.020824972507589277, -0.015319811113257791, 0.008984286475263321, -0.00403406078297249, 0.0012663048402306724, -0.00021874917370343495, 0.00013557755785809504, -0.001055527725905906, 0.0007805205636894549, -0.0004654111421521203, 0.0002184481088680463, -7.506806121624065e-05, 1.3298560667611815e-05]]
==============================
W1_SymmetryFactor_1
R1->P1
[[-0.028779726371964014, 0.0520266985470756, -0.03822133094385444, 0.022348752993747095, -0.009978848825851061, 0.0031070720254458848, -0.0005330296992956495, 0.05584832660126714, -0.10096736767015461, 0.07416891034602212, -0.043371053095052216, 0.019364500992551378, -0.006031194462999017, 0.001035511580171695, -0.05432371373136093, 0.0982090795664169, -0.07214746788689845, 0.04218983952565202, -0.018837007194965668, 0.005866574789352272, -0.001005300760734194, 0.04890897585475656, -0.08841969466350699, 0.06493518724997757, -0.03795807203178462, 0.016931612062273674, -0.005266840037041125, 0.0008980864706933613, -0.04396908752926878, 0.07949033765074517, -0.05837396031811727, 0.034121590799283896, -0.015215765598254515, 0.004732964623449543, -0.0008043410613990308, 0.0360174191299434, -0.06511429989358748, 0.047800998879634495, -0.027929959287558592, 0.012441287251045622, -0.0038644475687112543, 0.0006522428203645914, -0.031673577691430026, 0.05726682003772808, -0.04204228554645347, 0.02457158581340589, -0.01094527212329927, 0.0034011969481827706, -0.0005720607632250602, 0.019689605153174236, -0.03559235803482376, 0.026101731700455197, -0.015230050068823059, 0.006761510562438196, -0.0020923190457677954, 0.00034607270997068397, -0.015621962279540309, 0.028245600811655648, -0.020728449334475048, 0.01210951270386928, -0.005385980574662108, 0.0016705101818901423, -0.0002773709582250958, 0.005350406377435427, -0.009669722937172472, 0.007078833886800346, -0.004120199130498346, 0.0018189924668195587, -0.0005590186838309384, 8.94878496552108e-05]]
==============================
colrel_PowerOne
R1->P1
[[0.019453562396449797, -0.0353396835416013, 0.02628398821463783, -0.015738003783931746, 0.007292081351307836, -0.0024002144356805293, 0.0004648922822580309, -0.11907068897923229, 0.21578594250191804, -0.16075228751322793, 0.0958569479457277, -0.04458086947168222, 0.014566595133658523, -0.0029046556723541766, 0.08842831027256255, -0.16031717236707782, 0.11931412158826478, -0.07114830923756997, 0.03300551796736988, -0.010780542161934019, 0.002125083783056647, -0.0016902626820750402, 0.0032095917024039036, -0.0024786777442592674, 0.0016778565352434244, -0.0008554651041305442, 0.0003408906894455943, -7.317812411623175e-05, 0.020899450084615433, -0.03795385471020365, 0.028435057291188986, -0.017127246107243033, 0.008092616180218008, -0.002700720931277617, 0.0005621881475872774, -0.025801494313959297, 0.04685076831496338, -0.034841418356707614, 0.020837658195171516, -0.009654177087768945, 0.00317051630161682, -0.0006185073219569515, 0.015859072137429167, -0.028816181849730237, 0.021482703123264085, -0.012898680907947185, 0.006020757096105323, -0.0019947774035020127, 0.0004006286405215838, -0.01883658838555409, 0.034200910238830415, -0.025461014119535427, 0.015241652912276263, -0.0070836567228160785, 0.0023326104587626482, -0.00046174754413058454, 0.010920851857820907, -0.019827597994280313, 0.014726743194139937, -0.00879489929623908, 0.004064706290902963, -0.0013309280127632417, 0.0002604560761852205, -0.00931726845628228, 0.016899252822935446, -0.012541247514891891, 0.007466027132155897, -0.0034378297821451367, 0.001118108975413576, -0.00021469105675991917]]
==============================
colrel_FactorOne
R1->P1
[[-0.3003231446127795, 0.5438688608710133, -0.4040437552477149, 0.2398993433905601, -0.11072190556474876, 0.03583159582244118, -0.006993309540534375, 0.3296708179296574, -0.5969911542121021, 0.44307751110819044, -0.2628053949474185, 0.12097150152651086, -0.03904991061518817, 0.007552917824166422, -0.027662313028981755, 0.049967886935073896, -0.03663278690441037, 0.021334838055267147, -0.009482423969687374, 0.002922527860455762, -0.0005051038078955856, -0.0003735803332611406, 0.0008567570643788101, -0.000817203754785718, 0.0007796218265085933, -0.0004973978606133789, 0.0002560266680061553, -5.9561886281226964e-05, -0.0031856750781302187, 0.005629236870012365, -0.003911780726042981, 0.002019963771876473, -0.0007256802332564263, 0.00013292637748966947, 5.606243963254047e-06, -0.011460325551348535, 0.020876176454888106, -0.015623823810907968, 0.009471931960201201, -0.004462147703889669, 0.0015077938500132843, -0.0003026929996418548, 0.009021103854700044, -0.016443341478000598, 0.012272697637806203, -0.007434468226698357, 0.0034801517435779183, -0.0011738171811018947, 0.00023173629177206833, -0.019009255279637153, 0.0345146045337652, -0.025622601061125582, 0.015301469434506002, -0.0070502504597779745, 0.002307837805905853, -0.00043904648170764915, 0.016061697769673845, -0.0291195371914839, 0.021504563541901483, -0.012727336454256147, 0.005779558466339698, -0.0018510910257808523, 0.000337860690897776, -0.01504519267647655, 0.027268149154651096, -0.020144482953049082, 0.011918027421188521, -0.005413864110422816, 0.001733710313789889, -0.0003150753410213524]]
==============================
R1_Energy_1
R1->P1
[[0.0016578727797568775, 1.513159628162975e-05, -1.1031229798520851e-05, 6.358409732160632e-06, -2.780673978289928e-06, 8.264195346018467e-07, -1.289455857387904e-07, -0.0014413929890304137, -2.987139492452222e-05, 2.1670858323124968e-05, -1.2384823695398835e-05, 5.327666367823939e-06, -1.545177116401296e-06, 2.2629737250979914e-07, -3.1984495192907236e-06, 5.680101063227342e-06, -3.963648594830593e-06, 2.096297374482484e-06, -7.89605659759437e-07, 1.677256845978147e-07, -4.357670361311969e-09, 3.427424682898123e-06, -6.124144619136462e-06, 4.3545523001333e-06, -2.385620099442929e-06, 9.562110794507224e-07, -2.4047353204627196e-07, 2.225782926844997e-08, 4.86959603789814e-06, -8.887908123488929e-06, 6.686814396244814e-06, -4.085703862054575e-06, 1.9395594586935067e-06, -6.575986138021516e-07, 1.283644039869033e-07, -1.1432599606416439e-05, 2.0750508127705073e-05, -1.5403475130796996e-05, 9.187814723913903e-06, -4.216331448223191e-06, 1.368276473671414e-06, -2.478548445916724e-07, -1.9621317258557345e-06, 3.4895922347283043e-06, -2.4351308295314595e-06, 1.2714500600134978e-06, -4.5674081208905597e-07, 8.892255657480839e-08, 2.637595093240658e-09, -1.1936059987467161e-05, 2.1632599334806107e-05, -1.5998303509307393e-05, 9.474278956218862e-06, -4.306155473610915e-06, 1.3724463250118451e-06, -2.449365804589626e-07, -7.610006762655907e-06, 1.3852381039267195e-05, -1.0390879555924139e-05, 6.30295170085447e-06, -2.97689705035607e-06, 1.0101215482436407e-06, -1.9315040503293142e-07, 1.1228144625393794e-06, -2.0851101912345104e-06, 1.6601901310560506e-06, -1.1105901845693937e-06, 5.97893407138196e-07, -2.3502719607237817e-07, 4.903319281536072e-08]]
==============================
W3_Frequencies_1
R1->P1
[[0.33058833013493977, -0.599030040401404, 0.44510292104396487, -0.2646784061393059, 0.12226368545461015, -0.039687241956376455, 0.0077479110765940095, -0.34579538954397304, 0.6265666473944366, -0.465638082476164, 0.27694016501542834, -0.12794076545359387, 0.0415517614163025, -0.008098258826650013, 0.018786411581174636, -0.0341990925960939, 0.0256364688124592, -0.015545643285169696, 0.007346690395948771, -0.002482898082599816, 0.0005029688480129587, -0.01429365973878634, 0.026032850738799292, -0.019682281506517407, 0.012041034680865864, -0.00582466555618829, 0.002006621776952863, -0.0004419521389437575, 0.015184754847526686, -0.027621610275435544, 0.02068837225777088, -0.01251337655407923, 0.005903724858149704, -0.0019856337492446118, 0.0004042441958310127, -0.0063359733671029305, 0.011593946074947615, -0.008791339896689697, 0.00544946191685981, -0.0026542220647838965, 0.0009355822676566352, -0.00020409473193887416, 0.00860511897249091, -0.015690590129396553, 0.011880634688192915, -0.007301579437885401, 0.0035463894920778664, -0.0012345223956920469, 0.0002735233133835485, -0.012036081692433307, 0.02188401162013543, -0.016339813089492432, 0.009844253435477061, -0.004607431528825206, 0.0015369002047562258, -0.00030638100074481767, 0.004653504884383739, -0.008452539609484009, 0.006313434148134776, -0.0037997826363095374, 0.0017855119637388119, -0.0005966037814125691, 0.00012690383717712674, -0.009103891974216485, 0.01649778417248191, -0.012200626023169868, 0.007226382270271311, -0.003294478717273261, 0.001059156670102801, -0.00019810740733349546]]
==============================
P1_SymmetryFactor_1
R1->P1
[[0.0, 0.0, 0.0, 0.0, 0.0, 0.0, 0.0, 0.0, 0.0, 0.0, 0.0, 0.0, 0.0, 0.0, 0.0, 0.0, 0.0, 0.0, 0.0, 0.0, 0.0, 0.0, 0.0, 0.0, 0.0, 0.0, 0.0, 0.0, 0.0, 0.0, 0.0, 0.0, 0.0, 0.0, 0.0, 0.0, 0.0, 0.0, 0.0, 0.0, 0.0, 0.0, 0.0, 0.0, 0.0, 0.0, 0.0, 0.0, 0.0, 0.0, 0.0, 0.0, 0.0, 0.0, 0.0, 0.0, 0.0, 0.0, 0.0, 0.0, 0.0, 0.0, 0.0, 0.0, 0.0, 0.0, 0.0, 0.0, 0.0, 0.0]]
==============================
colrel_Epsilons
R1->P1
[[-0.04110085923419559, 0.07439810527460762, -0.055027127056239716, 0.03249860373222954, -0.01482565979943849, 0.004741536612142328, -0.0008948886370078486, 0.05125764023812527, -0.09274178395343426, 0.06842935530528949, -0.040276410825131954, 0.018253627876781805, -0.005793625142758281, 0.0010734785436148236, -0.00951925305605848, 0.017144782996786446, -0.012330216403510567, 0.006992592985729315, -0.0029372976738941186, 0.000847088896303836, -0.00011899613898443035, -0.002419857523412133, 0.00447008464842317, -0.0036447832525056097, 0.0024379315817192877, -0.0013561931313257447, 0.0005228225173583157, -0.00013779852749757764, 0.0009932547314502917, -0.0018806271970501576, 0.0016924974314538258, -0.0012569252547372195, 0.0007954245105844218, -0.0003354738377865032, 0.00010195276557561275, -0.003940228961007102, 0.007213035066881759, -0.005594244835211879, 0.003535761055108722, -0.001805789059822067, 0.0006504644966057108, -0.000156612838176767, 0.009869311770607283, -0.017941222042994073, 0.013464218987205491, -0.008143091625284048, 0.003858379025510347, -0.0012926088213560728, 0.00026722070215448644, -0.014468443759418624, 0.026250448310403872, -0.019533848786111772, 0.011667648680853836, -0.005406024021139693, 0.001766457927992869, -0.0003432450496352838, 0.013295086207053554, -0.024108058008253757, 0.017885685654513702, -0.010637031364277927, 0.0048881010611983656, -0.0015818614460099102, 0.00029909226179992634, -0.009253543755290262, 0.01677333728379249, -0.012427363724560173, 0.007375028549052203, -0.003375826248512301, 0.001087496860127764, -0.00020279320270713254]]
==============================
B2_Energy_1
R1->P1
[[-0.0008459996636205721, 0.0002234718606560555, -0.0001651038932717109, 9.745661840434878e-05, -4.430403516623132e-05, 1.4111245699197327e-05, -2.5985362921468464e-06, 0.000615341622408878, -0.0003189287138881267, 0.00023502389023986485, -0.00013815391340671085, 6.231728123301984e-05, -1.9638090093997747e-05, 3.5100507187373416e-06, 2.7911930182115348e-05, 0.0001594071599894467, -0.00011657862102330173, 6.771922176522132e-05, -2.9827728721060946e-05, 9.098828898757441e-06, -1.4645041891468956e-06, 7.654320284375324e-05, -0.00012188383220637468, 8.895469971515583e-05, -5.151219459614308e-05, 2.251911188586022e-05, -6.793047335140332e-06, 1.0411130271862437e-06, -5.071126127857075e-05, 9.184420843304965e-05, -6.678235885955415e-05, 3.8403505658194615e-05, -1.6590716695977907e-05, 4.914426645914901e-06, -7.214815674292381e-07, 2.971775486050906e-05, -5.265741877535792e-05, 3.808524984576649e-05, -2.1701118702951607e-05, 9.192635084326443e-06, -2.6344391466962035e-06, 3.367182360274095e-07, -2.521469676288306e-05, 4.54236370287179e-05, -3.284842552175399e-05, 1.8688102216729253e-05, -7.907382777660352e-06, 2.260637111163283e-06, -2.832657179717175e-07, 1.6699961630124428e-05, -2.961886562562278e-05, 2.13870666632027e-05, -1.2132695565061266e-05, 5.1053584546440615e-06, -1.4371764977494945e-06, 1.5775901778114862e-07, -2.34797025326991e-05, 4.227301751610501e-05, -3.111067678881072e-05, 1.825046429396606e-05, -8.159650919430348e-06, 2.5388949396822185e-06, -4.0095397818523465e-07, -4.443107007732772e-06, 8.183397320946e-06, -6.054796973817752e-06, 3.5992421002817147e-06, -1.654543423398997e-06, 5.443893698699881e-07, -1.163571084818589e-07]]
==============================
B3_Energy_1
R1->P1
[[-0.0006631871290179655, -0.00037157965399273575, 0.00027591457474289736, -0.00016414476557457554, 7.566774896290079e-05, -2.4568332541119342e-05, 4.738021585159348e-06, 0.0006536396092810511, 0.0004985923210654667, -0.00037047632931512314, 0.0002207408055777603, -0.0001019229087864929, 3.319986081327024e-05, -6.41147196953722e-06, 3.572777544493165e-05, -0.00024036540096656386, 0.00017846992735974444, -0.00010640374206847074, 4.90002240781062e-05, -1.5965632420797833e-05, 3.029957572082416e-06, -0.00011442523201671498, 0.00019681013774718172, -0.00014625259134764884, 8.739379372611707e-05, -4.036278592728008e-05, 1.3221323598068432e-05, -2.530034550164835e-06, 0.00011319420046345057, -0.00020563375745007455, 0.00015262620437103412, -9.101388934511496e-05, 4.189837615715917e-05, -1.3654539406030325e-05, 2.5876014028109576e-06, -0.00011637232102180689, 0.0002109276733313831, -0.00015627273535780871, 9.291831603319375e-05, -4.256458538936249e-05, 1.3784503367931815e-05, -2.576078071063836e-06, 0.00010385557100614921, -0.00018866736453151744, 0.00013974506880579736, -8.304587789500395e-05, 3.801403292055769e-05, -1.2289713329639528e-05, 2.2946537934703424e-06, -8.779936189278907e-05, 0.00015924460437806028, -0.0001179335011992803, 7.007744404571212e-05, -3.206609957952809e-05, 1.0371628851742407e-05, -1.9393953304217125e-06, 4.2723778176251096e-05, -7.77366762260769e-05, 5.7461768123724366e-05, -3.4051726895067626e-05, 1.5520206820243142e-05, -4.99860031617331e-06, 9.427467273124585e-07, -3.0672202675857624e-05, 5.588665915924002e-05, -4.1312223102353236e-05, 2.4479093994415066e-05, -1.1154550739512096e-05, 3.593644937915947e-06, -6.765774937550534e-07]]
==============================
R1_SymmetryFactor_1
R1->P1
[[0.43639005668901865, -0.0037682145015892807, 0.002724617414557047, -0.0015405630013346722, 0.0006422839827071234, -0.00017663056261648717, 2.0009366437172527e-05, -0.0052306541039627286, 0.009443528160008765, -0.006914252857027736, 0.004007337845970425, -0.0017513067474640342, 0.0005237443739497389, -7.831234280244789e-05, 0.004612024424663269, -0.008325317874523624, 0.006086549271803953, -0.003518055315102114, 0.001529754321668623, -0.0004521329258653086, 6.620747644885403e-05, 0.0030158087516280164, -0.005457976509530861, 0.00401715660471512, -0.002361836485924817, 0.001065089176959391, -0.0003376951391145503, 5.987469239389285e-05, -0.008649017789142514, 0.015633782577538325, -0.011475850032340208, 0.0067022383314599065, -0.002981894128814334, 0.0009228163020455016, -0.00015539186474365117, 0.00507643535061509, -0.009170261669183838, 0.006713487900469027, -0.0039016418917403595, 0.0017228822336091258, -0.0005245886179545867, 8.641821165136971e-05, -0.00952785552449703, 0.017191718094951236, -0.012546057460234433, 0.007243794299949655, -0.0031630643766338068, 0.0009478947596542774, -0.00014966524568578915, 0.0031653882984373693, -0.005704344174121247, 0.004148608769285585, -0.002378517356639998, 0.001024798676464877, -0.0002994359325337366, 4.223140618013386e-05, -0.0073795216178734165, 0.013348886418527158, -0.009822996710549982, 0.0057591325654350696, -0.0025770416729711735, 0.0008035708261103134, -0.00013335042249585356, -0.003474740764337214, 0.0062835949257293395, -0.004608875126176391, 0.0026928364656671005, -0.001200056347178464, 0.00037420951778644796, -6.692026431064836e-05]]
==============================
W1_Energy_1
R1->P1
[[4.573011707129753e-05, -8.311187443031865e-05, 6.200233735819274e-05, -3.7292541364044916e-05, 1.7433332806005333e-05, -5.8207786103462556e-06, 1.1587824153619891e-06, -9.043381529672222e-05, 0.00016435755332008304, -0.00012261848215955898, 7.375482988182893e-05, -3.44841242621837e-05, 1.1515572861905559e-05, -2.2948069217986666e-06, 8.476509621074954e-05, -0.00015405767030680562, 0.00011495490249309723, -6.916146276324745e-05, 3.235418627524739e-05, -1.0811110362715425e-05, 2.159923627338645e-06, -8.049020368616153e-05, 0.00014627575506246312, -0.00010914087081083847, 6.564828214579888e-05, -3.070765818311386e-05, 1.025666520591677e-05, -2.0526858045121975e-06, 7.537036811424944e-05, -0.00013694773920270374, 0.00010214374636676309, -6.139461607147915e-05, 2.8691364098508684e-05, -9.567889602797092e-06, 1.9139523669148303e-06, -7.143156057846435e-05, 0.00012975421041981386, -9.670401742423365e-05, 5.804395248854907e-05, -2.7069302642301635e-05, 8.998001615084012e-06, -1.7931186721338018e-06, 6.650241603629287e-05, -0.00012076290180458914, 8.992095973682944e-05, -5.3885563838848315e-05, 2.506712261605828e-05, -8.300863661671087e-06, 1.6452412077934012e-06, -5.685619516447397e-05, 0.00010321970191268537, -7.680033250005085e-05, 4.596154632874159e-05, -2.1336437958871206e-05, 7.043065149806843e-06, -1.3895409252473405e-06, 3.9939215820703795e-05, -7.249525301685735e-05, 5.39135463390894e-05, -3.223647672259208e-05, 1.4944742280798447e-05, -4.9228776101369845e-06, 9.685118738829504e-07, -2.2037583750441993e-05, 3.999711182595147e-05, -2.9739373297055713e-05, 1.777458973282203e-05, -8.236169337580017e-06, 2.7105196512664253e-06, -5.333266908797517e-07]]
==============================
P1_Energy_1
R1->P1
[[0.0, 0.0, 0.0, 0.0, 0.0, 0.0, 0.0, 0.0, 0.0, 0.0, 0.0, 0.0, 0.0, 0.0, 0.0, 0.0, 0.0, 0.0, 0.0, 0.0, 0.0, 0.0, 0.0, 0.0, 0.0, 0.0, 0.0, 0.0, 0.0, 0.0, 0.0, 0.0, 0.0, 0.0, 0.0, 0.0, 0.0, 0.0, 0.0, 0.0, 0.0, 0.0, 0.0, 0.0, 0.0, 0.0, 0.0, 0.0, 0.0, 0.0, 0.0, 0.0, 0.0, 0.0, 0.0, 0.0, 0.0, 0.0, 0.0, 0.0, 0.0, 0.0, 0.0, 0.0, 0.0, 0.0, 0.0, 0.0, 0.0, 0.0]]
