==============================
B1_Frequencies_1
P1->P2
[[-0.5532553455073915, -0.6276226477056388, -0.25795355119256363, -0.08834859416579749, -0.023631484546432942, -0.003938041074025389, 0.00015134744107553666, 0.0003727213089732257, 0.00013649707633185419, 2.1125294392791983e-05, -5.7968643001994805e-06, -5.655495135364542e-06, -3.8239315209595176e-07, -1.5616425258401095e-06, 4.010849582780663e-06]]
==============================
B1_Energy_1
P1->P2
[[-0.0016923243246837307, 0.0014319852135270276, -2.2287564237407593e-08, 8.167838585881654e-09, -9.44759547740483e-09, 1.0521235150023245e-08, 5.110454901218264e-09, -9.051174574886417e-09, 2.0421343842507245e-08, -1.5336298548449983e-08, 1.6020028100663436e-08, -1.8048405275881e-08, 2.1894061717201878e-08, -2.4685408796330012e-08, 1.71096904066547e-08]]
==============================
B1_SymmetryFactor_1
P1->P2
[[-0.43429814325259164, 3.139527825067173e-07, -1.8491206509388083e-06, 4.410841143117228e-06, -3.2854578478465037e-07, 7.048377612992546e-06, -4.0240097102843196e-07, -2.6571452035352483e-06, 1.1949300101980183e-06, -4.2133332710972776e-06, 7.863266680667864e-07, -2.616309637727416e-06, 6.520464461541845e-06, -2.364913392881331e-06, 3.475312037255692e-06]]
==============================
B1_ImaginaryFrequency_1
P1->P2
[[0.20117293549110488, -0.1718600114890752, -0.009741193192624556, 0.004034367092873216, 0.005190221095156528, -0.0075856483998769314, 0.004377763851942652, 0.0031465113959746513, -0.0037962702145676454, -0.0011116746852862169, 0.0019731468411689004, 0.0014504902054572634, -0.0019605862443962067, 0.00045135587704822736, -0.0018842243537906629]]
