==============================
W1_Energy_1
W1->P3
[[0.00024292725579170277, 0.0007242873245757494, -0.0018956743950881026, 0.0010628098015611218, -0.0004688650934174304, 0.00015449365480914266]]
W1->P2
[[0.0010659961988965317, -0.0007849078444966516, -0.0005781981520928837, 0.0003511244581052295, -0.00015217314775881727, 4.838924844658134e-05]]
W1->P1
[[0.0012752720602740414, -0.0008654458460963781, -0.0005262642429113651, 0.00028496627678167006, -0.0001374580148584895, 4.155725249792845e-05]]
P1->P2
[[7.738517655892291e-05, -0.00011345786238977428, 4.905481781277545e-05, -2.3484934536144065e-05, 1.5108893911877293e-05, -4.572378623988805e-06]]
P1->P3
[[-0.0004984923516445837, 0.0009519830281762259, -0.0007854576190207962, 0.0004982218932030585, -0.0002091546901762561, 4.3710381744751044e-05]]
P2->P3
[[-1.0294254507634724e-05, 3.284793932036224e-05, -5.074328393089649e-05, 4.7510297073129684e-05, -2.5497692648975146e-05, 6.478047441368449e-06]]
