0	0
5	2.48E+30
10	3.52E+30
15	4.36E+30
20	5.09E+30
25	5.77E+30
30	6.40E+30
35	7.00E+30
40	7.58E+30
45	8.15E+30
50	8.70E+30
55	9.24E+30
60	9.77E+30
65	1.03E+31
70	1.08E+31
75	1.13E+31
80	1.19E+31
85	1.24E+31
90	1.29E+31
95	1.34E+31
100	1.39E+31
105	1.44E+31
110	1.49E+31
115	1.54E+31
120	1.59E+31
125	1.64E+31
130	1.69E+31
135	1.74E+31
140	1.79E+31
145	1.84E+31
150	1.89E+31
155	1.95E+31
160	2.00E+31
165	2.05E+31
170	2.10E+31
175	2.15E+31
180	2.20E+31
185	2.25E+31
190	2.31E+31
195	2.36E+31
200	2.41E+31
205	2.46E+31
210	2.52E+31
215	2.57E+31
220	2.62E+31
225	2.67E+31
230	2.73E+31
235	2.78E+31
240	2.84E+31
245	2.89E+31
250	2.94E+31
255	3.00E+31
260	3.05E+31
265	3.11E+31
270	3.16E+31
275	3.22E+31
280	3.27E+31
285	3.33E+31
290	3.38E+31
295	3.44E+31
300	3.49E+31
305	3.55E+31
310	3.61E+31
315	3.66E+31
320	3.72E+31
325	3.78E+31
330	3.84E+31
335	3.89E+31
340	3.95E+31
345	4.01E+31
350	4.07E+31
355	4.12E+31
360	4.18E+31
365	4.24E+31
370	4.30E+31
375	4.36E+31
380	4.42E+31
385	4.48E+31
390	4.54E+31
395	4.60E+31
400	4.66E+31
405	4.72E+31
410	4.78E+31
415	4.84E+31
420	4.90E+31
425	4.96E+31
430	5.02E+31
435	5.08E+31
440	5.14E+31
445	5.20E+31
450	5.27E+31
455	5.33E+31
460	5.39E+31
465	5.45E+31
470	5.52E+31
475	5.58E+31
480	5.64E+31
485	5.70E+31
490	5.77E+31
495	5.83E+31
500	5.89E+31
505	5.96E+31
510	6.02E+31
515	6.09E+31
520	6.15E+31
525	6.22E+31
530	6.28E+31
535	6.34E+31
540	6.41E+31
545	6.48E+31
550	6.54E+31
555	6.61E+31
560	6.67E+31
565	6.74E+31
570	6.80E+31
575	6.87E+31
580	6.94E+31
585	7.00E+31
590	7.07E+31
595	7.14E+31
600	7.20E+31
605	7.27E+31
610	7.34E+31
615	7.41E+31
620	7.47E+31
625	7.54E+31
630	7.61E+31
635	7.68E+31
640	7.75E+31
645	7.82E+31
650	7.88E+31
655	7.95E+31
660	8.02E+31
665	8.09E+31
670	8.16E+31
675	8.23E+31
680	8.30E+31
685	8.37E+31
690	8.44E+31
695	8.51E+31
700	8.58E+31
705	8.65E+31
710	8.72E+31
715	8.79E+31
720	8.86E+31
725	8.94E+31
730	9.01E+31
735	9.08E+31
740	9.15E+31
745	9.22E+31
750	9.29E+31
755	9.37E+31
760	9.44E+31
765	9.51E+31
770	9.58E+31
775	9.65E+31
780	9.73E+31
785	9.80E+31
790	9.87E+31
795	9.95E+31
800	1.00E+32
805	1.01E+32
810	1.02E+32
815	1.02E+32
820	1.03E+32
825	1.04E+32
830	1.05E+32
835	1.05E+32
840	1.06E+32
845	1.07E+32
850	1.08E+32
855	1.08E+32
860	1.09E+32
865	1.10E+32
870	1.11E+32
875	1.11E+32
880	1.12E+32
885	1.13E+32
890	1.14E+32
895	1.14E+32
900	1.15E+32
905	1.16E+32
910	1.17E+32
915	1.17E+32
920	1.18E+32
925	1.19E+32
930	1.20E+32
935	1.21E+32
940	1.21E+32
945	1.22E+32
950	1.23E+32
955	1.24E+32
960	1.24E+32
965	1.25E+32
970	1.26E+32
975	1.27E+32
980	1.28E+32
985	1.28E+32
990	1.29E+32
995	1.30E+32
1000	1.31E+32
1005	1.32E+32
1010	1.32E+32
1015	1.33E+32
1020	1.34E+32
1025	1.35E+32
1030	1.35E+32
1035	1.36E+32
1040	1.37E+32
1045	1.38E+32
1050	1.39E+32
1055	1.39E+32
1060	1.40E+32
1065	1.41E+32
1070	1.42E+32
1075	1.43E+32
1080	1.44E+32
1085	1.44E+32
1090	1.45E+32
1095	1.46E+32
1100	1.47E+32
1105	1.48E+32
1110	1.48E+32
1115	1.49E+32
1120	1.50E+32
1125	1.51E+32
1130	1.52E+32
1135	1.53E+32
1140	1.53E+32
1145	1.54E+32
1150	1.55E+32
1155	1.56E+32
1160	1.57E+32
1165	1.57E+32
1170	1.58E+32
1175	1.59E+32
1180	1.60E+32
1185	1.61E+32
1190	1.67E+32
1195	1.74E+32
1200	1.79E+32
1205	1.83E+32
1210	1.87E+32
1215	1.90E+32
1220	1.93E+32
1225	1.96E+32
1230	1.99E+32
1235	2.02E+32
1240	2.05E+32
1245	2.07E+32
1250	2.10E+32
1255	2.12E+32
1260	2.15E+32
1265	2.17E+32
1270	2.20E+32
1275	2.31E+32
1280	2.38E+32
1285	2.44E+32
1290	2.50E+32
1295	2.55E+32
1300	2.60E+32
1305	2.64E+32
1310	2.69E+32
1315	2.73E+32
1320	2.77E+32
1325	2.81E+32
1330	2.85E+32
1335	2.89E+32
1340	2.92E+32
1345	2.96E+32
1350	3.00E+32
1355	3.03E+32
1360	3.07E+32
1365	3.11E+32
1370	3.14E+32
1375	3.18E+32
1380	3.21E+32
1385	3.24E+32
1390	3.28E+32
1395	3.31E+32
1400	3.34E+32
1405	3.38E+32
1410	3.41E+32
1415	3.44E+32
1420	3.48E+32
1425	3.51E+32
1430	3.54E+32
1435	3.57E+32
1440	3.60E+32
1445	3.64E+32
1450	3.67E+32
1455	3.70E+32
1460	3.73E+32
1465	3.76E+32
1470	3.79E+32
1475	3.83E+32
1480	3.86E+32
1485	3.89E+32
1490	3.92E+32
1495	3.95E+32
1500	3.98E+32
1505	4.01E+32
1510	4.04E+32
1515	4.07E+32
1520	4.10E+32
1525	4.13E+32
1530	4.16E+32
1535	4.26E+32
1540	4.37E+32
1545	4.45E+32
1550	4.51E+32
1555	4.58E+32
1560	4.64E+32
1565	4.70E+32
1570	4.75E+32
1575	4.81E+32
1580	4.86E+32
1585	4.91E+32
1590	4.96E+32
1595	5.01E+32
1600	5.06E+32
1605	5.11E+32
1610	5.16E+32
1615	5.20E+32
1620	5.25E+32
1625	5.30E+32
1630	5.34E+32
1635	5.39E+32
1640	5.44E+32
1645	5.48E+32
1650	5.53E+32
1655	5.57E+32
1660	5.62E+32
1665	5.66E+32
1670	5.71E+32
1675	5.75E+32
1680	5.79E+32
1685	5.84E+32
1690	5.88E+32
1695	5.92E+32
1700	5.97E+32
1705	6.01E+32
1710	6.05E+32
1715	6.10E+32
1720	6.14E+32
1725	6.18E+32
1730	6.22E+32
1735	6.27E+32
1740	6.31E+32
1745	6.35E+32
1750	6.39E+32
1755	6.44E+32
1760	6.48E+32
1765	6.52E+32
1770	6.56E+32
1775	6.60E+32
1780	6.64E+32
1785	6.82E+32
1790	6.92E+32
1795	7.01E+32
1800	7.09E+32
1805	7.17E+32
1810	7.24E+32
1815	7.31E+32
1820	7.38E+32
1825	7.45E+32
1830	7.52E+32
1835	7.58E+32
1840	7.64E+32
1845	7.71E+32
1850	7.77E+32
1855	7.83E+32
1860	7.89E+32
1865	7.95E+32
1870	8.01E+32
1875	8.07E+32
1880	8.13E+32
1885	8.19E+32
1890	8.25E+32
1895	8.31E+32
1900	8.37E+32
1905	8.42E+32
1910	8.48E+32
1915	8.54E+32
1920	8.59E+32
1925	8.65E+32
1930	8.71E+32
1935	8.76E+32
1940	8.82E+32
1945	8.88E+32
1950	8.93E+32
1955	8.99E+32
1960	9.04E+32
1965	9.10E+32
1970	9.15E+32
1975	9.21E+32
1980	9.26E+32
1985	9.32E+32
1990	9.37E+32
1995	9.43E+32
2000	9.48E+32
2005	9.54E+32
2010	9.59E+32
2015	9.65E+32
2020	9.70E+32
2025	9.76E+32
2030	9.81E+32
2035	9.86E+32
2040	9.92E+32
2045	9.97E+32
2050	1.00E+33
2055	1.01E+33
2060	1.01E+33
2065	1.02E+33
2070	1.02E+33
2075	1.03E+33
2080	1.03E+33
2085	1.04E+33
2090	1.05E+33
2095	1.05E+33
2100	1.06E+33
2105	1.06E+33
2110	1.07E+33
2115	1.07E+33
2120	1.08E+33
2125	1.08E+33
2130	1.09E+33
2135	1.09E+33
2140	1.10E+33
2145	1.10E+33
2150	1.11E+33
2155	1.11E+33
2160	1.12E+33
2165	1.13E+33
2170	1.13E+33
2175	1.14E+33
2180	1.14E+33
2185	1.15E+33
2190	1.15E+33
2195	1.16E+33
2200	1.16E+33
2205	1.17E+33
2210	1.17E+33
2215	1.18E+33
2220	1.18E+33
2225	1.19E+33
2230	1.19E+33
2235	1.20E+33
2240	1.20E+33
2245	1.21E+33
2250	1.22E+33
2255	1.22E+33
2260	1.23E+33
2265	1.23E+33
2270	1.24E+33
2275	1.24E+33
2280	1.25E+33
2285	1.25E+33
2290	1.26E+33
2295	1.26E+33
2300	1.27E+33
2305	1.27E+33
2310	1.28E+33
2315	1.28E+33
2320	1.29E+33
2325	1.29E+33
2330	1.30E+33
2335	1.31E+33
2340	1.31E+33
2345	1.32E+33
2350	1.32E+33
2355	1.33E+33
2360	1.33E+33
2365	1.34E+33
2370	1.34E+33
2375	1.35E+33
2380	1.36E+33
2385	1.38E+33
2390	1.39E+33
2395	1.40E+33
2400	1.41E+33
2405	1.42E+33
2410	1.43E+33
2415	1.44E+33
2420	1.45E+33
2425	1.46E+33
2430	1.46E+33
2435	1.47E+33
2440	1.48E+33
2445	1.49E+33
2450	1.50E+33
2455	1.50E+33
2460	1.51E+33
2465	1.54E+33
2470	1.55E+33
2475	1.57E+33
2480	1.58E+33
2485	1.59E+33
2490	1.60E+33
2495	1.61E+33
2500	1.62E+33
2505	1.63E+33
2510	1.64E+33
2515	1.66E+33
2520	1.67E+33
2525	1.68E+33
2530	1.68E+33
2535	1.69E+33
2540	1.70E+33
2545	1.72E+33
2550	1.74E+33
2555	1.76E+33
2560	1.78E+33
2565	1.79E+33
2570	1.80E+33
2575	1.82E+33
2580	1.83E+33
2585	1.84E+33
2590	1.85E+33
2595	1.87E+33
2600	1.88E+33
2605	1.89E+33
2610	1.90E+33
2615	1.91E+33
2620	1.93E+33
2625	1.94E+33
2630	1.95E+33
2635	1.96E+33
2640	1.97E+33
2645	1.98E+33
2650	1.99E+33
2655	2.00E+33
2660	2.01E+33
2665	2.02E+33
2670	2.04E+33
2675	2.05E+33
2680	2.06E+33
2685	2.07E+33
2690	2.08E+33
2695	2.09E+33
2700	2.10E+33
2705	2.11E+33
2710	2.12E+33
2715	2.13E+33
2720	2.14E+33
2725	2.16E+33
2730	2.18E+33
2735	2.20E+33
2740	2.22E+33
2745	2.23E+33
2750	2.25E+33
2755	2.26E+33
2760	2.27E+33
2765	2.29E+33
2770	2.30E+33
2775	2.32E+33
2780	2.33E+33
2785	2.34E+33
2790	2.35E+33
2795	2.37E+33
2800	2.38E+33
2805	2.39E+33
2810	2.42E+33
2815	2.44E+33
2820	2.46E+33
2825	2.48E+33
2830	2.50E+33
2835	2.51E+33
2840	2.53E+33
2845	2.55E+33
2850	2.56E+33
2855	2.58E+33
2860	2.59E+33
2865	2.61E+33
2870	2.62E+33
2875	2.64E+33
2880	2.65E+33
2885	2.67E+33
2890	2.68E+33
2895	2.69E+33
2900	2.71E+33
2905	2.72E+33
2910	2.74E+33
2915	2.75E+33
2920	2.76E+33
2925	2.78E+33
2930	2.79E+33
2935	2.80E+33
2940	2.84E+33
2945	2.86E+33
2950	2.88E+33
2955	2.90E+33
2960	2.92E+33
2965	2.94E+33
2970	2.96E+33
2975	2.99E+33
2980	3.02E+33
2985	3.04E+33
2990	3.06E+33
2995	3.09E+33
3000	3.11E+33
3005	3.13E+33
3010	3.16E+33
3015	3.19E+33
3020	3.22E+33
3025	3.24E+33
3030	3.27E+33
3035	3.29E+33
3040	3.31E+33
3045	3.34E+33
3050	3.36E+33
3055	3.39E+33
3060	3.43E+33
3065	3.46E+33
3070	3.50E+33
3075	3.53E+33
3080	3.57E+33
3085	3.60E+33
3090	3.63E+33
3095	3.66E+33
3100	3.69E+33
3105	3.71E+33
3110	3.74E+33
3115	3.77E+33
3120	3.79E+33
3125	3.82E+33
3130	3.84E+33
3135	3.87E+33
3140	3.89E+33
3145	3.92E+33
3150	3.94E+33
3155	3.96E+33
3160	3.99E+33
3165	4.01E+33
3170	4.03E+33
3175	4.06E+33
3180	4.08E+33
3185	4.10E+33
3190	4.13E+33
3195	4.15E+33
3200	4.17E+33
3205	4.19E+33
3210	4.22E+33
3215	4.24E+33
3220	4.26E+33
3225	4.28E+33
3230	4.30E+33
3235	4.33E+33
3240	4.35E+33
3245	4.37E+33
3250	4.39E+33
3255	4.41E+33
3260	4.43E+33
3265	4.45E+33
3270	4.48E+33
3275	4.50E+33
3280	4.52E+33
3285	4.54E+33
3290	4.56E+33
3295	4.58E+33
3300	4.60E+33
3305	4.62E+33
3310	4.64E+33
3315	4.67E+33
3320	4.71E+33
3325	4.74E+33
3330	4.77E+33
3335	4.79E+33
3340	4.82E+33
3345	4.84E+33
3350	4.87E+33
3355	4.89E+33
3360	4.92E+33
3365	4.94E+33
3370	4.97E+33
3375	4.99E+33
3380	5.01E+33
3385	5.04E+33
3390	5.06E+33
3395	5.08E+33
3400	5.10E+33
3405	5.13E+33
3410	5.15E+33
3415	5.17E+33
3420	5.20E+33
3425	5.22E+33
3430	5.24E+33
3435	5.26E+33
3440	5.29E+33
3445	5.31E+33
3450	5.33E+33
3455	5.35E+33
3460	5.37E+33
3465	5.40E+33
3470	5.42E+33
3475	5.44E+33
3480	5.46E+33
3485	5.48E+33
3490	5.50E+33
3495	5.53E+33
3500	5.55E+33
3505	5.57E+33
3510	5.59E+33
3515	5.61E+33
3520	5.63E+33
3525	5.66E+33
3530	5.68E+33
3535	5.70E+33
3540	5.72E+33
3545	5.74E+33
3550	5.76E+33
3555	5.78E+33
3560	5.80E+33
3565	5.85E+33
3570	5.90E+33
3575	5.94E+33
3580	5.98E+33
3585	6.01E+33
3590	6.04E+33
3595	6.07E+33
3600	6.10E+33
3605	6.13E+33
3610	6.16E+33
3615	6.19E+33
3620	6.22E+33
3625	6.25E+33
3630	6.28E+33
3635	6.31E+33
3640	6.33E+33
3645	6.36E+33
3650	6.39E+33
3655	6.44E+33
3660	6.48E+33
3665	6.51E+33
3670	6.54E+33
3675	6.58E+33
3680	6.61E+33
3685	6.64E+33
3690	6.67E+33
3695	6.70E+33
3700	6.73E+33
3705	6.76E+33
3710	6.79E+33
3715	6.82E+33
3720	6.85E+33
3725	6.88E+33
3730	6.90E+33
3735	6.95E+33
3740	6.99E+33
3745	7.03E+33
3750	7.06E+33
3755	7.10E+33
3760	7.13E+33
3765	7.16E+33
3770	7.20E+33
3775	7.23E+33
3780	7.26E+33
3785	7.29E+33
3790	7.32E+33
3795	7.35E+33
3800	7.38E+33
3805	7.41E+33
3810	7.44E+33
3815	7.47E+33
3820	7.53E+33
3825	7.57E+33
3830	7.61E+33
3835	7.64E+33
3840	7.68E+33
3845	7.71E+33
3850	7.75E+33
3855	7.78E+33
3860	7.82E+33
3865	7.85E+33
3870	7.88E+33
3875	7.92E+33
3880	7.95E+33
3885	7.98E+33
3890	8.01E+33
3895	8.04E+33
3900	8.08E+33
3905	8.11E+33
3910	8.14E+33
3915	8.19E+33
3920	8.23E+33
3925	8.27E+33
3930	8.31E+33
3935	8.35E+33
3940	8.39E+33
3945	8.42E+33
3950	8.46E+33
3955	8.49E+33
3960	8.53E+33
3965	8.56E+33
3970	8.60E+33
3975	8.63E+33
3980	8.66E+33
3985	8.70E+33
3990	8.73E+33
3995	8.77E+33
4000	8.82E+33
4005	8.87E+33
4010	8.91E+33
4015	8.95E+33
4020	8.99E+33
4025	9.03E+33
4030	9.06E+33
4035	9.10E+33
4040	9.14E+33
4045	9.17E+33
4050	9.21E+33
4055	9.25E+33
4060	9.28E+33
4065	9.32E+33
4070	9.35E+33
4075	9.39E+33
4080	9.44E+33
4085	9.49E+33
4090	9.53E+33
4095	9.58E+33
4100	9.62E+33
4105	9.66E+33
4110	9.70E+33
4115	9.74E+33
4120	9.77E+33
4125	9.82E+33
4130	9.88E+33
4135	9.93E+33
4140	9.97E+33
4145	1.00E+34
4150	1.01E+34
4155	1.01E+34
4160	1.02E+34
4165	1.02E+34
4170	1.03E+34
4175	1.03E+34
4180	1.04E+34
4185	1.04E+34
4190	1.05E+34
4195	1.05E+34
4200	1.06E+34
4205	1.06E+34
4210	1.07E+34
4215	1.08E+34
4220	1.08E+34
4225	1.09E+34
4230	1.09E+34
4235	1.10E+34
4240	1.10E+34
4245	1.11E+34
4250	1.12E+34
4255	1.12E+34
4260	1.13E+34
4265	1.14E+34
4270	1.14E+34
4275	1.15E+34
4280	1.16E+34
4285	1.17E+34
4290	1.17E+34
4295	1.18E+34
4300	1.19E+34
4305	1.19E+34
4310	1.20E+34
4315	1.20E+34
4320	1.21E+34
4325	1.22E+34
4330	1.22E+34
4335	1.23E+34
4340	1.24E+34
4345	1.25E+34
4350	1.25E+34
4355	1.26E+34
4360	1.27E+34
4365	1.27E+34
4370	1.28E+34
4375	1.29E+34
4380	1.29E+34
4385	1.30E+34
4390	1.30E+34
4395	1.31E+34
4400	1.32E+34
4405	1.32E+34
4410	1.33E+34
4415	1.33E+34
4420	1.34E+34
4425	1.34E+34
4430	1.35E+34
4435	1.36E+34
4440	1.36E+34
4445	1.37E+34
4450	1.37E+34
4455	1.38E+34
4460	1.38E+34
4465	1.39E+34
4470	1.40E+34
4475	1.40E+34
4480	1.41E+34
4485	1.42E+34
4490	1.42E+34
4495	1.43E+34
4500	1.43E+34
4505	1.44E+34
4510	1.45E+34
4515	1.46E+34
4520	1.46E+34
4525	1.47E+34
4530	1.47E+34
4535	1.48E+34
4540	1.49E+34
4545	1.50E+34
4550	1.50E+34
4555	1.51E+34
4560	1.52E+34
4565	1.52E+34
4570	1.53E+34
4575	1.54E+34
4580	1.54E+34
4585	1.55E+34
4590	1.56E+34
4595	1.57E+34
4600	1.57E+34
4605	1.58E+34
4610	1.59E+34
4615	1.60E+34
4620	1.60E+34
4625	1.61E+34
4630	1.62E+34
4635	1.63E+34
4640	1.63E+34
4645	1.64E+34
4650	1.65E+34
4655	1.65E+34
4660	1.66E+34
4665	1.67E+34
4670	1.67E+34
4675	1.68E+34
4680	1.69E+34
4685	1.69E+34
4690	1.70E+34
4695	1.71E+34
4700	1.71E+34
4705	1.72E+34
4710	1.72E+34
4715	1.73E+34
4720	1.74E+34
4725	1.75E+34
4730	1.75E+34
4735	1.76E+34
4740	1.77E+34
4745	1.77E+34
4750	1.78E+34
4755	1.79E+34
4760	1.80E+34
4765	1.81E+34
4770	1.82E+34
4775	1.83E+34
4780	1.83E+34
4785	1.84E+34
4790	1.85E+34
4795	1.86E+34
4800	1.87E+34
4805	1.88E+34
4810	1.88E+34
4815	1.89E+34
4820	1.90E+34
4825	1.91E+34
4830	1.92E+34
4835	1.92E+34
4840	1.94E+34
4845	1.95E+34
4850	1.96E+34
4855	1.97E+34
4860	1.98E+34
4865	1.99E+34
4870	2.00E+34
4875	2.01E+34
4880	2.01E+34
4885	2.02E+34
4890	2.03E+34
4895	2.04E+34
4900	2.05E+34
4905	2.06E+34
4910	2.06E+34
4915	2.07E+34
4920	2.08E+34
4925	2.09E+34
4930	2.10E+34
4935	2.11E+34
4940	2.12E+34
4945	2.13E+34
4950	2.13E+34
4955	2.14E+34
4960	2.15E+34
4965	2.16E+34
4970	2.17E+34
4975	2.18E+34
4980	2.18E+34
4985	2.19E+34
4990	2.20E+34
4995	2.21E+34
5000	2.22E+34
5005	2.22E+34
5010	2.23E+34
5015	2.24E+34
5020	2.25E+34
5025	2.26E+34
5030	2.27E+34
5035	2.28E+34
5040	2.28E+34
5045	2.29E+34
5050	2.30E+34
5055	2.31E+34
5060	2.32E+34
5065	2.32E+34
5070	2.33E+34
5075	2.34E+34
5080	2.35E+34
5085	2.36E+34
5090	2.37E+34
5095	2.38E+34
5100	2.39E+34
5105	2.40E+34
5110	2.41E+34
5115	2.42E+34
5120	2.43E+34
5125	2.44E+34
5130	2.45E+34
5135	2.46E+34
5140	2.47E+34
5145	2.48E+34
5150	2.49E+34
5155	2.50E+34
5160	2.50E+34
5165	2.51E+34
5170	2.52E+34
5175	2.53E+34
5180	2.54E+34
5185	2.55E+34
5190	2.56E+34
5195	2.57E+34
5200	2.58E+34
5205	2.59E+34
5210	2.60E+34
5215	2.61E+34
5220	2.62E+34
5225	2.62E+34
5230	2.63E+34
5235	2.64E+34
5240	2.65E+34
5245	2.66E+34
5250	2.67E+34
5255	2.68E+34
5260	2.68E+34
5265	2.69E+34
5270	2.70E+34
5275	2.71E+34
5280	2.72E+34
5285	2.73E+34
5290	2.74E+34
5295	2.75E+34
5300	2.76E+34
5305	2.77E+34
5310	2.78E+34
5315	2.79E+34
5320	2.80E+34
5325	2.81E+34
5330	2.82E+34
5335	2.83E+34
5340	2.84E+34
5345	2.85E+34
5350	2.86E+34
5355	2.88E+34
5360	2.89E+34
5365	2.90E+34
5370	2.91E+34
5375	2.92E+34
5380	2.93E+34
5385	2.95E+34
5390	2.96E+34
5395	2.97E+34
5400	2.98E+34
5405	3.00E+34
5410	3.01E+34
5415	3.02E+34
5420	3.03E+34
5425	3.04E+34
5430	3.05E+34
5435	3.07E+34
5440	3.08E+34
5445	3.09E+34
5450	3.11E+34
5455	3.12E+34
5460	3.13E+34
5465	3.14E+34
5470	3.16E+34
5475	3.17E+34
5480	3.18E+34
5485	3.20E+34
5490	3.21E+34
5495	3.23E+34
5500	3.24E+34
5505	3.25E+34
5510	3.26E+34
5515	3.28E+34
5520	3.29E+34
5525	3.30E+34
5530	3.32E+34
5535	3.33E+34
5540	3.35E+34
5545	3.36E+34
5550	3.37E+34
5555	3.39E+34
5560	3.40E+34
5565	3.42E+34
5570	3.43E+34
5575	3.44E+34
5580	3.45E+34
5585	3.47E+34
5590	3.48E+34
5595	3.49E+34
5600	3.51E+34
5605	3.52E+34
5610	3.53E+34
5615	3.55E+34
5620	3.56E+34
5625	3.58E+34
5630	3.59E+34
5635	3.60E+34
5640	3.62E+34
5645	3.63E+34
5650	3.64E+34
5655	3.66E+34
5660	3.67E+34
5665	3.68E+34
5670	3.70E+34
5675	3.71E+34
5680	3.72E+34
5685	3.74E+34
5690	3.75E+34
5695	3.76E+34
5700	3.78E+34
5705	3.79E+34
5710	3.81E+34
5715	3.82E+34
5720	3.83E+34
5725	3.84E+34
5730	3.86E+34
5735	3.87E+34
5740	3.89E+34
5745	3.90E+34
5750	3.92E+34
5755	3.93E+34
5760	3.95E+34
5765	3.96E+34
5770	3.97E+34
5775	3.99E+34
5780	4.00E+34
5785	4.02E+34
5790	4.03E+34
5795	4.05E+34
5800	4.07E+34
5805	4.08E+34
5810	4.10E+34
5815	4.11E+34
5820	4.13E+34
5825	4.14E+34
5830	4.16E+34
5835	4.17E+34
5840	4.19E+34
5845	4.20E+34
5850	4.21E+34
5855	4.23E+34
5860	4.24E+34
5865	4.26E+34
5870	4.27E+34
5875	4.29E+34
5880	4.31E+34
5885	4.33E+34
5890	4.34E+34
5895	4.36E+34
5900	4.38E+34
5905	4.39E+34
5910	4.41E+34
5915	4.43E+34
5920	4.44E+34
5925	4.46E+34
5930	4.47E+34
5935	4.49E+34
5940	4.50E+34
5945	4.52E+34
5950	4.54E+34
5955	4.56E+34
5960	4.58E+34
5965	4.60E+34
5970	4.61E+34
5975	4.63E+34
5980	4.65E+34
5985	4.67E+34
5990	4.69E+34
5995	4.71E+34
6000	4.72E+34
6005	4.74E+34
6010	4.76E+34
6015	4.78E+34
6020	4.80E+34
6025	4.82E+34
6030	4.84E+34
6035	4.87E+34
6040	4.89E+34
6045	4.91E+34
6050	4.93E+34
6055	4.95E+34
6060	4.97E+34
6065	4.99E+34
6070	5.01E+34
6075	5.03E+34
6080	5.05E+34
6085	5.07E+34
6090	5.09E+34
6095	5.11E+34
6100	5.13E+34
6105	5.15E+34
6110	5.17E+34
6115	5.19E+34
6120	5.21E+34
6125	5.24E+34
6130	5.26E+34
6135	5.28E+34
6140	5.30E+34
6145	5.32E+34
6150	5.34E+34
6155	5.36E+34
6160	5.38E+34
6165	5.40E+34
6170	5.42E+34
6175	5.44E+34
6180	5.46E+34
6185	5.48E+34
6190	5.50E+34
6195	5.52E+34
6200	5.54E+34
6205	5.56E+34
6210	5.58E+34
6215	5.60E+34
6220	5.62E+34
6225	5.63E+34
6230	5.65E+34
6235	5.67E+34
6240	5.69E+34
6245	5.71E+34
6250	5.72E+34
6255	5.75E+34
6260	5.77E+34
6265	5.78E+34
6270	5.80E+34
6275	5.82E+34
6280	5.84E+34
6285	5.86E+34
6290	5.89E+34
6295	5.91E+34
6300	5.93E+34
6305	5.95E+34
6310	5.97E+34
6315	5.99E+34
6320	6.01E+34
6325	6.03E+34
6330	6.06E+34
6335	6.08E+34
6340	6.10E+34
6345	6.12E+34
6350	6.13E+34
6355	6.15E+34
6360	6.17E+34
6365	6.20E+34
6370	6.22E+34
6375	6.24E+34
6380	6.27E+34
6385	6.29E+34
6390	6.32E+34
6395	6.34E+34
6400	6.36E+34
6405	6.38E+34
6410	6.40E+34
6415	6.42E+34
6420	6.44E+34
6425	6.46E+34
6430	6.48E+34
6435	6.50E+34
6440	6.52E+34
6445	6.54E+34
6450	6.56E+34
6455	6.58E+34
6460	6.61E+34
6465	6.63E+34
6470	6.65E+34
6475	6.67E+34
6480	6.69E+34
6485	6.71E+34
6490	6.73E+34
6495	6.75E+34
6500	6.77E+34
6505	6.79E+34
6510	6.82E+34
6515	6.84E+34
6520	6.86E+34
6525	6.88E+34
6530	6.90E+34
6535	6.92E+34
6540	6.95E+34
6545	6.98E+34
6550	7.00E+34
6555	7.02E+34
6560	7.05E+34
6565	7.07E+34
6570	7.09E+34
6575	7.11E+34
6580	7.14E+34
6585	7.17E+34
6590	7.19E+34
6595	7.22E+34
6600	7.24E+34
6605	7.26E+34
6610	7.29E+34
6615	7.31E+34
6620	7.34E+34
6625	7.37E+34
6630	7.39E+34
6635	7.42E+34
6640	7.45E+34
6645	7.48E+34
6650	7.51E+34
6655	7.53E+34
6660	7.56E+34
6665	7.59E+34
6670	7.62E+34
6675	7.64E+34
6680	7.67E+34
6685	7.69E+34
6690	7.72E+34
6695	7.74E+34
6700	7.77E+34
6705	7.80E+34
6710	7.82E+34
6715	7.85E+34
6720	7.88E+34
6725	7.90E+34
6730	7.93E+34
6735	7.95E+34
6740	7.98E+34
6745	8.01E+34
6750	8.03E+34
6755	8.06E+34
6760	8.09E+34
6765	8.11E+34
6770	8.14E+34
6775	8.16E+34
6780	8.19E+34
6785	8.21E+34
6790	8.24E+34
6795	8.27E+34
6800	8.29E+34
6805	8.32E+34
6810	8.35E+34
6815	8.38E+34
6820	8.40E+34
6825	8.43E+34
6830	8.46E+34
6835	8.48E+34
6840	8.51E+34
6845	8.53E+34
6850	8.56E+34
6855	8.59E+34
6860	8.61E+34
6865	8.64E+34
6870	8.67E+34
6875	8.69E+34
6880	8.72E+34
6885	8.76E+34
6890	8.79E+34
6895	8.82E+34
6900	8.85E+34
6905	8.87E+34
6910	8.90E+34
6915	8.93E+34
6920	8.96E+34
6925	8.99E+34
6930	9.01E+34
6935	9.05E+34
6940	9.07E+34
6945	9.10E+34
6950	9.13E+34
6955	9.16E+34
6960	9.18E+34
6965	9.21E+34
6970	9.24E+34
6975	9.27E+34
6980	9.30E+34
6985	9.33E+34
6990	9.36E+34
6995	9.38E+34
7000	9.41E+34
7005	9.44E+34
7010	9.47E+34
7015	9.50E+34
7020	9.53E+34
7025	9.56E+34
7030	9.59E+34
7035	9.61E+34
7040	9.64E+34
7045	9.67E+34
7050	9.70E+34
7055	9.73E+34
7060	9.76E+34
7065	9.79E+34
7070	9.82E+34
7075	9.85E+34
7080	9.88E+34
7085	9.91E+34
7090	9.94E+34
7095	9.97E+34
7100	1.00E+35
7105	1.00E+35
7110	1.01E+35
7115	1.01E+35
7120	1.01E+35
7125	1.02E+35
7130	1.02E+35
7135	1.02E+35
7140	1.03E+35
7145	1.03E+35
7150	1.03E+35
7155	1.04E+35
7160	1.04E+35
7165	1.04E+35
7170	1.05E+35
7175	1.05E+35
7180	1.05E+35
7185	1.06E+35
7190	1.06E+35
7195	1.07E+35
7200	1.07E+35
7205	1.07E+35
7210	1.08E+35
7215	1.08E+35
7220	1.08E+35
7225	1.09E+35
7230	1.09E+35
7235	1.10E+35
7240	1.10E+35
7245	1.10E+35
7250	1.11E+35
7255	1.11E+35
7260	1.11E+35
7265	1.12E+35
7270	1.12E+35
7275	1.12E+35
7280	1.13E+35
7285	1.13E+35
7290	1.14E+35
7295	1.14E+35
7300	1.14E+35
7305	1.15E+35
7310	1.15E+35
7315	1.16E+35
7320	1.16E+35
7325	1.16E+35
7330	1.17E+35
7335	1.17E+35
7340	1.18E+35
7345	1.18E+35
7350	1.18E+35
7355	1.19E+35
7360	1.19E+35
7365	1.20E+35
7370	1.20E+35
7375	1.20E+35
7380	1.21E+35
7385	1.21E+35
7390	1.21E+35
7395	1.22E+35
7400	1.22E+35
7405	1.23E+35
7410	1.23E+35
7415	1.23E+35
7420	1.24E+35
7425	1.24E+35
7430	1.25E+35
7435	1.25E+35
7440	1.25E+35
7445	1.26E+35
7450	1.26E+35
7455	1.27E+35
7460	1.27E+35
7465	1.27E+35
7470	1.28E+35
7475	1.28E+35
7480	1.28E+35
7485	1.29E+35
7490	1.29E+35
7495	1.30E+35
7500	1.30E+35
7505	1.30E+35
7510	1.31E+35
7515	1.31E+35
7520	1.32E+35
7525	1.32E+35
7530	1.32E+35
7535	1.33E+35
7540	1.33E+35
7545	1.34E+35
7550	1.34E+35
7555	1.35E+35
7560	1.35E+35
7565	1.35E+35
7570	1.36E+35
7575	1.36E+35
7580	1.37E+35
7585	1.37E+35
7590	1.38E+35
7595	1.38E+35
7600	1.38E+35
7605	1.39E+35
7610	1.39E+35
7615	1.40E+35
7620	1.40E+35
7625	1.41E+35
7630	1.41E+35
7635	1.41E+35
7640	1.42E+35
7645	1.42E+35
7650	1.43E+35
7655	1.43E+35
7660	1.44E+35
7665	1.44E+35
7670	1.44E+35
7675	1.45E+35
7680	1.45E+35
7685	1.46E+35
7690	1.46E+35
7695	1.47E+35
7700	1.47E+35
7705	1.48E+35
7710	1.48E+35
7715	1.48E+35
7720	1.49E+35
7725	1.49E+35
7730	1.50E+35
7735	1.50E+35
7740	1.51E+35
7745	1.51E+35
7750	1.52E+35
7755	1.52E+35
7760	1.53E+35
7765	1.53E+35
7770	1.53E+35
7775	1.54E+35
7780	1.54E+35
7785	1.55E+35
7790	1.55E+35
7795	1.56E+35
7800	1.56E+35
7805	1.57E+35
7810	1.57E+35
7815	1.58E+35
7820	1.58E+35
7825	1.59E+35
7830	1.59E+35
7835	1.60E+35
7840	1.60E+35
7845	1.61E+35
7850	1.61E+35
7855	1.62E+35
7860	1.63E+35
7865	1.63E+35
7870	1.64E+35
7875	1.64E+35
7880	1.65E+35
7885	1.65E+35
7890	1.65E+35
7895	1.66E+35
7900	1.67E+35
7905	1.67E+35
7910	1.68E+35
7915	1.68E+35
7920	1.69E+35
7925	1.69E+35
7930	1.70E+35
7935	1.70E+35
7940	1.71E+35
7945	1.71E+35
7950	1.72E+35
7955	1.72E+35
7960	1.73E+35
7965	1.73E+35
7970	1.74E+35
7975	1.74E+35
7980	1.75E+35
7985	1.75E+35
7990	1.76E+35
7995	1.76E+35
8000	1.77E+35
8005	1.77E+35
8010	1.78E+35
8015	1.78E+35
8020	1.79E+35
8025	1.79E+35
8030	1.80E+35
8035	1.80E+35
8040	1.81E+35
8045	1.81E+35
8050	1.82E+35
8055	1.82E+35
8060	1.83E+35
8065	1.83E+35
8070	1.84E+35
8075	1.84E+35
8080	1.85E+35
8085	1.85E+35
8090	1.86E+35
8095	1.86E+35
8100	1.87E+35
8105	1.88E+35
8110	1.88E+35
8115	1.89E+35
8120	1.89E+35
8125	1.90E+35
8130	1.90E+35
8135	1.91E+35
8140	1.91E+35
8145	1.92E+35
8150	1.92E+35
8155	1.93E+35
8160	1.94E+35
8165	1.94E+35
8170	1.95E+35
8175	1.95E+35
8180	1.96E+35
8185	1.96E+35
8190	1.97E+35
8195	1.97E+35
8200	1.98E+35
8205	1.99E+35
8210	1.99E+35
8215	2.00E+35
8220	2.00E+35
8225	2.01E+35
8230	2.01E+35
8235	2.02E+35
8240	2.02E+35
8245	2.03E+35
8250	2.03E+35
8255	2.04E+35
8260	2.04E+35
8265	2.05E+35
8270	2.05E+35
8275	2.06E+35
8280	2.07E+35
8285	2.07E+35
8290	2.08E+35
8295	2.08E+35
8300	2.09E+35
8305	2.09E+35
8310	2.10E+35
8315	2.11E+35
8320	2.11E+35
8325	2.12E+35
8330	2.12E+35
8335	2.13E+35
8340	2.14E+35
8345	2.14E+35
8350	2.15E+35
8355	2.15E+35
8360	2.16E+35
8365	2.17E+35
8370	2.17E+35
8375	2.18E+35
8380	2.19E+35
8385	2.19E+35
8390	2.20E+35
8395	2.20E+35
8400	2.21E+35
8405	2.22E+35
8410	2.22E+35
8415	2.23E+35
8420	2.24E+35
8425	2.25E+35
8430	2.25E+35
8435	2.26E+35
8440	2.27E+35
8445	2.27E+35
8450	2.28E+35
8455	2.29E+35
8460	2.29E+35
8465	2.30E+35
8470	2.31E+35
8475	2.31E+35
8480	2.32E+35
8485	2.33E+35
8490	2.33E+35
8495	2.34E+35
8500	2.35E+35
8505	2.35E+35
8510	2.36E+35
8515	2.37E+35
8520	2.37E+35
8525	2.38E+35
8530	2.39E+35
8535	2.39E+35
8540	2.40E+35
8545	2.41E+35
8550	2.41E+35
8555	2.42E+35
8560	2.43E+35
8565	2.43E+35
8570	2.44E+35
8575	2.45E+35
8580	2.46E+35
8585	2.46E+35
8590	2.47E+35
8595	2.48E+35
8600	2.48E+35
8605	2.49E+35
8610	2.50E+35
8615	2.50E+35
8620	2.51E+35
8625	2.52E+35
8630	2.52E+35
8635	2.53E+35
8640	2.54E+35
8645	2.54E+35
8650	2.55E+35
8655	2.56E+35
8660	2.57E+35
8665	2.57E+35
8670	2.58E+35
8675	2.59E+35
8680	2.60E+35
8685	2.60E+35
8690	2.61E+35
8695	2.62E+35
8700	2.62E+35
8705	2.63E+35
8710	2.64E+35
8715	2.65E+35
8720	2.65E+35
8725	2.66E+35
8730	2.67E+35
8735	2.67E+35
8740	2.68E+35
8745	2.69E+35
8750	2.70E+35
8755	2.70E+35
8760	2.71E+35
8765	2.72E+35
8770	2.73E+35
8775	2.73E+35
8780	2.74E+35
8785	2.75E+35
8790	2.76E+35
8795	2.76E+35
8800	2.77E+35
8805	2.78E+35
8810	2.78E+35
8815	2.79E+35
8820	2.80E+35
8825	2.81E+35
8830	2.82E+35
8835	2.82E+35
8840	2.83E+35
8845	2.84E+35
8850	2.85E+35
8855	2.85E+35
8860	2.86E+35
8865	2.87E+35
8870	2.88E+35
8875	2.89E+35
8880	2.89E+35
8885	2.90E+35
8890	2.91E+35
8895	2.92E+35
8900	2.93E+35
8905	2.93E+35
8910	2.94E+35
8915	2.95E+35
8920	2.96E+35
8925	2.97E+35
8930	2.98E+35
8935	2.98E+35
8940	2.99E+35
8945	3.00E+35
8950	3.01E+35
8955	3.02E+35
8960	3.03E+35
8965	3.04E+35
8970	3.05E+35
8975	3.05E+35
8980	3.06E+35
8985	3.07E+35
8990	3.08E+35
8995	3.09E+35
9000	3.10E+35
9005	3.11E+35
9010	3.12E+35
9015	3.12E+35
9020	3.13E+35
9025	3.14E+35
9030	3.15E+35
9035	3.16E+35
9040	3.17E+35
9045	3.18E+35
9050	3.19E+35
9055	3.20E+35
9060	3.21E+35
9065	3.21E+35
9070	3.22E+35
9075	3.23E+35
9080	3.24E+35
9085	3.25E+35
9090	3.26E+35
9095	3.27E+35
9100	3.28E+35
9105	3.29E+35
9110	3.30E+35
9115	3.31E+35
9120	3.32E+35
9125	3.33E+35
9130	3.33E+35
9135	3.34E+35
9140	3.35E+35
9145	3.36E+35
9150	3.37E+35
9155	3.38E+35
9160	3.39E+35
9165	3.40E+35
9170	3.41E+35
9175	3.42E+35
9180	3.43E+35
9185	3.44E+35
9190	3.45E+35
9195	3.45E+35
9200	3.46E+35
9205	3.47E+35
9210	3.48E+35
9215	3.49E+35
9220	3.50E+35
9225	3.51E+35
9230	3.52E+35
9235	3.53E+35
9240	3.54E+35
9245	3.55E+35
9250	3.56E+35
9255	3.57E+35
9260	3.57E+35
9265	3.59E+35
9270	3.59E+35
9275	3.60E+35
9280	3.61E+35
9285	3.62E+35
9290	3.63E+35
9295	3.64E+35
9300	3.65E+35
9305	3.66E+35
9310	3.67E+35
9315	3.68E+35
9320	3.69E+35
9325	3.70E+35
9330	3.71E+35
9335	3.72E+35
9340	3.73E+35
9345	3.74E+35
9350	3.75E+35
9355	3.76E+35
9360	3.77E+35
9365	3.78E+35
9370	3.79E+35
9375	3.80E+35
9380	3.81E+35
9385	3.82E+35
9390	3.82E+35
9395	3.84E+35
9400	3.84E+35
9405	3.85E+35
9410	3.86E+35
9415	3.87E+35
9420	3.88E+35
9425	3.89E+35
9430	3.90E+35
9435	3.91E+35
9440	3.92E+35
9445	3.93E+35
9450	3.94E+35
9455	3.95E+35
9460	3.96E+35
9465	3.97E+35
9470	3.98E+35
9475	3.99E+35
9480	4.01E+35
9485	4.02E+35
9490	4.02E+35
9495	4.03E+35
9500	4.04E+35
9505	4.05E+35
9510	4.06E+35
9515	4.08E+35
9520	4.09E+35
9525	4.10E+35
9530	4.11E+35
9535	4.12E+35
9540	4.13E+35
9545	4.14E+35
9550	4.15E+35
9555	4.16E+35
9560	4.17E+35
9565	4.18E+35
9570	4.19E+35
9575	4.20E+35
9580	4.21E+35
9585	4.22E+35
9590	4.24E+35
9595	4.25E+35
9600	4.26E+35
9605	4.27E+35
9610	4.28E+35
9615	4.29E+35
9620	4.30E+35
9625	4.32E+35
9630	4.33E+35
9635	4.34E+35
9640	4.35E+35
9645	4.36E+35
9650	4.37E+35
9655	4.38E+35
9660	4.40E+35
9665	4.41E+35
9670	4.42E+35
9675	4.43E+35
9680	4.44E+35
9685	4.45E+35
9690	4.47E+35
9695	4.48E+35
9700	4.49E+35
9705	4.50E+35
9710	4.51E+35
9715	4.52E+35
9720	4.54E+35
9725	4.55E+35
9730	4.56E+35
9735	4.57E+35
9740	4.58E+35
9745	4.59E+35
9750	4.60E+35
9755	4.62E+35
9760	4.63E+35
9765	4.64E+35
9770	4.65E+35
9775	4.66E+35
9780	4.67E+35
9785	4.69E+35
9790	4.70E+35
9795	4.71E+35
9800	4.72E+35
9805	4.73E+35
9810	4.74E+35
9815	4.75E+35
9820	4.77E+35
9825	4.78E+35
9830	4.79E+35
9835	4.80E+35
9840	4.81E+35
9845	4.83E+35
9850	4.84E+35
9855	4.85E+35
9860	4.86E+35
9865	4.87E+35
9870	4.89E+35
9875	4.90E+35
9880	4.91E+35
9885	4.92E+35
9890	4.93E+35
9895	4.95E+35
9900	4.96E+35
9905	4.97E+35
9910	4.98E+35
9915	5.00E+35
9920	5.01E+35
9925	5.02E+35
9930	5.03E+35
9935	5.04E+35
9940	5.06E+35
9945	5.07E+35
9950	5.08E+35
9955	5.10E+35
9960	5.11E+35
9965	5.12E+35
9970	5.13E+35
9975	5.15E+35
9980	5.16E+35
9985	5.17E+35
9990	5.18E+35
9995	5.20E+35
10000	5.21E+35
10005	5.22E+35
10010	5.23E+35
10015	5.25E+35
10020	5.26E+35
10025	5.27E+35
10030	5.28E+35
10035	5.30E+35
10040	5.31E+35
10045	5.32E+35
10050	5.34E+35
10055	5.35E+35
10060	5.36E+35
10065	5.37E+35
10070	5.39E+35
10075	5.40E+35
10080	5.41E+35
10085	5.43E+35
10090	5.44E+35
10095	5.45E+35
10100	5.47E+35
10105	5.48E+35
10110	5.50E+35
10115	5.51E+35
10120	5.52E+35
10125	5.54E+35
10130	5.55E+35
10135	5.56E+35
10140	5.58E+35
10145	5.59E+35
10150	5.61E+35
10155	5.62E+35
10160	5.64E+35
10165	5.65E+35
10170	5.66E+35
10175	5.68E+35
10180	5.69E+35
10185	5.71E+35
10190	5.72E+35
10195	5.74E+35
10200	5.75E+35
10205	5.77E+35
10210	5.78E+35
10215	5.80E+35
10220	5.81E+35
10225	5.83E+35
10230	5.84E+35
10235	5.86E+35
10240	5.87E+35
10245	5.89E+35
10250	5.90E+35
10255	5.92E+35
10260	5.93E+35
10265	5.95E+35
10270	5.96E+35
10275	5.98E+35
10280	5.99E+35
10285	6.01E+35
10290	6.02E+35
10295	6.04E+35
10300	6.05E+35
10305	6.07E+35
10310	6.08E+35
10315	6.10E+35
10320	6.11E+35
10325	6.13E+35
10330	6.14E+35
10335	6.16E+35
10340	6.17E+35
10345	6.19E+35
10350	6.21E+35
10355	6.22E+35
10360	6.24E+35
10365	6.25E+35
10370	6.27E+35
10375	6.28E+35
10380	6.30E+35
10385	6.31E+35
10390	6.33E+35
10395	6.34E+35
10400	6.36E+35
10405	6.38E+35
10410	6.39E+35
10415	6.41E+35
10420	6.42E+35
10425	6.44E+35
10430	6.45E+35
10435	6.47E+35
10440	6.48E+35
10445	6.50E+35
10450	6.52E+35
10455	6.53E+35
10460	6.55E+35
10465	6.56E+35
10470	6.58E+35
10475	6.60E+35
10480	6.61E+35
10485	6.63E+35
10490	6.64E+35
10495	6.66E+35
10500	6.68E+35
10505	6.69E+35
10510	6.71E+35
10515	6.72E+35
10520	6.74E+35
10525	6.76E+35
10530	6.77E+35
10535	6.79E+35
10540	6.81E+35
10545	6.82E+35
10550	6.84E+35
10555	6.85E+35
10560	6.87E+35
10565	6.89E+35
10570	6.90E+35
10575	6.92E+35
10580	6.94E+35
10585	6.95E+35
10590	6.97E+35
10595	6.99E+35
10600	7.00E+35
10605	7.02E+35
10610	7.03E+35
10615	7.05E+35
10620	7.07E+35
10625	7.09E+35
10630	7.10E+35
10635	7.12E+35
10640	7.14E+35
10645	7.15E+35
10650	7.17E+35
10655	7.19E+35
10660	7.20E+35
10665	7.22E+35
10670	7.24E+35
10675	7.26E+35
10680	7.27E+35
10685	7.29E+35
10690	7.31E+35
10695	7.32E+35
10700	7.34E+35
10705	7.36E+35
10710	7.38E+35
10715	7.40E+35
10720	7.42E+35
10725	7.43E+35
10730	7.45E+35
10735	7.47E+35
10740	7.49E+35
10745	7.51E+35
10750	7.52E+35
10755	7.54E+35
10760	7.56E+35
10765	7.58E+35
10770	7.60E+35
10775	7.61E+35
10780	7.63E+35
10785	7.65E+35
10790	7.67E+35
10795	7.69E+35
10800	7.71E+35
10805	7.73E+35
10810	7.74E+35
10815	7.76E+35
10820	7.78E+35
10825	7.80E+35
10830	7.82E+35
10835	7.84E+35
10840	7.86E+35
10845	7.88E+35
10850	7.89E+35
10855	7.91E+35
10860	7.93E+35
10865	7.95E+35
10870	7.97E+35
10875	7.99E+35
10880	8.01E+35
10885	8.03E+35
10890	8.05E+35
10895	8.07E+35
10900	8.09E+35
10905	8.11E+35
10910	8.12E+35
10915	8.14E+35
10920	8.16E+35
10925	8.18E+35
10930	8.20E+35
10935	8.22E+35
10940	8.24E+35
10945	8.26E+35
10950	8.28E+35
10955	8.30E+35
10960	8.31E+35
10965	8.33E+35
10970	8.35E+35
10975	8.37E+35
10980	8.39E+35
10985	8.41E+35
10990	8.43E+35
10995	8.45E+35
11000	8.47E+35
11005	8.49E+35
11010	8.51E+35
11015	8.53E+35
11020	8.55E+35
11025	8.57E+35
11030	8.59E+35
11035	8.61E+35
11040	8.62E+35
11045	8.64E+35
11050	8.67E+35
11055	8.68E+35
11060	8.70E+35
11065	8.72E+35
11070	8.74E+35
11075	8.76E+35
11080	8.78E+35
11085	8.80E+35
11090	8.82E+35
11095	8.84E+35
11100	8.86E+35
11105	8.88E+35
11110	8.90E+35
11115	8.92E+35
11120	8.94E+35
11125	8.96E+35
11130	8.98E+35
11135	9.00E+35
11140	9.02E+35
11145	9.05E+35
11150	9.07E+35
11155	9.09E+35
11160	9.11E+35
11165	9.13E+35
11170	9.15E+35
11175	9.17E+35
11180	9.19E+35
11185	9.21E+35
11190	9.23E+35
11195	9.25E+35
11200	9.27E+35
11205	9.29E+35
11210	9.31E+35
11215	9.33E+35
11220	9.35E+35
11225	9.37E+35
11230	9.40E+35
11235	9.42E+35
11240	9.44E+35
11245	9.46E+35
11250	9.48E+35
11255	9.50E+35
11260	9.52E+35
11265	9.54E+35
11270	9.56E+35
11275	9.58E+35
11280	9.61E+35
11285	9.63E+35
11290	9.65E+35
11295	9.67E+35
11300	9.69E+35
11305	9.72E+35
11310	9.74E+35
11315	9.76E+35
11320	9.78E+35
11325	9.80E+35
11330	9.82E+35
11335	9.85E+35
11340	9.87E+35
11345	9.89E+35
11350	9.91E+35
11355	9.94E+35
11360	9.96E+35
11365	9.98E+35
11370	1.00E+36
11375	1.00E+36
11380	1.01E+36
11385	1.01E+36
11390	1.01E+36
11395	1.01E+36
11400	1.01E+36
11405	1.02E+36
11410	1.02E+36
11415	1.02E+36
11420	1.02E+36
11425	1.03E+36
11430	1.03E+36
11435	1.03E+36
11440	1.03E+36
11445	1.04E+36
11450	1.04E+36
11455	1.04E+36
11460	1.04E+36
11465	1.05E+36
11470	1.05E+36
11475	1.05E+36
11480	1.05E+36
11485	1.06E+36
11490	1.06E+36
11495	1.06E+36
11500	1.06E+36
11505	1.06E+36
11510	1.07E+36
11515	1.07E+36
11520	1.07E+36
11525	1.07E+36
11530	1.08E+36
11535	1.08E+36
11540	1.08E+36
11545	1.08E+36
11550	1.09E+36
11555	1.09E+36
11560	1.09E+36
11565	1.09E+36
11570	1.10E+36
11575	1.10E+36
11580	1.10E+36
11585	1.10E+36
11590	1.11E+36
11595	1.11E+36
11600	1.11E+36
11605	1.11E+36
11610	1.12E+36
11615	1.12E+36
11620	1.12E+36
11625	1.12E+36
11630	1.13E+36
11635	1.13E+36
11640	1.13E+36
11645	1.13E+36
11650	1.14E+36
11655	1.14E+36
11660	1.14E+36
11665	1.14E+36
11670	1.15E+36
11675	1.15E+36
11680	1.15E+36
11685	1.15E+36
11690	1.16E+36
11695	1.16E+36
11700	1.16E+36
11705	1.16E+36
11710	1.17E+36
11715	1.17E+36
11720	1.17E+36
11725	1.17E+36
11730	1.18E+36
11735	1.18E+36
11740	1.18E+36
11745	1.18E+36
11750	1.19E+36
11755	1.19E+36
11760	1.19E+36
11765	1.19E+36
11770	1.20E+36
11775	1.20E+36
11780	1.20E+36
11785	1.20E+36
11790	1.21E+36
11795	1.21E+36
11800	1.21E+36
11805	1.22E+36
11810	1.22E+36
11815	1.22E+36
11820	1.22E+36
11825	1.23E+36
11830	1.23E+36
11835	1.23E+36
11840	1.23E+36
11845	1.24E+36
11850	1.24E+36
11855	1.24E+36
11860	1.24E+36
11865	1.25E+36
11870	1.25E+36
11875	1.25E+36
11880	1.26E+36
11885	1.26E+36
11890	1.26E+36
11895	1.26E+36
11900	1.27E+36
11905	1.27E+36
11910	1.27E+36
11915	1.28E+36
11920	1.28E+36
11925	1.28E+36
11930	1.28E+36
11935	1.29E+36
11940	1.29E+36
11945	1.29E+36
11950	1.30E+36
11955	1.30E+36
11960	1.30E+36
11965	1.30E+36
11970	1.31E+36
11975	1.31E+36
11980	1.31E+36
11985	1.32E+36
11990	1.32E+36
11995	1.32E+36
12000	1.33E+36
12005	1.33E+36
12010	1.33E+36
12015	1.33E+36
12020	1.34E+36
12025	1.34E+36
12030	1.34E+36
12035	1.35E+36
12040	1.35E+36
12045	1.35E+36
12050	1.36E+36
12055	1.36E+36
12060	1.36E+36
12065	1.36E+36
12070	1.37E+36
12075	1.37E+36
12080	1.37E+36
12085	1.38E+36
12090	1.38E+36
12095	1.38E+36
12100	1.39E+36
12105	1.39E+36
12110	1.39E+36
12115	1.39E+36
12120	1.40E+36
12125	1.40E+36
12130	1.40E+36
12135	1.41E+36
12140	1.41E+36
12145	1.41E+36
12150	1.42E+36
12155	1.42E+36
12160	1.42E+36
12165	1.43E+36
12170	1.43E+36
12175	1.43E+36
12180	1.43E+36
12185	1.44E+36
12190	1.44E+36
12195	1.44E+36
12200	1.45E+36
12205	1.45E+36
12210	1.45E+36
12215	1.46E+36
12220	1.46E+36
12225	1.46E+36
12230	1.47E+36
12235	1.47E+36
12240	1.47E+36
12245	1.47E+36
12250	1.48E+36
12255	1.48E+36
12260	1.48E+36
12265	1.49E+36
12270	1.49E+36
12275	1.49E+36
12280	1.50E+36
12285	1.50E+36
12290	1.50E+36
12295	1.51E+36
12300	1.51E+36
12305	1.51E+36
12310	1.52E+36
12315	1.52E+36
12320	1.52E+36
12325	1.53E+36
12330	1.53E+36
12335	1.53E+36
12340	1.54E+36
12345	1.54E+36
12350	1.54E+36
12355	1.54E+36
12360	1.55E+36
12365	1.55E+36
12370	1.55E+36
12375	1.56E+36
12380	1.56E+36
12385	1.56E+36
12390	1.57E+36
12395	1.57E+36
12400	1.57E+36
12405	1.58E+36
12410	1.58E+36
12415	1.58E+36
12420	1.59E+36
12425	1.59E+36
12430	1.59E+36
12435	1.60E+36
12440	1.60E+36
12445	1.60E+36
12450	1.61E+36
12455	1.61E+36
12460	1.61E+36
12465	1.62E+36
12470	1.62E+36
12475	1.62E+36
12480	1.63E+36
12485	1.63E+36
12490	1.63E+36
12495	1.64E+36
12500	1.64E+36
12505	1.64E+36
12510	1.65E+36
12515	1.65E+36
12520	1.65E+36
12525	1.66E+36
12530	1.66E+36
12535	1.67E+36
12540	1.67E+36
12545	1.67E+36
12550	1.68E+36
12555	1.68E+36
12560	1.68E+36
12565	1.69E+36
12570	1.69E+36
12575	1.69E+36
12580	1.70E+36
12585	1.70E+36
12590	1.70E+36
12595	1.71E+36
12600	1.71E+36
12605	1.72E+36
12610	1.72E+36
12615	1.72E+36
12620	1.73E+36
12625	1.73E+36
12630	1.73E+36
12635	1.74E+36
12640	1.74E+36
12645	1.74E+36
12650	1.75E+36
12655	1.75E+36
12660	1.76E+36
12665	1.76E+36
12670	1.76E+36
12675	1.77E+36
12680	1.77E+36
12685	1.77E+36
12690	1.78E+36
12695	1.78E+36
12700	1.79E+36
12705	1.79E+36
12710	1.79E+36
12715	1.80E+36
12720	1.80E+36
12725	1.80E+36
12730	1.81E+36
12735	1.81E+36
12740	1.81E+36
12745	1.82E+36
12750	1.82E+36
12755	1.83E+36
12760	1.83E+36
12765	1.83E+36
12770	1.84E+36
12775	1.84E+36
12780	1.85E+36
12785	1.85E+36
12790	1.85E+36
12795	1.86E+36
12800	1.86E+36
12805	1.86E+36
12810	1.87E+36
12815	1.87E+36
12820	1.88E+36
12825	1.88E+36
12830	1.88E+36
12835	1.89E+36
12840	1.89E+36
12845	1.89E+36
12850	1.90E+36
12855	1.90E+36
12860	1.91E+36
12865	1.91E+36
12870	1.91E+36
12875	1.92E+36
12880	1.92E+36
12885	1.93E+36
12890	1.93E+36
12895	1.93E+36
12900	1.94E+36
12905	1.94E+36
12910	1.94E+36
12915	1.95E+36
12920	1.95E+36
12925	1.96E+36
12930	1.96E+36
12935	1.96E+36
12940	1.97E+36
12945	1.97E+36
12950	1.98E+36
12955	1.98E+36
12960	1.98E+36
12965	1.99E+36
12970	1.99E+36
12975	2.00E+36
12980	2.00E+36
12985	2.00E+36
12990	2.01E+36
12995	2.01E+36
13000	2.02E+36
13005	2.02E+36
13010	2.02E+36
13015	2.03E+36
13020	2.03E+36
13025	2.04E+36
13030	2.04E+36
13035	2.05E+36
13040	2.05E+36
13045	2.05E+36
13050	2.06E+36
13055	2.06E+36
13060	2.07E+36
13065	2.07E+36
13070	2.07E+36
13075	2.08E+36
13080	2.08E+36
13085	2.09E+36
13090	2.09E+36
13095	2.10E+36
13100	2.10E+36
13105	2.10E+36
13110	2.11E+36
13115	2.11E+36
13120	2.12E+36
13125	2.12E+36
13130	2.13E+36
13135	2.13E+36
13140	2.13E+36
13145	2.14E+36
13150	2.14E+36
13155	2.15E+36
13160	2.15E+36
13165	2.16E+36
13170	2.16E+36
13175	2.17E+36
13180	2.17E+36
13185	2.17E+36
13190	2.18E+36
13195	2.18E+36
13200	2.19E+36
13205	2.19E+36
13210	2.20E+36
13215	2.20E+36
13220	2.21E+36
13225	2.21E+36
13230	2.21E+36
13235	2.22E+36
13240	2.22E+36
13245	2.23E+36
13250	2.23E+36
13255	2.24E+36
13260	2.24E+36
13265	2.25E+36
13270	2.25E+36
13275	2.26E+36
13280	2.26E+36
13285	2.27E+36
13290	2.27E+36
13295	2.27E+36
13300	2.28E+36
13305	2.28E+36
13310	2.29E+36
13315	2.29E+36
13320	2.30E+36
13325	2.30E+36
13330	2.31E+36
13335	2.31E+36
13340	2.32E+36
13345	2.32E+36
13350	2.33E+36
13355	2.33E+36
13360	2.33E+36
13365	2.34E+36
13370	2.34E+36
13375	2.35E+36
13380	2.35E+36
13385	2.36E+36
13390	2.36E+36
13395	2.37E+36
13400	2.37E+36
13405	2.38E+36
13410	2.38E+36
13415	2.39E+36
13420	2.39E+36
13425	2.40E+36
13430	2.40E+36
13435	2.41E+36
13440	2.41E+36
13445	2.41E+36
13450	2.42E+36
13455	2.42E+36
13460	2.43E+36
13465	2.43E+36
13470	2.44E+36
13475	2.44E+36
13480	2.45E+36
13485	2.45E+36
13490	2.46E+36
13495	2.46E+36
13500	2.47E+36
13505	2.47E+36
13510	2.48E+36
13515	2.48E+36
13520	2.49E+36
13525	2.49E+36
13530	2.50E+36
13535	2.50E+36
13540	2.51E+36
13545	2.51E+36
13550	2.52E+36
13555	2.52E+36
13560	2.53E+36
13565	2.53E+36
13570	2.54E+36
13575	2.54E+36
13580	2.55E+36
13585	2.55E+36
13590	2.56E+36
13595	2.56E+36
13600	2.57E+36
13605	2.57E+36
13610	2.58E+36
13615	2.58E+36
13620	2.59E+36
13625	2.59E+36
13630	2.60E+36
13635	2.60E+36
13640	2.61E+36
13645	2.61E+36
13650	2.62E+36
13655	2.62E+36
13660	2.63E+36
13665	2.63E+36
13670	2.64E+36
13675	2.64E+36
13680	2.65E+36
13685	2.65E+36
13690	2.66E+36
13695	2.66E+36
13700	2.67E+36
13705	2.67E+36
13710	2.68E+36
13715	2.69E+36
13720	2.69E+36
13725	2.70E+36
13730	2.70E+36
13735	2.71E+36
13740	2.71E+36
13745	2.72E+36
13750	2.72E+36
13755	2.73E+36
13760	2.73E+36
13765	2.74E+36
13770	2.74E+36
13775	2.75E+36
13780	2.76E+36
13785	2.76E+36
13790	2.77E+36
13795	2.77E+36
13800	2.78E+36
13805	2.78E+36
13810	2.79E+36
13815	2.79E+36
13820	2.80E+36
13825	2.80E+36
13830	2.81E+36
13835	2.82E+36
13840	2.82E+36
13845	2.83E+36
13850	2.83E+36
13855	2.84E+36
13860	2.84E+36
13865	2.85E+36
13870	2.85E+36
13875	2.86E+36
13880	2.87E+36
13885	2.87E+36
13890	2.88E+36
13895	2.88E+36
13900	2.89E+36
13905	2.89E+36
13910	2.90E+36
13915	2.90E+36
13920	2.91E+36
13925	2.92E+36
13930	2.92E+36
13935	2.93E+36
13940	2.93E+36
13945	2.94E+36
13950	2.94E+36
13955	2.95E+36
13960	2.96E+36
13965	2.96E+36
13970	2.97E+36
13975	2.97E+36
13980	2.98E+36
13985	2.98E+36
13990	2.99E+36
13995	2.99E+36
14000	3.00E+36
14005	3.01E+36
14010	3.01E+36
14015	3.02E+36
14020	3.02E+36
14025	3.03E+36
14030	3.04E+36
14035	3.04E+36
14040	3.05E+36
14045	3.05E+36
14050	3.06E+36
14055	3.06E+36
14060	3.07E+36
14065	3.08E+36
14070	3.08E+36
14075	3.09E+36
14080	3.09E+36
14085	3.10E+36
14090	3.10E+36
14095	3.11E+36
14100	3.12E+36
14105	3.12E+36
14110	3.13E+36
14115	3.13E+36
14120	3.14E+36
14125	3.15E+36
14130	3.15E+36
14135	3.16E+36
14140	3.16E+36
14145	3.17E+36
14150	3.18E+36
14155	3.18E+36
14160	3.19E+36
14165	3.19E+36
14170	3.20E+36
14175	3.21E+36
14180	3.21E+36
14185	3.22E+36
14190	3.22E+36
14195	3.23E+36
14200	3.24E+36
14205	3.24E+36
14210	3.25E+36
14215	3.25E+36
14220	3.26E+36
14225	3.27E+36
14230	3.27E+36
14235	3.28E+36
14240	3.28E+36
14245	3.29E+36
14250	3.30E+36
14255	3.30E+36
14260	3.31E+36
14265	3.31E+36
14270	3.32E+36
14275	3.33E+36
14280	3.33E+36
14285	3.34E+36
14290	3.35E+36
14295	3.35E+36
14300	3.36E+36
14305	3.37E+36
14310	3.37E+36
14315	3.38E+36
14320	3.39E+36
14325	3.39E+36
14330	3.40E+36
14335	3.40E+36
14340	3.41E+36
14345	3.42E+36
14350	3.42E+36
14355	3.43E+36
14360	3.44E+36
14365	3.44E+36
14370	3.45E+36
14375	3.46E+36
14380	3.46E+36
14385	3.47E+36
14390	3.48E+36
14395	3.48E+36
14400	3.49E+36
14405	3.50E+36
14410	3.50E+36
14415	3.51E+36
14420	3.52E+36
14425	3.52E+36
14430	3.53E+36
14435	3.54E+36
14440	3.54E+36
14445	3.55E+36
14450	3.56E+36
14455	3.56E+36
14460	3.57E+36
14465	3.58E+36
14470	3.58E+36
14475	3.59E+36
14480	3.60E+36
14485	3.60E+36
14490	3.61E+36
14495	3.62E+36
14500	3.62E+36
14505	3.63E+36
14510	3.64E+36
14515	3.64E+36
14520	3.65E+36
14525	3.66E+36
14530	3.66E+36
14535	3.67E+36
14540	3.68E+36
14545	3.68E+36
14550	3.69E+36
14555	3.70E+36
14560	3.71E+36
14565	3.71E+36
14570	3.72E+36
14575	3.73E+36
14580	3.73E+36
14585	3.74E+36
14590	3.75E+36
14595	3.75E+36
14600	3.76E+36
14605	3.77E+36
14610	3.77E+36
14615	3.78E+36
14620	3.79E+36
14625	3.80E+36
14630	3.80E+36
14635	3.81E+36
14640	3.82E+36
14645	3.82E+36
14650	3.83E+36
14655	3.84E+36
14660	3.84E+36
14665	3.85E+36
14670	3.86E+36
14675	3.87E+36
14680	3.87E+36
14685	3.88E+36
14690	3.89E+36
14695	3.89E+36
14700	3.90E+36
14705	3.91E+36
14710	3.92E+36
14715	3.92E+36
14720	3.93E+36
14725	3.94E+36
14730	3.94E+36
14735	3.95E+36
14740	3.96E+36
14745	3.97E+36
14750	3.97E+36
14755	3.98E+36
14760	3.99E+36
14765	3.99E+36
14770	4.00E+36
14775	4.01E+36
14780	4.02E+36
14785	4.02E+36
14790	4.03E+36
14795	4.04E+36
14800	4.05E+36
14805	4.05E+36
14810	4.06E+36
14815	4.07E+36
14820	4.08E+36
14825	4.08E+36
14830	4.09E+36
14835	4.10E+36
14840	4.11E+36
14845	4.11E+36
14850	4.12E+36
14855	4.13E+36
14860	4.14E+36
14865	4.14E+36
14870	4.15E+36
14875	4.16E+36
14880	4.17E+36
14885	4.17E+36
14890	4.18E+36
14895	4.19E+36
14900	4.20E+36
14905	4.21E+36
14910	4.21E+36
14915	4.22E+36
14920	4.23E+36
14925	4.24E+36
14930	4.24E+36
14935	4.25E+36
14940	4.26E+36
14945	4.27E+36
14950	4.28E+36
14955	4.28E+36
14960	4.29E+36
14965	4.30E+36
14970	4.31E+36
14975	4.32E+36
14980	4.32E+36
14985	4.33E+36
14990	4.34E+36
14995	4.35E+36
15000	4.36E+36
15005	4.36E+36
15010	4.37E+36
15015	4.38E+36
15020	4.39E+36
15025	4.40E+36
15030	4.40E+36
15035	4.41E+36
15040	4.42E+36
15045	4.43E+36
15050	4.44E+36
15055	4.45E+36
15060	4.45E+36
15065	4.46E+36
15070	4.47E+36
15075	4.48E+36
15080	4.49E+36
15085	4.49E+36
15090	4.50E+36
15095	4.51E+36
15100	4.52E+36
15105	4.53E+36
15110	4.54E+36
15115	4.54E+36
15120	4.55E+36
15125	4.56E+36
15130	4.57E+36
15135	4.58E+36
15140	4.59E+36
15145	4.59E+36
15150	4.60E+36
15155	4.61E+36
15160	4.62E+36
15165	4.63E+36
15170	4.63E+36
15175	4.64E+36
15180	4.65E+36
15185	4.66E+36
15190	4.67E+36
15195	4.68E+36
15200	4.68E+36
15205	4.69E+36
15210	4.70E+36
15215	4.71E+36
15220	4.72E+36
15225	4.73E+36
15230	4.74E+36
15235	4.74E+36
15240	4.75E+36
15245	4.76E+36
15250	4.77E+36
15255	4.78E+36
15260	4.79E+36
15265	4.80E+36
15270	4.80E+36
15275	4.81E+36
15280	4.82E+36
15285	4.83E+36
15290	4.84E+36
15295	4.85E+36
15300	4.86E+36
15305	4.86E+36
15310	4.87E+36
15315	4.88E+36
15320	4.89E+36
15325	4.90E+36
15330	4.91E+36
15335	4.92E+36
15340	4.92E+36
15345	4.93E+36
15350	4.94E+36
15355	4.95E+36
15360	4.96E+36
15365	4.97E+36
15370	4.98E+36
15375	4.99E+36
15380	4.99E+36
15385	5.00E+36
15390	5.01E+36
15395	5.02E+36
15400	5.03E+36
15405	5.04E+36
15410	5.05E+36
15415	5.06E+36
15420	5.07E+36
15425	5.07E+36
15430	5.08E+36
15435	5.09E+36
15440	5.10E+36
15445	5.11E+36
15450	5.12E+36
15455	5.13E+36
15460	5.14E+36
15465	5.15E+36
15470	5.16E+36
15475	5.16E+36
15480	5.17E+36
15485	5.18E+36
15490	5.19E+36
15495	5.20E+36
15500	5.21E+36
15505	5.22E+36
15510	5.23E+36
15515	5.24E+36
15520	5.25E+36
15525	5.26E+36
15530	5.27E+36
15535	5.28E+36
15540	5.29E+36
15545	5.29E+36
15550	5.30E+36
15555	5.31E+36
15560	5.32E+36
15565	5.33E+36
15570	5.34E+36
15575	5.35E+36
15580	5.36E+36
15585	5.37E+36
15590	5.38E+36
15595	5.39E+36
15600	5.40E+36
15605	5.41E+36
15610	5.42E+36
15615	5.43E+36
15620	5.44E+36
15625	5.45E+36
15630	5.46E+36
15635	5.47E+36
15640	5.48E+36
15645	5.49E+36
15650	5.50E+36
15655	5.50E+36
15660	5.51E+36
15665	5.52E+36
15670	5.53E+36
15675	5.54E+36
15680	5.55E+36
15685	5.56E+36
15690	5.57E+36
15695	5.58E+36
15700	5.59E+36
15705	5.60E+36
15710	5.61E+36
15715	5.62E+36
15720	5.63E+36
15725	5.64E+36
15730	5.65E+36
15735	5.66E+36
15740	5.67E+36
15745	5.68E+36
15750	5.69E+36
15755	5.70E+36
15760	5.71E+36
15765	5.72E+36
15770	5.73E+36
15775	5.74E+36
15780	5.75E+36
15785	5.76E+36
15790	5.77E+36
15795	5.78E+36
15800	5.79E+36
15805	5.80E+36
15810	5.81E+36
15815	5.82E+36
15820	5.83E+36
15825	5.84E+36
15830	5.85E+36
15835	5.86E+36
15840	5.87E+36
15845	5.88E+36
15850	5.89E+36
15855	5.90E+36
15860	5.91E+36
15865	5.92E+36
15870	5.93E+36
15875	5.94E+36
15880	5.95E+36
15885	5.96E+36
15890	5.97E+36
15895	5.98E+36
15900	5.99E+36
15905	6.00E+36
15910	6.01E+36
15915	6.02E+36
15920	6.03E+36
15925	6.04E+36
15930	6.05E+36
15935	6.06E+36
15940	6.07E+36
15945	6.08E+36
15950	6.10E+36
15955	6.11E+36
15960	6.12E+36
15965	6.13E+36
15970	6.14E+36
15975	6.15E+36
15980	6.16E+36
15985	6.17E+36
15990	6.18E+36
15995	6.19E+36
16000	6.20E+36
16005	6.21E+36
16010	6.22E+36
16015	6.23E+36
16020	6.24E+36
16025	6.25E+36
16030	6.26E+36
16035	6.28E+36
16040	6.29E+36
16045	6.30E+36
16050	6.31E+36
16055	6.32E+36
16060	6.33E+36
16065	6.34E+36
16070	6.35E+36
16075	6.36E+36
16080	6.37E+36
16085	6.38E+36
16090	6.40E+36
16095	6.41E+36
16100	6.42E+36
16105	6.43E+36
