==============================
colrel_FactorOne
W4->P2
[[-22.661071229394057, 32.60428035558447, -13.380848475555165, 2.45853937586366, 44.28180136257009, -63.270280161752666, 25.89843611217576, -4.799051003237133, -39.58127819859247, 56.74649379307778, -23.20823120942467, 4.262250143354174, 33.094597930750346, -47.39980717332185, 19.408893578149577, -3.574999034204414, -25.428639221501214, 36.29587790020741, -14.807001740674698, 2.7145513427660104, 17.793431464984547, -25.383475913254863, 10.331008990917896, -1.8824052414279135, -11.371474669929263, 16.149603411113468, -6.554312610407525, 1.1856819491157193, 6.4800517357814424, -9.162517994687594, 3.698022655467779, -0.6627792057115127, -3.2557257156200157, 4.571805759165626, -1.8353719182652009, 0.32521974488928673, 1.3884748006088248, -1.934056311093114, 0.7698664020783684, -0.13361999006927722, -0.4786866053493131, 0.654959498294027, -0.25759348689088263, 0.04363384811185128, 0.11572548652798391, -0.15385379816587763, 0.0588608296623542, -0.009485081700867573, -0.013376034122941725, 0.015859611195950408, -0.005581451712217817, 0.0006775681871082972]]
P1->P2
[[5.358706557952974, -9.795792154091036, 5.005045086298733, -2.0591739292552655, -10.202493096581708, 18.67195849450084, -9.532009238447515, 3.930029261698314, 8.986716271377443, -16.469946615228103, 8.39937682049373, -3.471839524716421, -7.497411050486313, 13.736072755041514, -7.006707541049313, 2.8940577783886257, 5.8440760082360255, -10.699912258078333, 5.460073094342711, -2.252115805651085, -4.170139824309276, 7.633289142434627, -3.8955793758855997, 1.606063051633292, 2.7065322129316325, -4.952397522294814, 2.528075654555594, -1.0416618803811406, -1.5835817207800107, 2.896051290001022, -1.4789654226340125, 0.6088263714825133, 0.8186312421631003, -1.4961226719482839, 0.7644652841656968, -0.3143842181415677, -0.36310835809791714, 0.6629768370970294, -0.3390511581505855, 0.1392472689000874, 0.13129498382633506, -0.23940718970840585, 0.12259368285466232, -0.050268960938837, -0.03515552068990967, 0.063946111323039, -0.032823372361230126, 0.013416254368304138, 0.005420649881894197, -0.009807235179568021, 0.0050532062552621024, -0.002047945253677276]]
W4->P1
[[40.53698247350622, -68.24820967077909, 41.77511483395863, -14.679042236968511, -73.35497923759715, 123.9978879679833, -75.83416568504055, 27.372248153654528, 60.009084884199694, -101.92020586422984, 62.914307083576404, -23.03071463237962, -49.11607984302333, 83.2077546165935, -51.6180228983416, 18.785983139522674, 37.770964057325635, -64.01946222565827, 39.704308874201466, -14.454500957240972, -26.30501654906541, 44.52836336695684, -27.699148208698976, 10.051113767826731, 16.591511707248767, -28.056923031341224, 17.505383258910598, -6.335272858990449, -9.344147801643864, 15.764612804290511, -9.884257399140639, 3.557199674456583, 4.54961537530961, -7.653586292779019, 4.836627283823038, -1.7291415585560874, -1.823864421441986, 3.0510516430229346, -1.9590009614957875, 0.6923094727395747, 0.5318282123692027, -0.8800411130451242, 0.5869341805440527, -0.2032336528202666, -0.08623993934699074, 0.13618550442094068, -0.10373546835696022, 0.0332132217251496, -0.011387049437411428, 0.022114421231443027, -0.007430030864957956, 0.003928128332650789]]
==============================
colrel_FractionOne
W4->P2
[[-1.86405120916493, 2.3495425227952413, -0.9115475001059242, 0.27441842795094984, 3.765071983412527, -4.54924626859527, 1.7460562741786259, -0.5364791638942309, -3.27074795331735, 4.086011631619138, -1.579839354234523, 0.4799639859641565, 2.811238017120069, -3.4349124461076035, 1.3225750723482224, -0.4031369262626002, -2.157300808590576, 2.665896380871049, -1.0308177682267712, 0.316818095032108, 1.5480966361695387, -1.8978490639193024, 0.7313635295008873, -0.22487186116670216, -1.0129101647009804, 1.2452958840450048, -0.4814335861389743, 0.1493862468540592, 0.6011137146692752, -0.7343947551762636, 0.28410956432684514, -0.08893834575247206, -0.315459998528684, 0.38576254885189415, -0.14922040276660406, 0.04742063048022453, 0.14438436052224837, -0.1751669143458269, 0.06794916067331977, -0.021841091891626467, -0.0542787386092155, 0.06560437326328201, -0.025339106261873055, 0.008378148372767347, 0.01565079317533837, -0.01861741713319613, 0.007258622908878037, -0.0025059913197568425, -0.0026316893794652786, 0.003167537422277295, -0.0011890933404405512, 0.00042993062334106575]]
P1->P2
[[4.113906838691107, -7.241349938359038, 3.7571923250673214, -1.328589507774146, -7.927151599869812, 13.949147124445757, -7.239346864345645, 2.557659884392782, 7.1191796585104585, -12.520893380670751, 6.500622475866501, -2.2933526771347177, -5.973624637779166, 10.5034419155272, -5.45384772664597, 1.9227879065689026, 4.651150142202957, -8.176757927840587, 4.2457576539203155, -1.4962364444789356, -3.3361833988053373, 5.862897122267079, -3.0447133259239956, 1.071948543673398, 2.19063793021224, -3.8474594459681075, 1.99865212034449, -0.702591514279537, -1.3022908482050393, 2.285317617552996, -1.1877152385019838, 0.4166433048816178, 0.6891148820492274, -1.207903040296554, 0.6282045522676254, -0.21974924847243227, -0.315866127565221, 0.5528301901807023, -0.2878031129198525, 0.10031174330110759, 0.11982772364028473, -0.20929612648611046, 0.10912272484455805, -0.0378509386307874, -0.03453356090406721, 0.06014029545864861, -0.031429107807005974, 0.010826573842555353, 0.006001696426984603, -0.010402893776416662, 0.0054579518265738215, -0.001860625229676392]]
W4->P1
[[-6.030023392426592, 9.69820120438118, -5.643205970496205, 1.4646446542331806, 13.300845299358876, -20.356167913614513, 11.657443103257835, -3.2137063486709367, -11.960978067455072, 18.449042716097335, -10.500137994746579, 2.97032993313645, 9.483285229885038, -14.534262162106446, 8.305442036021512, -2.3189127203859847, -7.2045759178198, 11.032686645246546, -6.306915896926053, 1.7596105770878911, 4.949057067732195, -7.550094826472373, 4.325613207340954, -1.199073165484166, -3.056365935025284, 4.642241200841823, -2.666903455481075, 0.7343038378755057, 1.6621724904243955, -2.504585119438473, 1.4458733393507817, -0.3929318225673253, -0.7676515661461181, 1.1417775954643723, -0.6644016903834122, 0.17681163450199577, 0.27856858263553763, -0.40273390556823885, 0.23859528426127383, -0.060534253519888045, -0.06284875443745915, 0.08240500553037407, -0.051889037805415324, 0.01106095724186496, -0.0013556996108046362, 0.008360787966575736, -0.0025576008891018444, 0.0022811740013645434, 0.007397729628767823, -0.013279577012804866, 0.0069446246604502925, -0.0024100211256118625]]
