==============================
B1_Frequencies_1
P1->P2
[[-0.5817858619999001, -0.6730233262957812, -0.28184975372540466, -0.09753600498808773, -0.025981194196707507, -0.004158830420953501, 0.00022219783275081263, 0.0004609223934956421]]
==============================
B1_Energy_1
P1->P2
[[-0.0016662737522862667, 0.0014579880488956917, 6.2821737889987315e-09, -1.4110905331153977e-08, 1.065744070923232e-08, -4.5674690446504344e-10, 4.512204585233791e-09, -4.392119955035923e-09]]
==============================
P2_Energy_1
P1->P2
[[0.0, 0.0, 0.0, 0.0, 0.0, 0.0, 0.0, 0.0]]
==============================
P2_Frequencies_1
P1->P2
[[0.0, 0.0, 0.0, 0.0, 0.0, 0.0, 0.0, 0.0]]
==============================
P1_SymmetryFactor_1
P1->P2
[[0.4342941585526772, -2.243601311138748e-06, 5.9600798978794e-07, 2.470191087128832e-06, 1.9793257277549953e-06, 9.230113898674825e-07, 3.743713678205263e-06, -5.092612908101441e-06]]
==============================
P1_Frequencies_1
P1->P2
[[0.17971549556567518, 0.2961236571343194, 0.1740474236662137, 0.07817363071119227, 0.029859763439053173, 0.011086284171614289, 0.004217160313719374, 0.0019058407999876055]]
==============================
B1_ImaginaryFrequency_1
P1->P2
[[0.19833142095897155, -0.1712362623266913, -0.009502211359597081, 0.006689152199857166, 0.005299253921711309, -0.005629373782283597, 0.007518602810379962, 0.0024065876833959483]]
==============================
P2_SymmetryFactor_1
P1->P2
[[0.0, 0.0, 0.0, 0.0, 0.0, 0.0, 0.0, 0.0]]
==============================
B1_SymmetryFactor_1
P1->P2
[[-0.43429450452844603, -2.986305562175741e-06, 4.115960149971144e-06, 1.0057998360347796e-06, 2.8476535177757938e-06, 4.943458016645224e-06, 1.5685718177009076e-07, -9.777681207734825e-07]]
==============================
P1_Energy_1
P1->P2
[[0.0016662718089252005, -0.0014579984906276891, 1.6310768896554148e-08, -4.7630241999492935e-09, 1.8399553897471383e-08, 6.399385234306812e-10, 9.277651972162519e-09, -4.799474293952493e-09]]
