==============================
B0_SymmetryFactor_1
W4->P2
[[-4.628456038203967, 7.540955427274116, -3.948917467703986, 1.0414135551323065, 8.98902147594089, -14.643731898473273, 7.669030243165355, -2.0223941436372486, -8.238427480926743, 13.42557795991011, -7.030284757229024, 1.8561336197782325, 7.110914067357201, -11.590070897760555, 6.069267111470127, -1.6044301193575494, -5.773149547937494, 9.414769621431178, -4.9295626907949055, 1.3060590057922765, 4.394880643433103, -7.170581960934265, 3.754312255973964, -0.9973524937431386, -3.123897553111465, 5.10086621795483, -2.6703016757043403, 0.7118176815682578, 2.0624933566724146, -3.3705152789562947, 1.7642408546667288, -0.4722454364663052, -1.2543364450020407, 2.0521044144800507, -1.0739365255151638, 0.2888815621741801, 0.6954193220788325, -1.1390834662081655, 0.5959950932261312, -0.1612449110225111, -0.34558226095088923, 0.5669379855648011, -0.29655082459425613, 0.08076553866608346, 0.15038712393178721, -0.24713490516378192, 0.1292219193593319, -0.03546344012371632, -0.054870658816732594, 0.09037526193390846, -0.0472329356407732, 0.013075890847767958, 0.015545161963484646, -0.025667455262415532, 0.013404485173704735, -0.003748768443571508, -0.0026785636311721013, 0.004441829000022447, -0.0023146944626805574, 0.0006517023484712203]]
P1->P2
[[-12.778548433999978, 22.84958183633312, -12.261094149373854, 3.7187915453196636, 24.775109950807348, -44.33336643151899, 23.78929575693107, -7.216940764222966, -22.59988557014896, 40.45834771320681, -21.71033504040767, 6.590521882731647, 19.3756500288902, -34.693006155466115, 18.61753912358387, -5.657642615637774, -15.573927016979294, 27.89457182656254, -14.970352542895816, 4.556226381635031, 11.700440379380861, -20.965111264586316, 11.252488801902864, -3.4316332030226917, -8.179761931882004, 14.663502014328616, -7.871108828005276, 2.406613117797381, 5.289020602523216, -9.486374073033895, 5.092724598192143, -1.5621183372830874, -3.136843513754131, 5.629259744766029, -3.0224100040942155, 0.9307419903301791, 1.686340943796821, -3.027757885008994, 1.6258057341008332, -0.5030798716558871, -0.8078889621504862, 1.4510149012135, -0.7791861782328946, 0.24253039581011512, 0.33589863091142613, -0.6032571768101758, 0.32391765050217125, -0.10155827609318209, -0.11591748043477958, 0.20799236422121115, -0.11163829995754852, 0.035321865030414755, 0.030398385806408815, -0.05440264754371314, 0.029168591734555577, -0.009336858325146094, -0.004650799493510282, 0.00828752172679234, -0.004426304717373926, 0.0014377180380244596]]
W4->P1
[[44.605028710865724, -69.01435291372148, 36.72360021513238, -11.822346133581606, -86.53905222696467, 133.8518607732836, -71.22742517492088, 22.930391786502785, 78.87732668959006, -121.98242243690673, 64.91470892766743, -20.902270350411264, -67.46384287092262, 104.32348140327132, -55.5215612982235, 17.883903795959053, 54.044467439803746, -83.55984349378059, 44.4761298916209, -14.332685280501554, -40.41681684927931, 62.479587618084835, -33.260511786750165, 10.724941844623952, 28.086221279377668, -43.40975933862329, 23.112772698012034, -7.458303965485032, -18.019923987698565, 27.84641094416781, -14.829156468177956, 4.789479102773282, 10.579685245021585, -16.346510878230156, 8.706829722445727, -2.8149336037794765, -5.613013172141568, 8.67220310020102, -4.620074069908175, 1.4953419422081904, 2.6415987736579742, -4.081954482379254, 2.174997885553382, -0.704790237648902, -1.0708414943157913, 1.655633223358552, -0.8822435748223746, 0.2862200484310172, 0.3560312662822687, -0.5512421112241176, 0.29371311587039217, -0.09538110402287125, -0.08783093572890774, 0.1364160200733646, -0.07264846617888271, 0.023604506131088145, 0.012501994844151562, -0.019537673597582832, 0.010388705930901467, -0.0033740663092289977]]
==============================
B0_Energy_1
W4->P2
[[0.02685782464774097, -0.03503051998972539, 0.022583903416767654, -0.006028033489854083, -0.05210321884751697, 0.06796018264007225, -0.04381247303299877, 0.011695671691009163, 0.04749529436694042, -0.061910640674653, 0.03993136102368366, -0.010653484925915835, -0.04065930996433972, 0.05296241746913315, -0.03417839135049367, 0.009113911652225913, 0.03261093288459432, -0.042426227337556036, 0.02740431495205461, -0.007300342417187243, -0.024422285777473258, 0.031722019621208845, -0.020515235415554646, 0.005458164823626773, 0.01700656859991627, -0.02204355771455462, 0.014278369689287704, -0.003792685025730066, -0.010936444561538798, 0.014136642342698093, -0.00917593849112781, 0.002432062673006363, 0.006440662644303494, -0.008296095593354957, 0.005399160060366543, -0.0014271770776702196, -0.0034300865652348187, 0.00439816841653839, -0.0028722368849913014, 0.0007565696278300444, 0.0016226040344941449, -0.002068048451312677, 0.0013566872604762242, -0.00035573438986889115, -0.0006629572579809189, 0.0008380496943100558, -0.0005532020031518546, 0.00014416964558745977, 0.00022364086461251135, -0.0002794905504422022, 0.00018607903832279764, -4.809518434331441e-05, -5.655609376373122e-05, 6.93449254653705e-05, -4.684255173730935e-05, 1.1941514682422362e-05, 8.864266029430772e-06, -1.0586446195422532e-05, 7.280325556497728e-06, -1.8270551983027598e-06]]
P1->P2
[[0.060928690993829276, -0.005150352381246206, -0.005709213642969431, -0.0026410338922733196, -0.11827520956762272, 0.00996024045934496, 0.011094985757044986, 0.0051205046157823605, 0.10796533236705669, -0.008962415026713348, -0.010194649560758128, -0.004655658717317998, -0.09247592097804537, 0.007438170627434912, 0.008874529009424849, 0.003955035179221974, 0.0741876975214742, -0.005653962236949298, -0.007308904435979422, -0.0031291695340967076, -0.055562445386378036, 0.003894711088680615, 0.00567936150445044, 0.0022957049713422167, 0.038645450901373196, -0.00236751923575969, -0.0041572536577177055, -0.0015482417727611187, -0.024781980540205858, 0.001200979705848742, 0.0028587898425384353, 0.0009471710285609187, 0.01449994342693921, -0.0004268290359870903, -0.0018408228641247676, -0.0005139828168572334, -0.007626328741028987, 5.630645625933829e-06, 0.0011018586478555921, 0.00023802289297856016, 0.0035234533124288976, 0.0001574945989397292, -0.0006070131751696843, -8.606563337685388e-05, -0.001376493522359699, -0.000167696310951197, 0.0003021924356801736, 1.7605311048627442e-05, 0.00042334608199839116, 0.00011463708206055973, -0.00013161936061078738, 4.189576363590044e-06, -8.775135540298586e-05, -5.4745782604673224e-05, 4.630453618075572e-05, -5.609393522451948e-06, 7.338479004893225e-06, 1.5528181441407225e-05, -1.0587171348044352e-05, 2.1459306774957598e-06]]
W4->P1
[[1.321406897334325, -1.8992188871686941, 1.0135556308754212, -0.3357802234845239, -2.5639231122791646, 3.684838059255934, -1.9664848185267667, 0.6514718711170562, 2.339098601856488, -3.361548335530545, 1.7939063986422272, -0.5943259433126977, -2.0038566744657134, 2.8796758572376087, -1.5366750283842054, 0.509150143999951, 1.6086829947374972, -2.311659076660878, 1.2334804699632413, -0.40873836402324193, -1.2061773958952013, 1.733148249934953, -0.9247045351791957, 0.30646807321355946, 0.8406162061571439, -1.207773442845731, 0.6443163964511847, -0.21358541218828642, -0.540885693486574, 0.7770484005385571, -0.41446925676058893, 0.13743037346407458, 0.3183227873012775, -0.45725267032411093, 0.2438435416071673, -0.08088239788895192, -0.16906499772492414, 0.24281676319743806, -0.12945450918449633, 0.0429595601909648, 0.079427417406398, -0.11405700173105728, 0.06078605596379402, -0.020184427816153285, -0.03197423276381925, 0.045905989639270284, -0.024453031312975954, 0.008126842454715464, 0.010423461844787407, -0.01496199709701954, 0.007963610453107645, -0.002650304984039529, -0.0024593181430293196, 0.0035294841863446444, -0.0018759430662324322, 0.0006258979224347261, 0.00031758575568858143, -0.00045583839819490014, 0.0002416052304077824, -8.094021977294327e-05]]
==============================
B0_Frequencies_1
W4->P2
[[-1.4253823462349595, 2.379859006758927, -1.146715848238865, 0.1903553411318668, 2.7729059735630734, -4.6293166193339745, 2.2311587842816283, -0.3712372184493373, -2.551275620248461, 4.260909911284272, -2.054556609097159, 0.3446860965353706, 2.217884867020405, -3.7048691179096305, 1.7881629150480949, -0.3038557142274293, -1.8179725430578093, 3.0388252985640376, -1.4684027125026335, 0.2540480946421123, 1.4014681747199866, -2.343759984644063, 1.1344006917842384, -0.20063292029174326, -1.0116601992964063, 1.693438514001664, -0.8211443665552735, 0.1490936266709895, 0.68008661782471, -1.1392541175921653, 0.5536715690770472, -0.10350814967014026, -0.42253631572284117, 0.7086743356050393, -0.34525481313146705, 0.06667787457474554, 0.2398439269047168, -0.4026421973631763, 0.19671118124624767, -0.039304132432865097, -0.12245719830324227, 0.20589043462470225, -0.10087957397534418, 0.020895805943537325, 0.05489832430322438, -0.09239210002342318, 0.04541947922537676, -0.009756469722702641, -0.020599827936759796, 0.034739825615715654, -0.017123035464264982, 0.0038058128627891158, 0.006085167289045862, -0.010266652808936402, 0.005082751832114594, -0.0011737440427193183, -0.0010979871619647417, 0.0018610813496330095, -0.0009206388876659719, 0.00021411254700192227]]
P1->P2
[[4.761092110634335, -8.465018100934584, 4.414046508011567, -1.6101315870040034, -9.18627328674985, 16.323989487825397, -8.511413586612635, 3.10616213985098, 8.217314650565402, -14.621686573748121, 7.6220197474880615, -2.7855333840188825, -6.814128770260891, 12.13623163312868, -6.323729894397711, 2.316939985103699, 5.204853701686, -9.29103129742133, 4.838040338234387, -1.7797046384310022, -3.6371935482790123, 6.512539191774159, -3.387927650698825, 1.2538430456708944, 2.2956287827989432, -4.130347809422504, 2.1455518402952043, -0.8014603742647427, -1.282421628363008, 2.3254573708734068, -1.2052346156046132, 0.4569513795396472, 0.6106531583021344, -1.122854753762132, 0.5796745719490926, -0.225601454226913, -0.22734741835815261, 0.43116201227049494, -0.22075562146025504, 0.09079385313835123, 0.04796041031478779, -0.1024253019851325, 0.05093317431996152, -0.025142831728149743, 0.012116128625778376, -0.012162427683154937, 0.007622820583782217, 0.0008268816890476641, -0.01837770857272589, 0.028426094986179967, -0.01536083850689928, 0.003957090138140315, 0.009843681967329583, -0.016024911877905036, 0.008526071405768424, -0.002531212049392175, -0.0026951488128825257, 0.004471800724727782, -0.0023601265947517675, 0.000733836329749929]]
W4->P1
[[15.561051283887664, -24.133785637972142, 11.715285868245816, -1.9543827322786373, -30.16149585907036, 46.77320240529698, -22.70530963537301, 3.787006026228541, 27.429159518686113, -42.5363895864224, 20.64970961314461, -3.4405988361234443, -23.385400053478463, 36.25984970584103, -17.603988732583268, 2.928401658010083, 18.643808369054756, -28.90457389491455, 14.034564235012864, -2.328897750199779, -13.852709243263467, 21.47141840830547, -10.426766666754514, 1.7242193998524649, 9.545436069086307, -14.79115059129727, 7.183847745346579, -1.1823824558514473, -6.058487628298259, 9.38394679519119, -4.558376448693557, 0.7454269463845365, 3.5088574839154227, -5.431874348040773, 2.639007123481289, -0.42779019671337143, -1.8301192456788757, 2.8308910213157787, -1.3755303033241306, 0.22030935832338078, 0.8426316183561685, -1.3019378341968042, 0.6326061466414938, -0.09953841418133094, -0.3322762062403684, 0.5124764690728405, -0.24893298150206528, 0.03810540769479051, 0.10678928487607468, -0.16425124993614562, 0.07972229167971241, -0.011678559138218646, -0.025391800462630947, 0.038867172648046525, -0.018826925442854033, 0.002547581294508537, 0.0036188906301251257, -0.0055103866083868564, 0.002666647457600306, -0.0003267229213780484]]
