0    0.0
50    497.1287376
100    1010.8410444
150    1649.0646216
200    2461.7748672
250    3513.6883386
300    4773.5369748
350    6327.9118584
400    8103.740535
450    10191.0379824
500    12562.48367
550    15315.184709
600    18346.838697
650    21733.906348
700    25476.700546
750    29513.52261
800    34037.059672
850    39063.062456
900    44485.878261
950    50252.322879
1000    56519.993387
1050    63360.747989
1100    70697.929302
1150    79150.258088
1200    88332.306601
1250    98152.132397
1300    108749.295182
1350    120222.16217
1400    132658.23967
1450    146380.98376
1500    161341.22103
1550    177080.02939
1600    194200.4042
1650    212710.26887
1700    232623.09961
1750    253844.35219
1800    276580.24746
1850    300677.34972
1900    325787.66066
1950    352854.88975
2000    381400.99976
2050    411386.00998
2100    443363.43711
2150    477426.5364
2200    513101.71396
2250    551459.17365
2300    591987.83688
2350    634341.36491
2400    678356.9452
2450    724746.19503
2500    773760.55823
2550    825725.65438
2600    880882.12883
2650    938726.99481
2700    999121.00233
2750    1062817.44987
2800    1130279.766
2850    1201097.4701
2900    1275851.599
2950    1353933.6118
3000    1435135.9429
3050    1519553.8831
3100    1608048.8666
3150    1700403.5598
3200    1797213.4103
3250    1898653.0475
3300    2004121.3005
3350    2114592.1511
3400    2230270.1322
3450    2350442.1325
3500    2474452.7841
3550    2603625.5883
3600    2738278.994
3650    2878825.5188
3700    3026572.9483
3750    3180125.7719
3800    3339100.4801
3850    3504459.035
3900    3677095.389
3950    3856681.8466
4000    4043913.7112
4050    4237315.8289
4100    4437071.0989
4150    4643661.3993
4200    4858587.173
4250    5081910.7537
4300    5313531.5607
4350    5553867.3014
4400    5802418.8904
4450    6060065.5962
4500    6327991.8504
4550    6605052.0965
4600    6890075.6991
4650    7185282.9785
4700    7490705.1714
4750    7805351.7234
4800    8133279.3179
4850    8471936.0341
4900    8820721.8825
4950    9181261.9591
5000    9554871.0598
5050    9941221.6882
5100    10341951.7025
5150    10754124.7748
5200    11177584.803
5250    11614068.653
5300    12065219.1
5350    12531640.649
5400    13013098.318
5450    13508265.694
5500    14016839.672
5550    14539313.294
5600    15078923.717
5650    15635603.346
5700    16207761.526
5750    16797639.694
5800    17405444.485
5850    18026717.841
5900    18668470.601
5950    19329776.785
6000    20008913.991
6050    20707769.313
6100    21428614.075
6150    22170439.28
6200    22935126.082
6250    23722377.404
6300    24528160.855
6350    25352044.157
6400    26200360.329
6450    27074282.62
6500    27973450.615
6550    28897301.092
6600    29841870.344
6650    30809209.431
6700    31803207.095
6750    32825288.144
6800    33874109.896
6850    34950835.194
6900    36053399.899
6950    37175234.228
7000    38327064.391
7050    39510592.847
7100    40724447.368
7150    41968563.131
7200    43246747.082
7250    44556725.488
7300    45899671.499
7350    47279445.818
7400    48691313.088
7450    50134715.499
7500    51616106.674
7550    53137237.615
7600    54696321.427
7650    56294883.458
7700    57921834.795
7750    59582984.901
7800    61284153.711
7850    63029212.73
7900    64816304.157
7950    66647103.303
8000    68517893.84
8050    70422949.872
8100    72371400.376
8150    74368533.239
8200    76412986.606
8250    78503339.266
8300    80642572.615
8350    82826885.68
8400    85055393.654
8450    87338896.183
8500    89673005.598
8550    92055973.548
8600    94490399.531
8650    96979714.403
8700    99522725.423
8750    102124808.808
8800    104775492.294
8850    107478464.192
8900    110241403.36
8950    113069272.36
9000    115960363.53
9050    118914700.52
9100    121926908.18
9150    124989860.38
9200    128111116.32
9250    131303900.75
9300    134567088.37
9350    137898187.68
9400    141302494.19
9450    144773181.3
9500    148305610.86
9550    151917003.81
9600    155603546.12
9650    159362935.49
9700    163197877.7
9750    167105488.55
9800    171080444.48
9850    175139133.51
9900    179275237.9
9950    183486655.66
10000    187777711.88
10050    192157033.42
10100    196624844.24
10150    201182357.42
10200    205827170.78
10250    210548515.43
10300    215354277.38
10350    220260069.15
10400    225266733.89
10450    230369869.29
10500    235575110.98
10550    240869550.13
10600    246246428.45
10650    251730893.15
10700    257323158.18
10750    263020079.74
10800    268824630.03
10850    274733966.65
10900    280740410.83
10950    286859265.0
11000    293092721.02
11050    299435441.91
11100    305891182.74
11150    312465971.73
11200    319146680.49
11250    325943473.79
11300    332864861.45
11350    339893638.92
11400    347037482.77
11450    354313955.49
11500    361725545.94
11550    369268719.71
11600    376953033.82
11650    384765030.87
11700    392696126.68
11750    400772464.07
11800    408997894.14
11850    417369465.48
11900    425886407.65
11950    434546474.45
12000    443338605.49
12050    452275603.67
12100    461372605.32
12150    470621161.56
12200    480025146.81
12250    489589228.26
12300    499301571.45
12350    509166310.73
12400    519204205.3
12450    529394655.57
12500    539746020.77
12550    550274973.49
12600    560976470.56
12650    571842817.15
12700    582895190.9
12750    594122279.85
12800    605512907.12
12850    617088882.19
12900    628858697.61
12950    640814260.46
13000    652965301.01
13050    665315283.6
13100    677846316.84
13150    690568290.72
13200    703506034.44
13250    716648522.59
13300    730000751.48
13350    743566428.0
13400    757324605.4
13450    771276600.6
13500    785456837.0
13550    799851685.27
13600    814460197.76
13650    829297876.0
13700    844365240.29
13750    859654372.28
13800    875183987.26
13850    890953019.44
13900    906944853.21
13950    923178955.05
14000    939668203.54
14050    956388873.77
14100    973359346.08
14150    990592998.12
14200    1008064279.86
14250    1025780579.78
14300    1043771761.01
14350    1062026567.36
14400    1080549057.39
14450    1099355745.4
14500    1118426459.7
14550    1137749332.5
14600    1157369302.1
14650    1177279252.6
14700    1197472576.3
14750    1217965489.4
14800    1238752625.0
14850    1259815232.5
14900    1281180991.2
14950    1302858735.2
15000    1324833306.5
15050    1347109793.7
15100    1369706429.3
15150    1392611529.1
15200    1415833769.9
15250    1439398922.5
15300    1463280157.9
15350    1487481239.2
15400    1512035672.4
15450    1536926941.0
15500    1562148166.7
15550    1587733997.3
15600    1613667616.0
15650    1639929314.1
15700    1666558034.9
15750    1693561282.6
15800    1720918831.5
15850    1748656822.0
15900    1776781149.0
15950    1805260465.8
16000    1834124992.7
16050    1863398007.9
16100    1893056752.4
16150    1923104888.1
16200    1953568265.0
16250    1984415236.1
16300    2015654757.6
16350    2047327799.0
16400    2079412227.2
16450    2111898290.7
16500    2144819164.4
16550    2178168766.4
16600    2211929501.1
16650    2246148809.3
16700    2280821189.9
16750    2315919593.9
16800    2351477471.2
16850    2387510283.4
16900    2423984527.8
16950    2460929081.6
17000    2498365040.6
17050    2536253780.5
17100    2574613560.2
17150    2613487903.4
17200    2652846515.0
17250    2692690577.5
17300    2733056169.8
17350    2773918053.5
17400    2815272735.0
17450    2857171936.3
17500    2899601574.1
17550    2942543938.4
17600    2986030634.4
17650    3030049188.1
17700    3074566840.4
17750    3119644806.3
17800    3165297389.1
17850    3211484637.9
17900    3258230044.3
17950    3305561408.6
18000    3353445568.0
18050    3401908117.3
18100    3450988966.7
18150    3500647521.8
18200    3550890866.6
18250    3601772506.2
18300    3653261970.6
18350    3705345893.7
18400    3758072996.7
18450    3811427606.8
18500    3865380827.0
18550    3919994424.5
18600    3975266983.6
18650    4031169634.8
18700    4087734069.1
18750    4144961829.8
18800    4202820737.5
18850    4261365355.5
18900    4320628162.4
18950    4380565129.6
19000    4441190736.4
19050    4502542899.8
19100    4564566504.3
19150    4627283388.2
19200    4690762385.1
19250    4754963856.5
19300    4819876273.3
19350    4885559672.4
19400    4951994199.9
19450    5019154020.1
19500    5087100826.5
19550    5155826137.0
19600    5225294547.0
19650    5295569087.6
19700    5366657232.2
19750    5438521330.0
19800    5511178703.8
19850    5584666728.3
19900    5658931637.7
19950    5734007758.6
20000    5809965384.3
20050    5886746421.6
20100    5964350980.5
20150    6042837297.2
20200    6122159083.7
20250    6202313208.3
20300    6283399965.7
20350    6365382060.4
20400    6448242702.0
20450    6532024692.6
20500    6616729374.2
20550    6702291718.1
20600    6788809393.3
20650    6876277910.7
20700    6964648604.1
20750    7053978812.1
20800    7144300248.8
20850    7235551105.2
20900    7327760938.3
20950    7420984212.4
21000    7515161357.0
21050    7610325424.9
21100    7706549240.5
21150    7803784376.3
21200    7902005419.0
21250    8001286291.9
21300    8101584624.1
21350    8202873239.0
21400    8305256978.7
21450    8408738313.8
21500    8513269371.2
21550    8618892470.1
21600    8725627544.7
21650    8833407095.7
21700    8942317773.4
21750    9052392285.2
21800    9163566446.1
21850    9275888119.3
21900    9389395338.4
21950    9504033616.0
22000    9619805094.9
22050    9736782413.6
22100    9854924128.5
22150    9974227990.1
22200    10094783134.7
22250    10216548051.6
22300    10339477589.1
22350    10463686295.7
22400    10589126095.9
22450    10715742337.3
22500    10843673655.1
22550    10972912546.2
22600    11103413145.0
22650    11235197798.0
22700    11368323065.0
22750    11502703355.0
22800    11638392667.0
22850    11775479749.0
22900    11913884807.0
22950    12053622889.0
23000    12194776528.0
23050    12337273927.0
23100    12481126185.0
23150    12626421346.0
23200    12773106434.0
23250    12921192086.0
23300    13070744115.0
23350    13221761795.0
23400    13374134026.0
23450    13528008450.0
23500    13683366774.0
23550    13840142789.0
23600    13998425639.0
23650    14158253901.0
23700    14319585445.0
23750    14482415277.0
23800    14646826172.0
23850    14812731670.0
23900    14980196165.0
23950    15149294820.0
24000    15319977640.0
24050    15492227344.0
24100    15666123429.0
24150    15841640474.0
24200    16018715504.0
24250    16197487746.0
24300    16377924189.0
24350    16559983484.0
24400    16743752355.0
24450    16929245454.0
24500    17116377421.0
24550    17305243241.0
24600    17495863341.0
24650    17688167871.0
24700    17882252619.0
24750    18078159913.0
24800    18275818726.0
24850    18475229685.0
24900    18676505199.0
24950    18879547060.0
25000    19084371416.0
25050    19291102182.0
25100    19499710274.0
25150    19710119913.0
25200    19922455201.0
25250    20136699484.0
25300    20352782296.0
25350    20570834075.0
25400    20790852181.0
25450    21012772649.0
25500    21236671577.0
25550    21462594428.0
25600    21690441949.0
25650    21920277357.0
25700    22152188212.0
25750    22386069860.0
25800    22621971988.0
25850    22860028675.0
25900    23100116292.0
25950    23342219428.0
26000    23586505349.0
26050    23832887221.0
26100    24081344980.0
26150    24332013244.0
26200    24584867494.0
26250    24839823492.0
26300    25096997574.0
26350    25356401246.0
26400    25617939721.0
26450    25881742447.0
26500    26147828652.0
26550    26416126869.0
26600    26686703835.0
26650    26959617663.0
26700    27234807831.0
26750    27512269884.0
26800    27792144743.0
26850    28074339821.0
26900    28358867130.0
26950    28645842863.0
27000    28935231611.0
27050    29226951864.0
27100    29521155279.0
27150    29817802003.0
27200    30116845572.0
27250    30418400705.0
27300    30722511501.0
27350    31029048963.0
27400    31338131418.0
27450    31649798477.0
27500    31963949039.0
27550    32280685624.0
27600    32600095462.0
27650    32922062723.0
27700    33246609649.0
27750    33573860771.0
27800    33903762783.0
27850    34236264238.0
27900    34571510897.0
27950    34909472554.0
28000    35250080932.0
28050    35593490493.0
28100    35939691986.0
28150    36288580097.0
28200    36640310201.0
28250    36994873245.0
28300    37352209939.0
28350    37712411836.0
28400    38075541020.0
28450    38441498491.0
28500    38810323090.0
28550    39182120010.0
28600    39556807444.0
28650    39934402981.0
28700    40315035585.0
28750    40698642787.0
28800    41085192500.0
28850    41474826976.0
28900    41867507594.0
28950    42263164548.0
29000    42662008862.0
29050    43063941536.0
29100    43468888166.0
29150    43877025390.0
29200    44288370368.0
29250    44702826619.0
29300    45120456700.0
29350    45541367993.0
29400    45965419027.0
29450    46392723465.0
29500    46823361266.0
29550    47257245816.0
29600    47694401370.0
29650    48134961105.0
29700    48578807904.0
29750    49025967903.0
29800    49476610491.0
29850    49930641233.0
29900    50388008979.0
29950    50848876969.0
