==============================
B1_Frequencies_1
P0->P1
T_min:200 K    T_max:3000 K    P_min:0.0001 atm    P_max:10 atm
[[-10.72629126362939, 0.005908616492947135, -0.0016637763333752229, 0.001688976588314178, 0.15908313901228924, -0.006277765606940245, 0.001282690525581796, -0.0020117160952532933, 0.2023408020056672, -0.0014885334117482388, 0.0013449420688447598, -1.1185450746500016e-05, 0.08953019437977118, 0.001847147534973505, -0.0009264680959939412, 0.0003451424983048605, 0.03280256303369645, -7.376256074135335e-05, 1.5739124220512606e-05, -2.2940382421179756e-05, 0.010038691404315077, 0.00045477430597869894, -0.00024238917098146081, 8.024472239993371e-05, 0.0027453588473913284, -0.0001440093871349436, 7.107363092547501e-05, -2.6181980699961468e-05, 0.0005861102764619979, -0.000681674321673786, 0.00034830277722998365, -0.00012937321675416348]]
==============================
B1_Energy_1
P0->P1
T_min:200 K    T_max:3000 K    P_min:0.0001 atm    P_max:10 atm
[[-10.664617727677934, 0.0012701142859078843, 0.0006650412522773257, 0.0007985843689507944, 0.21018069472359574, 0.0001586199924400959, -0.0019738846452947317, -0.0007823988104006483, 0.2083832180447413, -0.0031965669789314915, 0.002244503507551583, -0.0003303975464954959, 0.08098105205535112, 0.002025555749506355, -0.0010399331429367085, 0.0003700890589864851, 0.024225149411291082, -0.00044318803823761686, 0.00020745763341162993, -8.628142795033177e-05, 0.004295408489956978, 0.0002729714136061789, -0.00014425327146131345, 5.084994596812202e-05, -0.00048043426277953805, 0.00035580663307835934, -0.00019104939983128683, 5.774004823308124e-05, -0.0011329307218028357, -0.0006386119146801329, 0.00032531351491677646, -0.00012088273847355677]]
==============================
colrel_Sigmas
P0->P1
T_min:200 K    T_max:3000 K    P_min:0.0001 atm    P_max:10 atm
[[-10.632633826031304, 0.005463260575345357, -0.0016943033670107947, 0.001498504040588723, 0.1888428929658557, -0.006066477968352314, 0.0015342874965349382, -0.0018213027917455755, 0.1995749951631149, -0.0008764371219596131, 0.0009325572904911253, 5.889083251640396e-05, 0.08080615336154662, 0.0015394710750746446, -0.000776956568818554, 0.00028546613465566797, 0.024449226695080734, -0.00010360400143032357, 3.448465686878521e-05, -2.771516488880716e-05, 0.004517855772302648, 0.0003068382881014764, -0.00016397043510401897, 5.534272980178079e-05, -0.00015734938335973479, -4.0146822851383464e-05, 1.702967090392895e-05, -8.570494171501243e-06, -0.0011045203640425295, -0.0006045281822283878, 0.0003104126440817497, -0.0001128337289687828]]
==============================
colrel_Epsilons
P0->P1
T_min:200 K    T_max:3000 K    P_min:0.0001 atm    P_max:10 atm
[[-10.633160167515411, 0.006234275256588625, -0.0021624627025550935, 0.0016089639880001918, 0.18971485918764835, -0.0073811327650495865, 0.0023115402338450357, -0.0020181359464809946, 0.1991337786709646, -0.00016382690298249534, 0.000536914105964276, 0.0001763681700031522, 0.0808846609879006, 0.0013974434790798625, -0.0007056116298747516, 0.00025884379544028236, 0.0244645510121122, -0.00012783018190959413, 4.763029212430447e-05, -3.120313885130883e-05, 0.004516538067586918, 0.0003071672372828047, -0.00016413360264270794, 5.365813334323152e-05, -0.00014599404312714903, -5.8017257871462604e-05, 2.7027587386365645e-05, -1.0951591316989821e-05, -0.0011142802867812032, -0.0005844278909997811, 0.000300932125113544, -0.0001077251918878934]]
==============================
B0_SymmetryFactor_1
P0->P1
T_min:200 K    T_max:3000 K    P_min:0.0001 atm    P_max:10 atm
[[-10.64680803269216, 0.00594893236976848, -0.0020787241583857144, 0.001531942671014443, 0.18376596785858476, -0.0071000235749497055, 0.002261371558644148, -0.001927874897106306, 0.19247833796614425, -5.9659503714471236e-05, 0.0004480638945368315, 0.00017909424665043952, 0.07766213401497751, 0.0013782917325324089, -0.0006957344825942813, 0.00025416210429918344, 0.023176229028054798, -0.0002758922747205909, 0.00012870441752686456, -5.34411693477654e-05, 0.004018421460978736, 0.0002510215051597289, -0.00013453052142285707, 4.517775514851203e-05, -0.00047593098116220254, 0.00019680509600701366, -0.00010828079718747059, 2.900839763793531e-05, -0.0011173060034248802, -0.0006364697886386336, 0.0003287532348525698, -0.00011510149993008917]]
==============================
W0_Frequencies_1
P0->P1
T_min:200 K    T_max:3000 K    P_min:0.0001 atm    P_max:10 atm
[[-10.634537879345432, 0.007896395987681045, -0.0033709368043397, 0.0017626190157604223, 0.19210429093252787, -0.010497660913181748, 0.004418787628225575, -0.0023736641823413197, 0.19772284300741472, 0.0019824845059271045, -0.0007224977374540375, 0.0005032516356775495, 0.08122844449842855, 0.000784674136582027, -0.0003938943058788056, 0.00014432800454230326, 0.024511941298385152, -0.0001957312253337833, 8.905936402670775e-05, -3.942202442866479e-05, 0.004605516225520542, 0.00015416139624889003, -8.387687624351646e-05, 2.6010057185797923e-05, -0.00018504993696104457, 1.0115097861554823e-05, -7.480427147550877e-06, 5.6284046885298274e-08, -0.0012681368532286308, -0.0003133456520713102, 0.00016147526310254662, -5.718137195898866e-05]]
==============================
W0_Energy_1
P0->P1
T_min:200 K    T_max:3000 K    P_min:0.0001 atm    P_max:10 atm
[[-10.633778064393352, 0.007128521284652994, -0.0027123158682004424, 0.0017361894153015045, 0.1907160614810127, -0.00886323488686847, 0.0032038447740539897, -0.0022365314360488064, 0.19864904317528462, 0.0005971707078256447, 0.00010319086842262935, 0.0002982968282249556, 0.08099078068998501, 0.0012109829035654687, -0.0006096175079492711, 0.00022431020668705633, 0.024428595283207802, -6.107757669175091e-05, 1.4838207640924427e-05, -1.8170918194767943e-05, 0.004548241608780032, 0.00025404849773691304, -0.0001362101505076367, 4.5244591504978796e-05, -9.810904222928937e-05, -0.00014301575634743504, 7.081470756574016e-05, -2.719469826388321e-05, -0.001168060742386475, -0.0004907429963182431, 0.00025284984339931206, -9.143478620702272e-05]]
==============================
colrel_PowerOne
P0->P1
T_min:200 K    T_max:3000 K    P_min:0.0001 atm    P_max:10 atm
[[-10.633614657137555, 0.006918879164995615, -0.0025687668355157747, 0.0017137727149165486, 0.19045792177399531, -0.008483654179565066, 0.0029754439234364093, -0.002184062455136946, 0.19866346397483975, 0.000536662555642629, 0.00011686235406439573, 0.000282204412165389, 0.08112035503330348, 0.001015916197264372, -0.0004942365791247935, 0.00019507730775953716, 0.02442433062819867, -5.074948965181667e-05, 1.1412638733436177e-05, -1.6026996301165278e-05, 0.004491726457536097, 0.00035101096456339694, -0.00018727748037887106, 6.242699967667944e-05, -0.00012178845667117556, -9.994045711591941e-05, 4.8540075350228714e-05, -1.796760501102339e-05, -0.0011311505712758116, -0.000559782046639372, 0.0002869113938658944, -0.0001055226094011753]]
==============================
colrel_FactorOne
P0->P1
T_min:200 K    T_max:3000 K    P_min:0.0001 atm    P_max:10 atm
[[-10.631899081556327, 0.004274746919342449, -0.0010329799737394743, 0.0012960829996977352, 0.18767820234266847, -0.0041652677413358975, 0.0004853325948556711, -0.0014943347175047578, 0.20012539311633745, -0.0017989837062853792, 0.0014290853580374854, -0.0001039027681368693, 0.08073840213915424, 0.0016593080370811964, -0.0008386168672229629, 0.0003083333913594871, 0.024409329232693882, -3.637466971771969e-05, -1.126143163049896e-06, -1.676980321739515e-05, 0.004471505792906214, 0.0003891871167907411, -0.0002058275151156661, 7.049668926597181e-05, -0.00012814887623230684, -9.057036454802723e-05, 4.313207018212593e-05, -1.687231045178396e-05, -0.0010459544746229468, -0.0007085368334415294, 0.00036325742204022164, -0.0001318937092016873]]
==============================
P1_SymmetryFactor_1
P0->P1
T_min:200 K    T_max:3000 K    P_min:0.0001 atm    P_max:10 atm
[[-10.633192599650606, 0.006256840337843128, -0.002191918608029817, 0.0016094531654678266, 0.18979981859757605, -0.007476888592255599, 0.0023882149005780666, -0.002029302131952233, 0.19901487738825038, 1.941229067868823e-05, 0.00043031887698114776, 0.00020510699800856214, 0.08089538730130902, 0.0013793468107338438, -0.0006957419200278252, 0.00025527328086461025, 0.024567737257680782, -0.0002991096357345465, 0.00013960529600133182, -5.843093411954629e-05, 0.00453004453273474, 0.00028478972334370896, -0.00015271170562915722, 5.0520453039390756e-05, -0.0002784409716485958, 0.00016225853423496364, -8.995247483998254e-05, 2.3289149815189717e-05, -0.001099290988952525, -0.0006083875275387271, 0.0003137166230609683, -0.0001107777599060481]]
==============================
P0_SymmetryFactor_1
P0->P1
T_min:200 K    T_max:3000 K    P_min:0.0001 atm    P_max:10 atm
[[-10.591829029680948, 0.0063054296611983135, -0.0022173769424048122, 0.0016167222436591704, 0.18984241434606827, -0.007547745054880291, 0.0024252272429984155, -0.0020397210564110017, 0.19899184238908665, 5.7221975367416486e-05, 0.0004105992558586766, 0.00021032251383459207, 0.0808948501399752, 0.001380980825944312, -0.0006967360943068306, 0.0002560548734299263, 0.024566609746068717, -0.00029745239593536454, 0.0001387200618007362, -5.831088123246754e-05, 0.004571231702628738, 0.00021611815118457138, -0.00011630836162414107, 3.975429007859439e-05, -0.0002688985320573781, 0.00014605892838374647, -8.155886255587459e-05, 2.0671169637865555e-05, -0.001163417337357161, -0.0005011724774519967, 0.0002570791245267589, -9.38924666410814e-05]]
==============================
W0_SymmetryFactor_1
P0->P1
T_min:200 K    T_max:3000 K    P_min:0.0001 atm    P_max:10 atm
[[-10.633797782993604, 0.007115213232761192, -0.0027278635149813714, 0.0017246722366245622, 0.19080964262983585, -0.008957798485687556, 0.0032847973936923546, -0.0022398441989350884, 0.19848708651459243, 0.0008557813253853326, -4.119436132029165e-05, 0.00033896873520970164, 0.0810209489951923, 0.0011585811261686156, -0.0005827182281729356, 0.0002153701256450044, 0.02451991364187023, -0.00021663968458949007, 9.709028782635594e-05, -4.483188104792461e-05, 0.00459110784529247, 0.00018115125354046518, -9.817703097675894e-05, 3.2969673892424586e-05, -0.00026356412950469076, 0.00013842886000879628, -7.711347935855337e-05, 1.9832600277425612e-05, -0.0011662427459846736, -0.0004928206636169124, 0.00025426338388496756, -9.06661768946993e-05]]
==============================
B0_Energy_1
P0->P1
T_min:200 K    T_max:3000 K    P_min:0.0001 atm    P_max:10 atm
[[-10.66025829128603, 0.008440854664863657, -0.0034932349013007103, 0.0019353296180979944, 0.21999716546713602, -0.010829395057421611, 0.0043787056707026714, -0.002531560035738605, 0.19062820842891337, 0.0013912718980918402, -0.00037359626919198616, 0.00041589222643693426, 0.08043890741323906, 0.0010555643141506646, -0.0005211550935656452, 0.0002005882322932969, 0.024847060458537823, -8.468225691823257e-05, 3.0437442379334004e-05, -2.201515894258737e-05, 0.004836842040369804, 0.00021366312447125197, -0.00011650283424630221, 3.7271370620599575e-05, -5.263832030509639e-05, -4.505251888010576e-05, 2.0739590627434614e-05, -9.808612492706611e-06, -0.0011343863405881842, -0.0004669376284764137, 0.0002410257285066496, -8.470415744082044e-05]]
==============================
P1_Frequencies_1
P0->P1
T_min:200 K    T_max:3000 K    P_min:0.0001 atm    P_max:10 atm
[[-10.633192599650606, 0.006256840337843128, -0.002191918608029817, 0.0016094531654678266, 0.18979981859757605, -0.007476888592255599, 0.0023882149005780666, -0.002029302131952233, 0.19901487738825038, 1.941229067868823e-05, 0.00043031887698114776, 0.00020510699800856214, 0.08089538730130902, 0.0013793468107338438, -0.0006957419200278252, 0.00025527328086461025, 0.024567737257680782, -0.0002991096357345465, 0.00013960529600133182, -5.843093411954629e-05, 0.00453004453273474, 0.00028478972334370896, -0.00015271170562915722, 5.0520453039390756e-05, -0.0002784409716485958, 0.00016225853423496364, -8.995247483998254e-05, 2.3289149815189717e-05, -0.001099290988952525, -0.0006083875275387271, 0.0003137166230609683, -0.0001107777599060481]]
==============================
B0_Frequencies_1
P0->P1
T_min:200 K    T_max:3000 K    P_min:0.0001 atm    P_max:10 atm
[[-10.655866434047537, 0.0063602436697630434, -0.002245776072246789, 0.0016259878722249732, 0.1493176503437095, -0.00766672597402865, 0.0024883495452278736, -0.0020585862005295585, 0.16860113262795468, 0.00011122485861694355, 0.00038139025549581705, 0.0002187182819444094, 0.061646333197858776, 0.0013467386468358497, -0.0006790735052524359, 0.00024983319904243805, 0.01354404907822415, -0.00021591279686448365, 9.548672191602799e-05, -4.475985722925633e-05, -0.001061247552899391, 0.00019461273680079275, -0.00010430838857656865, 3.58224238722897e-05, -0.0027603478808416724, 0.00015267640220335382, -8.501732796916451e-05, 2.1996265918395452e-05, -0.002377647077571967, -0.0005849041220913852, 0.0003012621298747933, -0.0001074131150197126]]
==============================
P0_Frequencies_1
P0->P1
T_min:200 K    T_max:3000 K    P_min:0.0001 atm    P_max:10 atm
[[-10.601196378575612, 0.006317464009737414, -0.0022236828966991896, 0.001618581897784622, 0.24439975185502238, -0.007606222437852544, 0.0024560848209365634, -0.002048811758739251, 0.23359027240945554, 8.675826813173494e-05, 0.0003951260201465407, 0.00021521738523763183, 0.09805734734935272, 0.0013760861665039446, -0.0006943661412692108, 0.0002547347173055049, 0.031551099928874574, -0.00030498370390484705, 0.00014267438818244547, -5.9140609860260036e-05, 0.006952475446941877, 0.0002909138337859312, -0.00015568622544521785, 5.15230679023681e-05, 0.00047355247263325417, 0.00012332198630938371, -6.9676227560553e-05, 1.7003096475681115e-05, -0.0009228825299693899, -0.0005915130887665653, 0.0003050858416117542, -0.00010834257886008977]]
==============================
P0_Energy_1
P0->P1
T_min:200 K    T_max:3000 K    P_min:0.0001 atm    P_max:10 atm
[[-10.57493081849113, 0.0062860288653236954, -0.0022070542464027293, 0.0016139520136701725, 0.13884531384671664, -0.007543559232821815, 0.002423092215285526, -0.002039658049235271, 0.19898789388874594, 6.466227771286578e-05, 0.00040667026398467286, 0.00021216149943521691, 0.0809042874981149, 0.0013640567050497423, -0.0006878828399457361, 0.0002526516490681746, 0.0245564387971171, -0.00027977799295370525, 0.00012927363837243202, -5.4967050961708504e-05, 0.004556010170125807, 0.00024132387196478146, -0.0001296797317431163, 4.3648831327789905e-05, -0.000261053755693955, 0.00013292009941217486, -7.461656948548394e-05, 1.8406392049276452e-05, -0.0011405138340410178, -0.0005396252580933161, 0.00027761889060341847, -0.00010016482943445168]]
==============================
B1_SymmetryFactor_1
P0->P1
T_min:200 K    T_max:3000 K    P_min:0.0001 atm    P_max:10 atm
[[-10.661032070367655, 0.005754086895747695, -0.0017845100440708973, 0.0015756895381501836, 0.194762120989473, -0.00644383873192677, 0.0016416305968668503, -0.0019251979086865139, 0.2061008119609952, -0.0008484713614479883, 0.0009476265558381767, 7.605466304833363e-05, 0.08402772993098927, 0.0015987785696703857, -0.0008076401403894986, 0.00029655666990666563, 0.025860486708091397, -8.270227680398394e-05, 2.1651207013712816e-05, -2.5719579159360134e-05, 0.005117141667622536, 0.0002601302906733396, -0.00013957112765647348, 4.78105860908525e-05, 1.2045544289449697e-05, 1.0747804566927198e-05, -1.0099015517906451e-05, -3.4875654062951177e-07, -0.000994434348825277, -0.0007054662231941013, 0.0003636383807061088, -0.00012894700051228373]]
==============================
P1_Energy_1
P0->P1
T_min:200 K    T_max:3000 K    P_min:0.0001 atm    P_max:10 atm
[[-10.633192599650606, 0.006256840337843128, -0.002191918608029817, 0.0016094531654678266, 0.18979981859757605, -0.007476888592255599, 0.0023882149005780666, -0.002029302131952233, 0.19901487738825038, 1.941229067868823e-05, 0.00043031887698114776, 0.00020510699800856214, 0.08089538730130902, 0.0013793468107338438, -0.0006957419200278252, 0.00025527328086461025, 0.024567737257680782, -0.0002991096357345465, 0.00013960529600133182, -5.843093411954629e-05, 0.00453004453273474, 0.00028478972334370896, -0.00015271170562915722, 5.0520453039390756e-05, -0.0002784409716485958, 0.00016225853423496364, -8.995247483998254e-05, 2.3289149815189717e-05, -0.001099290988952525, -0.0006083875275387271, 0.0003137166230609683, -0.0001107777599060481]]
