==============================
colrel_FactorOne
W4->P2
T_min:200.0 K    T_max:3000.0 K    P_min:0.0001 atm    P_max:10.0 atm
[[-35.07249130245195, 0.8436262998043151, -0.308187660760882, 0.05822753167462469, 41.603717228470046, 0.6366509887818369, 0.6243980111860816, -0.20148824469578389, -3.06039145494515, 0.2808689919504144, -0.29900241061502636, 0.08907188880718914, 1.4643844657936842, 0.3698135858620752, 0.18398680842459403, -0.05971972179703025, -1.1902007851831113, -0.3854082304726347, -0.08166397887378887, 0.04234891955284502, 0.5033690601141306, 0.24730994085205527, 0.023759677744788935, -0.01964938330802804, -0.35778588429557134, -0.16319051811460508, -0.006680190488955449, 0.008336793049063268, 0.10427000685774171, 0.07563410845437264, 0.0077224240921661205, -0.006348193573559944, -0.052307435378255135, -0.011804260353419844, -0.00789259652589074, 0.0037624420316206045]]
P1->P2
T_min:200.0 K    T_max:3000.0 K    P_min:0.0001 atm    P_max:10.0 atm
[[-9.75650086455453, 0.0766619817549465, -0.02845966596130942, 0.017915039874639563, 0.02309192769479004, -0.25558474875880977, 0.11574158971000113, -0.05407948603235499, -0.08487420899607749, 0.37428356540514873, -0.18483117027601365, 0.07524265808993623, 0.1066864563172518, -0.3131415982461996, 0.1554859839268301, -0.06299352776821265, -0.028230495168839704, 0.17413233261297884, -0.08555866039928234, 0.03537330046046895, 0.01422660408990128, -0.0826768909470659, 0.04055385194189279, -0.016787109941546478, 0.0033630745598576934, 0.03605619034674781, -0.017658385089819116, 0.007308551895910146, -0.0007388908222384626, -0.011804021295303977, 0.005756681241871321, -0.002394876663038415, 0.0027412271020536344, 0.0023330402428944964, -0.0011412803850723735, 0.00047100798548971036]]
W4->P1
T_min:200.0 K    T_max:3000.0 K    P_min:0.0001 atm    P_max:10.0 atm
[[-41.29627659280896, 3.5605345074188612, -0.19363854224259724, 0.12303597879951685, 46.229205982724245, -1.1705766175275616, 0.3949067039191175, -0.020021828386694314, -3.1823557522729073, 1.9328302548069982, -1.0841116825505484, 0.2082794313126256, 2.234542286763801, -2.1234755540712706, 1.1585715553944471, -0.3172963064797109, -1.6279029875561866, 1.121050006998615, -0.638099212729699, 0.16423346286461477, 0.8033386005215531, -0.6396027251099445, 0.37012892294783545, -0.1001775957445383, -0.47926343074767674, 0.30961039540376933, -0.18457239680641385, 0.04908035872550568, 0.16149508801219553, -0.12141064004034992, 0.07260444996388082, -0.019923443498890647, -0.059580359864518186, 0.028724424227528817, -0.018246660270263216, 0.004789694952630008]]
