==============================
colrel_FactorOne
W4->P2
T_min:200.0 K    T_max:3000.0 K    P_min:0.0001 atm    P_max:10.0 atm
[[-8.48966633210336, -35.25205885495737, 13.198969345829028, -2.4946287551999538, -9.65192889493216, 70.28505967412659, -25.424512429499572, 4.71983452978865, 42.83522604719504, -62.22192642796195, 23.03937446201567, -4.314839795713216, -36.624590711586904, 52.434063992025, -19.201845025632203, 3.590635340939974, 27.99204694144096, -40.4933662760685, 14.790120549270638, -2.7491979130077553, -20.018148975261703, 28.65762205733011, -10.449346907660434, 1.9374430453758842, 12.771124971682799, -18.510909424735647, 6.7035056571082645, -1.237788810409978, -7.438973129207944, 10.74454841311811, -3.8524396214944385, 0.7043069488665683, 3.7656629409675535, -5.492661780376686, 1.9458001951641677, -0.35142243983094446, -1.6511308163880578, 2.412358651264352, -0.8416160626280771, 0.15009601407957973, 0.5768142682415167, -0.8633909045419665, 0.2915610487332998, -0.05039220666781574, -0.14952000686905365, 0.2235079520928842, -0.07095310051344761, 0.011428545988750649, 0.019189365419473248, -0.030899248144951486, 0.008670656278802369, -0.001159614449115054]]
P1->P2
T_min:200.0 K    T_max:3000.0 K    P_min:0.0001 atm    P_max:10.0 atm
[[-4.801176948389019, -6.107499965704258, 2.969527817485163, -1.2446447412347472, -9.538484148935206, 11.673669695708973, -5.667421507244257, 2.3814116299188095, 8.49582341489411, -10.321829297951714, 5.000636119450629, -2.108521828837392, -7.0410473101277375, 8.58359674583902, -4.1578155359252245, 1.7534500598332137, 5.478539482614527, -6.66507495703221, 3.2304088383754186, -1.3610375090627604, -3.88698602016711, 4.748249226207873, -2.301899621760567, 0.9696289237892335, 2.5236123202249656, -3.07268690147717, 1.4899045984314188, -0.6275012923501475, -1.4671865539824052, 1.7878876645749329, -0.8671302182881702, 0.36513638143950145, 0.7570062753088269, -0.917280354474622, 0.44499115808919143, -0.18735226654501336, -0.3328217542830916, 0.4023603549424126, -0.19526352138088576, 0.08219009625354268, 0.11991567026209449, -0.14309566019453368, 0.06948068978625521, -0.029235084383836707, -0.0313757800593768, 0.03710770905819771, -0.018036673771940848, 0.0075826638480220865, 0.004839785439063382, -0.005328644214646516, 0.002596069225421438, -0.0010883818860776273]]
W4->P1
T_min:200.0 K    T_max:3000.0 K    P_min:0.0001 atm    P_max:10.0 atm
[[-5.213810090241691, -44.96156385838683, 22.86003379352267, -5.649363907604224, -23.286491926749093, 92.32369870688501, -44.018628984366686, 11.095444820381717, 58.9068981950268, -81.60763012375395, 38.58120353978842, -9.704399427577545, -49.06433318999103, 66.9456638376404, -31.607340551954696, 7.8501161427932065, 37.40948594415627, -51.492770579826555, 24.288669251279032, -6.024623468406833, -26.37951064277439, 36.04597724253336, -16.97786007675945, 4.182176524753808, 16.6666984517749, -22.870563583192652, 10.747944041419945, -2.6269014914025273, -9.489696234766448, 12.955490244561135, -6.0715614584197475, 1.4652315414269985, 4.675877100809942, -6.405069880053318, 2.987703903357442, -0.7075817103563828, -1.9468772815691082, 2.653168384685225, -1.2284627889855386, 0.2812695400528895, 0.621245453510177, -0.850798391373937, 0.38721529029459134, -0.08255276150764246, -0.13037721412323577, 0.17670876152985215, -0.0772815476718769, 0.013054305969733448, 0.004771578286963063, -0.007220101734315421, 0.0013530932977303678, 0.0015716850276277228]]
==============================
colrel_FractionOne
W4->P2
T_min:200.0 K    T_max:3000.0 K    P_min:0.0001 atm    P_max:10.0 atm
[[-6.507498614581176, -38.13564335773322, 14.387420663833339, -2.7027977154599068, -13.513585657142842, 75.88177197277928, -27.72648009456143, 5.126101018225274, 46.295989213662594, -67.24100645135302, 25.10078037861224, -4.675330169445468, -39.51090319003409, 56.62436601355401, -20.92565529441842, 3.892946088762433, 30.210042389862767, -43.69864586149257, 16.10313112070211, -2.9777262999720815, -21.566494758777523, 30.896041375157562, -11.364290842645861, 2.0954228498802507, 13.758401617190804, -19.931441654999496, 7.282312848841213, -1.336558340122986, -7.999295769058627, 11.547834354488945, -4.17782029204742, 0.7589998244083329, 4.045900195136021, -5.891634311420361, 2.106507599283674, -0.3778995233747544, -1.7697052999255511, 2.5799987159242566, -0.908515921114148, 0.16074968096322095, 0.6172646583308854, -0.9195624474772472, 0.3136972555113928, -0.053752433749075124, -0.15905814388635697, 0.23639735588519528, -0.07587131611742137, 0.012093724347844947, 0.02021341084885364, -0.03210893197841003, 0.009089292744981492, -0.0011832168298440138]]
P1->P2
T_min:200.0 K    T_max:3000.0 K    P_min:0.0001 atm    P_max:10.0 atm
[[-4.9198190334522405, -5.864035618823083, 2.850594746442874, -1.175012608661143, -9.321620941767353, 11.223537694847113, -5.448907444137998, 2.25061085780987, 8.317828164530598, -9.945444324109202, 4.819665501459965, -1.996200035497348, -6.895814953149232, 8.275494119283906, -4.009812187803531, 1.6608781537115522, 5.364841503829685, -6.424592664143189, 3.114672215409592, -1.2889945112390646, -3.8075014833033576, 4.579512844441562, -2.220803425549331, 0.9187223739994774, 2.474442343378957, -2.9673750547498265, 1.4394451461931173, -0.5951844347906854, -1.4403766703399692, 1.7296785284413558, -0.8393711108705038, 0.34681937880642355, 0.744662047738772, -0.8898100895587593, 0.43200412323171733, -0.17833259057007123, -0.32831908879666294, 0.391862258219974, -0.19037906097532442, 0.07847914430792802, 0.11882272363189905, -0.1402257693447173, 0.06819677035617566, -0.02805152044484238, -0.031316500960357097, 0.03674497606386051, -0.017903786166582947, 0.007335840931477211, 0.0048951650897506305, -0.005385416542614152, 0.002634645598598162, -0.0010705283809091526]]
W4->P1
T_min:200.0 K    T_max:3000.0 K    P_min:0.0001 atm    P_max:10.0 atm
[[-9.652119792272801, -37.53247742277352, 18.34058511163092, -4.110706207299067, -15.027309709039782, 78.56528768532635, -35.67978801938431, 8.180291997278175, 52.047418554576, -70.13521539865148, 31.584059579138717, -7.226235194937943, -43.47921716847286, 57.62985464402516, -25.896024334562387, 5.838604723633759, 33.12285914232856, -44.339536776239655, 19.90333114532566, -4.479253582702571, -23.400679266739804, 31.082370028185604, -13.925574308006075, 3.109919185307679, 14.794055700916383, -19.754000360772135, 8.82531976760688, -1.9530988652837675, -8.440681868745433, 11.214249705569726, -4.991684660527621, 1.0887437981949226, 4.169087432552203, -5.566782166420374, 2.463399842717024, -0.5259249688273897, -1.7464940139239324, 2.323987463043421, -1.0190094956651237, 0.20951586913854214, 0.5645666848783435, -0.7590674787605316, 0.326328934490526, -0.062128303691523, -0.12228688197142645, 0.16452576482114978, -0.06763826693129715, 0.010106166939463535, 0.0065619589573451265, -0.010593510070968648, 0.002723144300482261, 0.0009675948631340248]]
