0	0
5	1.00E+01
10	1.00E+10
15	1.00E+01
20	1.00E+01
25	1.00E+01
30	1.00E+01
35	1.00E+01
40	1.00E+01
45	1.00E+01
50	1.00E+01
55	1.00E+01
60	1.00E+01
65	1.00E+01
70	1.00E+01
75	1.00E+01
80	1.00E+01
85	1.00E+01
90	1.00E+01
95	1.00E+01
100	1.00E+01
105	1.00E+01
110	1.00E+01
115	1.00E+01
120	1.00E+01
125	1.00E+01
130	1.00E+01
135	1.00E+01
140	1.00E+01
145	1.00E+01
150	1.00E+01
155	1.00E+01
160	1.00E+01
165	1.00E+01
170	1.00E+01
175	1.00E+01
180	1.00E+01
185	1.00E+01
190	1.00E+01
195	1.00E+01
200	1.00E+01
205	1.00E+01
210	1.00E+01
215	1.00E+01
220	1.00E+01
225	1.00E+01
230	1.00E+01
235	1.00E+01
240	1.00E+01
245	1.00E+01
250	1.00E+01
255	1.00E+01
260	1.00E+01
265	1.00E+01
270	1.00E+01
275	1.00E+01
280	1.00E+01
285	1.00E+01
290	1.00E+01
295	1.00E+01
300	1.00E+01
305	1.00E+01
310	1.00E+01
315	1.00E+01
320	1.00E+01
325	1.00E+01
330	1.00E+01
335	1.00E+01
340	1.00E+01
345	1.00E+01
350	1.00E+01
355	1.00E+01
360	1.00E+01
365	1.00E+01
370	1.00E+01
375	1.00E+01
380	1.00E+01
385	1.00E+01
390	1.00E+01
395	1.00E+01
400	1.00E+01
405	1.00E+01
410	1.00E+01
415	1.00E+01
420	1.00E+01
425	1.00E+01
430	1.00E+01
435	1.00E+01
440	1.00E+01
445	1.00E+01
450	1.00E+01
455	1.00E+01
460	1.00E+01
465	1.00E+01
470	1.00E+01
475	1.00E+01
480	1.00E+01
485	1.00E+01
490	1.00E+01
495	1.00E+01
500	1.00E+01
505	1.00E+01
510	1.00E+01
515	1.00E+01
520	1.00E+01
525	1.00E+01
530	1.00E+01
535	1.00E+01
540	1.00E+01
545	1.00E+01
550	1.00E+01
555	1.00E+01
560	1.00E+01
565	1.00E+01
570	1.00E+01
575	1.00E+01
580	1.00E+01
585	1.00E+01
590	1.00E+01
595	1.00E+01
600	1.00E+01
605	1.00E+01
610	1.00E+01
615	1.00E+01
620	1.00E+01
625	1.00E+01
630	1.00E+01
635	1.00E+01
640	1.00E+01
645	1.00E+01
650	1.00E+01
655	1.00E+01
660	1.00E+01
665	1.00E+01
670	1.00E+01
675	1.00E+01
680	1.00E+01
685	1.00E+01
690	1.00E+01
695	1.00E+01
700	1.00E+01
705	1.00E+01
710	1.00E+01
715	1.00E+01
720	1.00E+01
725	1.00E+01
730	1.00E+01
735	1.00E+01
740	1.00E+01
745	1.00E+01
750	1.00E+01
755	1.00E+01
760	1.00E+01
765	1.00E+01
770	1.00E+01
775	1.00E+01
780	1.00E+01
785	1.00E+01
790	1.00E+01
795	1.00E+01
800	1.00E+01
805	1.00E+01
810	1.00E+01
815	1.00E+01
820	1.00E+01
825	1.00E+01
830	1.00E+01
835	1.00E+01
840	1.00E+01
845	1.00E+01
850	1.00E+01
855	1.00E+01
860	1.00E+01
865	1.00E+01
870	1.00E+01
875	1.00E+01
880	1.00E+01
885	1.00E+01
890	1.00E+01
895	1.00E+01
900	1.00E+01
905	1.00E+01
910	1.00E+01
915	1.00E+01
920	1.00E+01
925	1.00E+01
930	1.00E+01
935	1.00E+01
940	1.00E+01
945	1.00E+01
950	1.00E+01
955	1.00E+01
960	1.00E+01
965	1.00E+01
970	1.00E+01
975	1.00E+01
980	1.00E+01
985	1.00E+01
990	1.00E+01
995	1.00E+01
1000	1.00E+01
1005	1.00E+01
1010	1.00E+01
1015	1.00E+01
1020	1.00E+01
1025	1.00E+01
1030	1.00E+01
1035	1.00E+01
1040	1.00E+01
1045	1.00E+01
1050	1.00E+01
1055	1.00E+01
1060	1.00E+01
1065	1.00E+01
1070	1.00E+01
1075	1.00E+01
1080	1.00E+01
1085	1.00E+01
1090	1.00E+01
1095	1.00E+01
1100	1.00E+01
1105	1.00E+01
1110	1.00E+01
1115	1.00E+01
1120	1.00E+01
1125	1.00E+01
1130	1.00E+01
1135	1.00E+01
1140	1.00E+01
1145	1.00E+01
1150	1.00E+01
1155	1.00E+01
1160	1.00E+01
1165	1.00E+01
1170	1.00E+01
1175	1.00E+01
1180	1.00E+01
1185	1.00E+01
1190	1.00E+01
1195	1.00E+01
1200	1.00E+01
1205	1.00E+01
1210	1.00E+01
1215	1.00E+01
1220	1.00E+01
1225	1.00E+01
1230	1.00E+01
1235	1.00E+01
1240	1.00E+01
1245	1.00E+01
1250	1.00E+01
1255	1.00E+01
1260	1.00E+01
1265	1.00E+01
1270	1.00E+01
1275	1.00E+01
1280	1.00E+01
1285	1.00E+01
1290	1.00E+01
1295	1.00E+01
1300	1.00E+01
1305	1.00E+01
1310	1.00E+01
1315	1.00E+01
1320	1.00E+01
1325	1.00E+01
1330	1.00E+01
1335	1.00E+01
1340	1.00E+01
1345	1.00E+01
1350	1.00E+01
1355	1.00E+01
1360	1.00E+01
1365	1.00E+01
1370	1.00E+01
1375	1.00E+01
1380	1.00E+01
1385	1.00E+01
1390	1.00E+01
1395	1.00E+01
1400	1.00E+01
1405	1.00E+01
1410	1.00E+01
1415	1.00E+01
1420	1.00E+01
1425	1.00E+01
1430	1.00E+01
1435	1.00E+01
1440	1.00E+01
1445	1.00E+01
1450	1.00E+01
1455	1.00E+01
1460	1.00E+01
1465	1.00E+01
1470	1.00E+01
1475	1.00E+01
1480	1.00E+01
1485	1.00E+01
1490	1.00E+01
1495	1.00E+01
1500	1.00E+01
1505	1.00E+01
1510	1.00E+01
1515	1.00E+01
1520	1.00E+01
1525	1.00E+01
1530	1.00E+01
1535	1.00E+01
1540	1.00E+01
1545	1.00E+01
1550	1.00E+01
1555	1.00E+01
1560	1.00E+01
1565	1.00E+01
1570	1.00E+01
1575	1.00E+01
1580	1.00E+01
1585	1.00E+01
1590	1.00E+01
1595	1.00E+01
1600	1.00E+01
1605	1.00E+01
1610	1.00E+01
1615	1.00E+01
1620	1.00E+01
1625	1.00E+01
1630	1.00E+01
1635	1.00E+01
1640	1.00E+01
1645	1.00E+01
1650	1.00E+01
1655	1.00E+01
1660	1.00E+01
1665	1.00E+01
1670	1.00E+01
1675	1.00E+01
1680	1.00E+01
1685	1.00E+01
1690	1.00E+01
1695	1.00E+01
1700	1.00E+01
1705	1.00E+01
1710	1.00E+01
1715	1.00E+01
1720	1.00E+01
1725	1.00E+01
1730	1.00E+01
1735	1.00E+01
1740	1.00E+01
1745	1.00E+01
1750	1.00E+01
1755	1.00E+01
1760	1.00E+01
1765	1.00E+01
1770	1.00E+01
1775	1.00E+01
1780	1.00E+01
1785	1.00E+01
1790	1.00E+01
1795	1.00E+01
1800	1.00E+01
1805	1.00E+01
1810	1.00E+01
1815	1.00E+01
1820	1.00E+01
1825	1.00E+01
1830	1.00E+01
1835	1.00E+01
1840	1.00E+01
1845	1.00E+01
1850	1.00E+01
1855	1.00E+01
1860	1.00E+01
1865	1.00E+01
1870	1.00E+01
1875	1.00E+01
1880	1.00E+01
1885	1.00E+01
1890	1.00E+01
1895	1.00E+01
1900	1.00E+01
1905	1.00E+01
1910	1.00E+01
1915	1.00E+01
1920	1.00E+01
1925	1.00E+01
1930	1.00E+01
1935	1.00E+01
1940	1.00E+01
1945	1.00E+01
1950	1.00E+01
1955	1.00E+01
1960	1.00E+01
1965	1.00E+01
1970	1.00E+01
1975	1.00E+01
1980	1.00E+01
1985	1.00E+01
1990	1.00E+01
1995	1.00E+01
2000	1.00E+01
2005	1.00E+01
2010	1.00E+01
2015	1.00E+01
2020	1.00E+01
2025	1.00E+01
2030	1.00E+01
2035	1.00E+01
2040	1.00E+01
2045	1.00E+01
2050	1.00E+01
2055	1.00E+01
2060	1.00E+01
2065	1.00E+01
2070	1.00E+01
2075	1.00E+01
2080	1.00E+01
2085	1.00E+01
2090	1.00E+01
2095	1.00E+01
2100	1.00E+01
2105	1.00E+01
2110	1.00E+01
2115	1.00E+01
2120	1.00E+01
2125	1.00E+01
2130	1.00E+01
2135	1.00E+01
2140	1.00E+01
2145	1.00E+01
2150	1.00E+01
2155	1.00E+01
2160	1.00E+01
2165	1.00E+01
2170	1.00E+01
2175	1.00E+01
2180	1.00E+01
2185	1.00E+01
2190	1.00E+01
2195	1.00E+01
2200	1.00E+01
2205	1.00E+01
2210	1.00E+01
2215	1.00E+01
2220	1.00E+01
2225	1.00E+01
2230	1.00E+01
2235	1.00E+01
2240	1.00E+01
2245	1.00E+01
2250	1.00E+01
2255	1.00E+01
2260	1.00E+01
2265	1.00E+01
2270	1.00E+01
2275	1.00E+01
2280	1.00E+01
2285	1.00E+01
2290	1.00E+01
2295	1.00E+01
2300	1.00E+01
2305	1.00E+01
2310	1.00E+01
2315	1.00E+01
2320	1.00E+01
2325	1.00E+01
2330	1.00E+01
2335	1.00E+01
2340	1.00E+01
2345	1.00E+01
2350	1.00E+01
2355	1.00E+01
2360	1.00E+01
2365	1.00E+01
2370	1.00E+01
2375	1.00E+01
2380	1.00E+01
2385	1.00E+01
2390	1.00E+01
2395	1.00E+01
2400	1.00E+01
2405	1.00E+01
2410	1.00E+01
2415	1.00E+01
2420	1.00E+01
2425	1.00E+01
2430	1.00E+01
2435	1.00E+01
2440	1.00E+01
2445	1.00E+01
2450	1.00E+01
2455	1.00E+01
2460	1.00E+01
2465	1.00E+01
2470	1.00E+01
2475	1.00E+01
2480	1.00E+01
2485	1.00E+01
2490	1.00E+01
2495	1.00E+01
2500	1.00E+01
2505	1.00E+01
2510	1.00E+01
2515	1.00E+01
2520	1.00E+01
2525	1.00E+01
2530	1.00E+01
2535	1.00E+01
2540	1.00E+01
2545	1.00E+01
2550	1.00E+01
2555	1.00E+01
2560	1.00E+01
2565	1.00E+01
2570	1.00E+01
2575	1.00E+01
2580	1.00E+01
2585	1.00E+01
2590	1.00E+01
2595	1.00E+01
2600	1.00E+01
2605	1.00E+01
2610	1.00E+01
2615	1.00E+01
2620	1.00E+01
2625	1.00E+01
2630	1.00E+01
2635	1.00E+01
2640	1.00E+01
2645	1.00E+01
2650	1.00E+01
2655	1.00E+01
2660	1.00E+01
2665	1.00E+01
2670	1.00E+01
2675	1.00E+01
2680	1.00E+01
2685	1.00E+01
2690	1.00E+01
2695	1.00E+01
2700	1.00E+01
2705	1.00E+01
2710	1.00E+01
2715	1.00E+01
2720	1.00E+01
2725	1.00E+01
2730	1.00E+01
2735	1.00E+01
2740	1.00E+01
2745	1.00E+01
2750	1.00E+01
2755	1.00E+01
2760	1.00E+01
2765	1.00E+01
2770	1.00E+01
2775	1.00E+01
2780	1.00E+01
2785	1.00E+01
2790	1.00E+01
2795	1.00E+01
2800	1.00E+01
2805	1.00E+01
2810	1.00E+01
2815	1.00E+01
2820	1.00E+01
2825	1.00E+01
2830	1.00E+01
2835	1.00E+01
2840	1.00E+01
2845	1.00E+01
2850	1.00E+01
2855	1.00E+01
2860	1.00E+01
2865	1.00E+01
2870	1.00E+01
2875	1.00E+01
2880	1.00E+01
2885	1.00E+01
2890	1.00E+01
2895	1.00E+01
2900	1.00E+01
2905	1.00E+01
2910	1.00E+01
2915	1.00E+01
2920	1.00E+01
2925	1.00E+01
2930	1.00E+01
2935	1.00E+01
2940	1.00E+01
2945	1.00E+01
2950	1.00E+01
2955	1.00E+01
2960	1.00E+01
2965	1.00E+01
2970	1.00E+01
2975	1.00E+01
2980	1.00E+01
2985	1.00E+01
2990	1.00E+01
2995	1.00E+01
3000	1.00E+01
3005	1.00E+01
3010	1.00E+01
3015	1.00E+01
3020	1.00E+01
3025	1.00E+01
3030	1.00E+01
3035	1.00E+01
3040	1.00E+01
3045	1.00E+01
3050	1.00E+01
3055	1.00E+01
3060	1.00E+01
3065	1.00E+01
3070	1.00E+01
3075	1.00E+01
3080	1.00E+01
3085	1.00E+01
3090	1.00E+01
3095	1.00E+01
3100	1.00E+01
3105	1.00E+01
3110	1.00E+01
3115	1.00E+01
3120	1.00E+01
3125	1.00E+01
3130	1.00E+01
3135	1.00E+01
3140	1.00E+01
3145	1.00E+01
3150	1.00E+01
3155	1.00E+01
3160	1.00E+01
3165	1.00E+01
3170	1.00E+01
3175	1.00E+01
3180	1.00E+01
3185	1.00E+01
3190	1.00E+01
3195	1.00E+01
3200	1.00E+01
3205	1.00E+01
3210	1.00E+01
3215	1.00E+01
3220	1.00E+01
3225	1.00E+01
3230	1.00E+01
3235	1.00E+01
3240	1.00E+01
3245	1.00E+01
3250	1.00E+01
3255	1.00E+01
3260	1.00E+01
3265	1.00E+01
3270	1.00E+01
3275	1.00E+01
3280	1.00E+01
3285	1.00E+01
3290	1.00E+01
3295	1.00E+01
3300	1.00E+01
3305	1.00E+01
3310	1.00E+01
3315	1.00E+01
3320	1.00E+01
3325	1.00E+01
3330	1.00E+01
3335	1.00E+01
3340	1.00E+01
3345	1.00E+01
3350	1.00E+01
3355	1.00E+01
3360	1.00E+01
3365	1.00E+01
3370	1.00E+01
3375	1.00E+01
3380	1.00E+01
3385	1.00E+01
3390	1.00E+01
3395	1.00E+01
3400	1.00E+01
3405	1.00E+01
3410	1.00E+01
3415	1.00E+01
3420	1.00E+01
3425	1.00E+01
3430	1.00E+01
3435	1.00E+01
3440	1.00E+01
3445	1.00E+01
3450	1.00E+01
3455	1.00E+01
3460	1.00E+01
3465	1.00E+01
3470	1.00E+01
3475	1.00E+01
3480	1.00E+01
3485	1.00E+01
3490	1.00E+01
3495	1.00E+01
3500	1.00E+01
3505	1.00E+01
3510	1.00E+01
3515	1.00E+01
3520	1.00E+01
3525	1.00E+01
3530	1.00E+01
3535	1.00E+01
3540	1.00E+01
3545	1.00E+01
3550	1.00E+01
3555	1.00E+01
3560	1.00E+01
3565	1.00E+01
3570	1.00E+01
3575	1.00E+01
3580	1.00E+01
3585	1.00E+01
3590	1.00E+01
3595	1.00E+01
3600	1.00E+01
3605	1.00E+01
3610	1.00E+01
3615	1.00E+01
3620	1.00E+01
3625	1.00E+01
3630	1.00E+01
3635	1.00E+01
3640	1.00E+01
3645	1.00E+01
3650	1.00E+01
3655	1.00E+01
3660	1.00E+01
3665	1.00E+01
3670	1.00E+01
3675	1.00E+01
3680	1.00E+01
3685	1.00E+01
3690	1.00E+01
3695	1.00E+01
3700	1.00E+01
3705	1.00E+01
3710	1.00E+01
3715	1.00E+01
3720	1.00E+01
3725	1.00E+01
3730	1.00E+01
3735	1.00E+01
3740	1.00E+01
3745	1.00E+01
3750	1.00E+01
3755	1.00E+01
3760	1.00E+01
3765	1.00E+01
3770	1.00E+01
3775	1.00E+01
3780	1.00E+01
3785	1.00E+01
3790	1.00E+01
3795	1.00E+01
3800	1.00E+01
3805	1.00E+01
3810	1.00E+01
3815	1.00E+01
3820	1.00E+01
3825	1.00E+01
3830	1.00E+01
3835	1.00E+01
3840	1.00E+01
3845	1.00E+01
3850	1.00E+01
3855	1.00E+01
3860	1.00E+01
3865	1.00E+01
3870	1.00E+01
3875	1.00E+01
3880	1.00E+01
3885	1.00E+01
3890	1.00E+01
3895	1.00E+01
3900	1.00E+01
3905	1.00E+01
3910	1.00E+01
3915	1.00E+01
3920	1.00E+01
3925	1.00E+01
3930	1.00E+01
3935	1.00E+01
3940	1.00E+01
3945	1.00E+01
3950	1.00E+01
3955	1.00E+01
3960	1.00E+01
3965	1.00E+01
3970	1.00E+01
3975	1.00E+01
3980	1.00E+01
3985	1.00E+01
3990	1.00E+01
3995	1.00E+01
4000	1.00E+01
4005	1.00E+01
4010	1.00E+01
4015	1.00E+01
4020	1.00E+01
4025	1.00E+01
4030	1.00E+01
4035	1.00E+01
4040	1.00E+01
4045	1.00E+01
4050	1.00E+01
4055	1.00E+01
4060	1.00E+01
4065	1.00E+01
4070	1.00E+01
4075	1.00E+01
4080	1.00E+01
4085	1.00E+01
4090	1.00E+01
4095	1.00E+01
4100	1.00E+01
4105	1.00E+01
4110	1.00E+01
4115	1.00E+01
4120	1.00E+01
4125	1.00E+01
4130	1.00E+01
4135	1.00E+01
4140	1.00E+01
4145	1.00E+01
4150	1.00E+01
4155	1.00E+01
4160	1.00E+01
4165	1.00E+01
4170	1.00E+01
4175	1.00E+01
4180	1.00E+01
4185	1.00E+01
4190	1.00E+01
4195	1.00E+01
4200	1.00E+01
4205	1.00E+01
4210	1.00E+01
4215	1.00E+01
4220	1.00E+01
4225	1.00E+01
4230	1.00E+01
4235	1.00E+01
4240	1.00E+01
4245	1.00E+01
4250	1.00E+01
4255	1.00E+01
4260	1.00E+01
4265	1.00E+01
4270	1.00E+01
4275	1.00E+01
4280	1.00E+01
4285	1.00E+01
4290	1.00E+01
4295	1.00E+01
4300	1.00E+01
4305	1.00E+01
4310	1.00E+01
4315	1.00E+01
4320	1.00E+01
4325	1.00E+01
4330	1.00E+01
4335	1.00E+01
4340	1.00E+01
4345	1.00E+01
4350	1.00E+01
4355	1.00E+01
4360	1.00E+01
4365	1.00E+01
4370	1.00E+01
4375	1.00E+01
4380	1.00E+01
4385	1.00E+01
4390	1.00E+01
4395	1.00E+01
4400	1.00E+01
4405	1.00E+01
4410	1.00E+01
4415	1.00E+01
4420	1.00E+01
4425	1.00E+01
4430	1.00E+01
4435	1.00E+01
4440	1.00E+01
4445	1.00E+01
4450	1.00E+01
4455	1.00E+01
4460	1.00E+01
4465	1.00E+01
4470	1.00E+01
4475	1.00E+01
4480	1.00E+01
4485	1.00E+01
4490	1.00E+01
4495	1.00E+01
4500	1.00E+01
4505	1.00E+01
4510	1.00E+01
4515	1.00E+01
4520	1.00E+01
4525	1.00E+01
4530	1.00E+01
4535	1.00E+01
4540	1.00E+01
4545	1.00E+01
4550	1.00E+01
4555	1.00E+01
4560	1.00E+01
4565	1.00E+01
4570	1.00E+01
4575	1.00E+01
4580	1.00E+01
4585	1.00E+01
4590	1.00E+01
4595	1.00E+01
4600	1.00E+01
4605	1.00E+01
4610	1.00E+01
4615	1.00E+01
4620	1.00E+01
4625	1.00E+01
4630	1.00E+01
4635	1.00E+01
4640	1.00E+01
4645	1.00E+01
4650	1.00E+01
4655	1.00E+01
4660	1.00E+01
4665	1.00E+01
4670	1.00E+01
4675	1.00E+01
4680	1.00E+01
4685	1.00E+01
4690	1.00E+01
4695	1.00E+01
4700	1.00E+01
4705	1.00E+01
4710	1.00E+01
4715	1.00E+01
4720	1.00E+01
4725	1.00E+01
4730	1.00E+01
4735	1.00E+01
4740	1.00E+01
4745	1.00E+01
4750	1.00E+01
4755	1.00E+01
4760	1.00E+01
4765	1.00E+01
4770	1.00E+01
4775	1.00E+01
4780	1.00E+01
4785	1.00E+01
4790	1.00E+01
4795	1.00E+01
4800	1.00E+01
4805	1.00E+01
4810	1.00E+01
4815	1.00E+01
4820	1.00E+01
4825	1.00E+01
4830	1.00E+01
4835	1.00E+01
4840	1.00E+01
4845	1.00E+01
4850	1.00E+01
4855	1.00E+01
4860	1.00E+01
4865	1.00E+01
4870	1.00E+01
4875	1.00E+01
4880	1.00E+01
4885	1.00E+01
4890	1.00E+01
4895	1.00E+01
4900	1.00E+01
4905	1.00E+01
4910	1.00E+01
4915	1.00E+01
4920	1.00E+01
4925	1.00E+01
4930	1.00E+01
4935	1.00E+01
4940	1.00E+01
4945	1.00E+01
4950	1.00E+01
4955	1.00E+01
4960	1.00E+01
4965	1.00E+01
4970	1.00E+01
4975	1.00E+01
4980	1.00E+01
4985	1.00E+01
4990	1.00E+01
4995	1.00E+01
5000	1.00E+01
5005	1.00E+01
5010	1.00E+01
5015	1.00E+01
5020	1.00E+01
5025	1.00E+01
5030	1.00E+01
5035	1.00E+01
5040	1.00E+01
5045	1.00E+01
5050	1.00E+01
5055	1.00E+01
5060	1.00E+01
5065	1.00E+01
5070	1.00E+01
5075	1.00E+01
5080	1.00E+01
5085	1.00E+01
5090	1.00E+01
5095	1.00E+01
5100	1.00E+01
5105	1.00E+01
5110	1.00E+01
5115	1.00E+01
5120	1.00E+01
5125	1.00E+01
5130	1.00E+01
5135	1.00E+01
5140	1.00E+01
5145	1.00E+01
5150	1.00E+01
5155	1.00E+01
5160	1.00E+01
5165	1.00E+01
5170	1.00E+01
5175	1.00E+01
5180	1.00E+01
5185	1.00E+01
5190	1.00E+01
5195	1.00E+01
5200	1.00E+01
5205	1.00E+01
5210	1.00E+01
5215	1.00E+01
5220	1.00E+01
5225	1.00E+01
5230	1.00E+01
5235	1.00E+01
5240	1.00E+01
5245	1.00E+01
5250	1.00E+01
5255	1.00E+01
5260	1.00E+01
5265	1.00E+01
5270	1.00E+01
5275	1.00E+01
5280	1.00E+01
5285	1.00E+01
5290	1.00E+01
5295	1.00E+01
5300	1.00E+01
5305	1.00E+01
5310	1.00E+01
5315	1.00E+01
5320	1.00E+01
5325	1.00E+01
5330	1.00E+01
5335	1.00E+01
5340	1.00E+01
5345	1.00E+01
5350	1.00E+01
5355	1.00E+01
5360	1.00E+01
5365	1.00E+01
5370	1.00E+01
5375	1.00E+01
5380	1.00E+01
5385	1.00E+01
5390	1.00E+01
5395	1.00E+01
5400	1.00E+01
5405	1.00E+01
5410	1.00E+01
5415	1.00E+01
5420	1.00E+01
5425	1.00E+01
5430	1.00E+01
5435	1.00E+01
5440	1.00E+01
5445	1.00E+01
5450	1.00E+01
5455	1.00E+01
5460	1.00E+01
5465	1.00E+01
5470	1.00E+01
5475	1.00E+01
5480	1.00E+01
5485	1.00E+01
5490	1.00E+01
5495	1.00E+01
5500	1.00E+01
5505	1.00E+01
5510	1.00E+01
5515	1.00E+01
5520	1.00E+01
5525	1.00E+01
5530	1.00E+01
5535	1.00E+01
5540	1.00E+01
5545	1.00E+01
5550	1.00E+01
5555	1.00E+01
5560	1.00E+01
5565	1.00E+01
5570	1.00E+01
5575	1.00E+01
5580	1.00E+01
5585	1.00E+01
5590	1.00E+01
5595	1.00E+01
5600	1.00E+01
5605	1.00E+01
5610	1.00E+01
5615	1.00E+01
5620	1.00E+01
5625	1.00E+01
5630	1.00E+01
5635	1.00E+01
5640	1.00E+01
5645	1.00E+01
5650	1.00E+01
5655	1.00E+01
5660	1.00E+01
5665	1.00E+01
5670	1.00E+01
5675	1.00E+01
5680	1.00E+01
5685	1.00E+01
5690	1.00E+01
5695	1.00E+01
5700	1.00E+01
5705	1.00E+01
5710	1.00E+01
5715	1.00E+01
5720	1.00E+01
5725	1.00E+01
5730	1.00E+01
5735	1.00E+01
5740	1.00E+01
5745	1.00E+01
5750	1.00E+01
5755	1.00E+01
5760	1.00E+01
5765	1.00E+01
5770	1.00E+01
5775	1.00E+01
5780	1.00E+01
5785	1.00E+01
5790	1.00E+01
5795	1.00E+01
5800	1.00E+01
5805	1.00E+01
5810	1.00E+01
5815	1.00E+01
5820	1.00E+01
5825	1.00E+01
5830	1.00E+01
5835	1.00E+01
5840	1.00E+01
5845	1.00E+01
5850	1.00E+01
5855	1.00E+01
5860	1.00E+01
5865	1.00E+01
5870	1.00E+01
5875	1.00E+01
5880	1.00E+01
5885	1.00E+01
5890	1.00E+01
5895	1.00E+01
5900	1.00E+01
5905	1.00E+01
5910	1.00E+01
5915	1.00E+01
5920	1.00E+01
5925	1.00E+01
5930	1.00E+01
5935	1.00E+01
5940	1.00E+01
5945	1.00E+01
5950	1.00E+01
5955	1.00E+01
5960	1.00E+01
5965	1.00E+01
5970	1.00E+01
5975	1.00E+01
5980	1.00E+01
5985	1.00E+01
5990	1.00E+01
5995	1.00E+01
6000	1.00E+01
6005	1.00E+01
6010	1.00E+01
6015	1.00E+01
6020	1.00E+01
6025	1.00E+01
6030	1.00E+01
6035	1.00E+01
6040	1.00E+01
6045	1.00E+01
6050	1.00E+01
6055	1.00E+01
6060	1.00E+01
6065	1.00E+01
6070	1.00E+01
6075	1.00E+01
6080	1.00E+01
6085	1.00E+01
6090	1.00E+01
6095	1.00E+01
6100	1.00E+01
6105	1.00E+01
6110	1.00E+01
6115	1.00E+01
6120	1.00E+01
6125	1.00E+01
6130	1.00E+01
6135	1.00E+01
6140	1.00E+01
6145	1.00E+01
6150	1.00E+01
6155	1.00E+01
6160	1.00E+01
6165	1.00E+01
6170	1.00E+01
6175	1.00E+01
6180	1.00E+01
6185	1.00E+01
6190	1.00E+01
6195	1.00E+01
6200	1.00E+01
6205	1.00E+01
6210	1.00E+01
6215	1.00E+01
6220	1.00E+01
6225	1.00E+01
6230	1.00E+01
6235	1.00E+01
6240	1.00E+01
6245	1.00E+01
6250	1.00E+01
6255	1.00E+01
6260	1.00E+01
6265	1.00E+01
6270	1.00E+01
6275	1.00E+01
6280	1.00E+01
6285	1.00E+01
6290	1.00E+01
6295	1.00E+01
6300	1.00E+01
6305	1.00E+01
6310	1.00E+01
6315	1.00E+01
6320	1.00E+01
6325	1.00E+01
6330	1.00E+01
6335	1.00E+01
6340	1.00E+01
6345	1.00E+01
6350	1.00E+01
6355	1.00E+01
6360	1.00E+01
6365	1.00E+01
6370	1.00E+01
6375	1.00E+01
6380	1.00E+01
6385	1.00E+01
6390	1.00E+01
6395	1.00E+01
6400	1.00E+01
6405	1.00E+01
6410	1.00E+01
6415	1.00E+01
6420	1.00E+01
6425	1.00E+01
6430	1.00E+01
6435	1.00E+01
6440	1.00E+01
6445	1.00E+01
6450	1.00E+01
6455	1.00E+01
6460	1.00E+01
6465	1.00E+01
6470	1.00E+01
6475	1.00E+01
6480	1.00E+01
6485	1.00E+01
6490	1.00E+01
6495	1.00E+01
6500	1.00E+01
6505	1.00E+01
6510	1.00E+01
6515	1.00E+01
6520	1.00E+01
6525	1.00E+01
6530	1.00E+01
6535	1.00E+01
6540	1.00E+01
6545	1.00E+01
6550	1.00E+01
6555	1.00E+01
6560	1.00E+01
6565	1.00E+01
6570	1.00E+01
6575	1.00E+01
6580	1.00E+01
6585	1.00E+01
6590	1.00E+01
6595	1.00E+01
6600	1.00E+01
6605	1.00E+01
6610	1.00E+01
6615	1.00E+01
6620	1.00E+01
6625	1.00E+01
6630	1.00E+01
6635	1.00E+01
6640	1.00E+01
6645	1.00E+01
6650	1.00E+01
6655	1.00E+01
6660	1.00E+01
6665	1.00E+01
6670	1.00E+01
6675	1.00E+01
6680	1.00E+01
6685	1.00E+01
6690	1.00E+01
6695	1.00E+01
6700	1.00E+01
6705	1.00E+01
6710	1.00E+01
6715	1.00E+01
6720	1.00E+01
6725	1.00E+01
6730	1.00E+01
6735	1.00E+01
6740	1.00E+01
6745	1.00E+01
6750	1.00E+01
6755	1.00E+01
6760	1.00E+01
6765	1.00E+01
6770	1.00E+01
6775	1.00E+01
6780	1.00E+01
6785	1.00E+01
6790	1.00E+01
6795	1.00E+01
6800	1.00E+01
6805	1.00E+01
6810	1.00E+01
6815	1.00E+01
6820	1.00E+01
6825	1.00E+01
6830	1.00E+01
6835	1.00E+01
6840	1.00E+01
6845	1.00E+01
6850	1.00E+01
6855	1.00E+01
6860	1.00E+01
6865	1.00E+01
6870	1.00E+01
6875	1.00E+01
6880	1.00E+01
6885	1.00E+01
6890	1.00E+01
6895	1.00E+01
6900	1.00E+01
6905	1.00E+01
6910	1.00E+01
6915	1.00E+01
6920	1.00E+01
6925	1.00E+01
6930	1.00E+01
6935	1.00E+01
6940	1.00E+01
6945	1.00E+01
6950	1.00E+01
6955	1.00E+01
6960	1.00E+01
6965	1.00E+01
6970	1.00E+01
6975	1.00E+01
6980	1.00E+01
6985	1.00E+01
6990	1.00E+01
6995	1.00E+01
7000	1.00E+01
7005	1.00E+01
7010	1.00E+01
7015	1.00E+01
7020	1.00E+01
7025	1.00E+01
7030	1.00E+01
7035	1.00E+01
7040	1.00E+01
7045	1.00E+01
7050	1.00E+01
7055	1.00E+01
7060	1.00E+01
7065	1.00E+01
7070	1.00E+01
7075	1.00E+01
7080	1.00E+01
7085	1.00E+01
7090	1.00E+01
7095	1.00E+01
7100	1.00E+01
7105	1.00E+01
7110	1.00E+01
7115	1.00E+01
7120	1.00E+01
7125	1.00E+01
7130	1.00E+01
7135	1.00E+01
7140	1.00E+01
7145	1.00E+01
7150	1.00E+01
7155	1.00E+01
7160	1.00E+01
7165	1.00E+01
7170	1.00E+01
7175	1.00E+01
7180	1.00E+01
7185	1.00E+01
7190	1.00E+01
7195	1.00E+01
7200	1.00E+01
7205	1.00E+01
7210	1.00E+01
7215	1.00E+01
7220	1.00E+01
7225	1.00E+01
7230	1.00E+01
7235	1.00E+01
7240	1.00E+01
7245	1.00E+01
7250	1.00E+01
7255	1.00E+01
7260	1.00E+01
7265	1.00E+01
7270	1.00E+01
7275	1.00E+01
7280	1.00E+01
7285	1.00E+01
7290	1.00E+01
7295	1.00E+01
7300	1.00E+01
7305	1.00E+01
7310	1.00E+01
7315	1.00E+01
7320	1.00E+01
7325	1.00E+01
7330	1.00E+01
7335	1.00E+01
7340	1.00E+01
7345	1.00E+01
7350	1.00E+01
7355	1.00E+01
7360	1.00E+01
7365	1.00E+01
7370	1.00E+01
7375	1.00E+01
7380	1.00E+01
7385	1.00E+01
7390	1.00E+01
7395	1.00E+01
7400	1.00E+01
7405	1.00E+01
7410	1.00E+01
7415	1.00E+01
7420	1.00E+01
7425	1.00E+01
7430	1.00E+01
7435	1.00E+01
7440	1.00E+01
7445	1.00E+01
7450	1.00E+01
7455	1.00E+01
7460	1.00E+01
7465	1.00E+01
7470	1.00E+01
7475	1.00E+01
7480	1.00E+01
7485	1.00E+01
7490	1.00E+01
7495	1.00E+01
7500	1.00E+01
7505	1.00E+01
7510	1.00E+01
7515	1.00E+01
7520	1.00E+01
7525	1.00E+01
7530	1.00E+01
7535	1.00E+01
7540	1.00E+01
7545	1.00E+01
7550	1.00E+01
7555	1.00E+01
7560	1.00E+01
7565	1.00E+01
7570	1.00E+01
7575	1.00E+01
7580	1.00E+01
7585	1.00E+01
7590	1.00E+01
7595	1.00E+01
7600	1.00E+01
7605	1.00E+01
7610	1.00E+01
7615	1.00E+01
7620	1.00E+01
7625	1.00E+01
7630	1.00E+01
7635	1.00E+01
7640	1.00E+01
7645	1.00E+01
7650	1.00E+01
7655	1.00E+01
7660	1.00E+01
7665	1.00E+01
7670	1.00E+01
7675	1.00E+01
7680	1.00E+01
7685	1.00E+01
7690	1.00E+01
7695	1.00E+01
7700	1.00E+01
7705	1.00E+01
7710	1.00E+01
7715	1.00E+01
7720	1.00E+01
7725	1.00E+01
7730	1.00E+01
7735	1.00E+01
7740	1.00E+01
7745	1.00E+01
7750	1.00E+01
7755	1.00E+01
7760	1.00E+01
7765	1.00E+01
7770	1.00E+01
7775	1.00E+01
7780	1.00E+01
7785	1.00E+01
7790	1.00E+01
7795	1.00E+01
7800	1.00E+01
7805	1.00E+01
7810	1.00E+01
7815	1.00E+01
7820	1.00E+01
7825	1.00E+01
7830	1.00E+01
7835	1.00E+01
7840	1.00E+01
7845	1.00E+01
7850	1.00E+01
7855	1.00E+01
7860	1.00E+01
7865	1.00E+01
7870	1.00E+01
7875	1.00E+01
7880	1.00E+01
7885	1.00E+01
7890	1.00E+01
7895	1.00E+01
7900	1.00E+01
7905	1.00E+01
7910	1.00E+01
7915	1.00E+01
7920	1.00E+01
7925	1.00E+01
7930	1.00E+01
7935	1.00E+01
7940	1.00E+01
7945	1.00E+01
7950	1.00E+01
7955	1.00E+01
7960	1.00E+01
7965	1.00E+01
7970	1.00E+01
7975	1.00E+01
7980	1.00E+01
7985	1.00E+01
7990	1.00E+01
7995	1.00E+01
8000	1.00E+01
8005	1.00E+01
8010	1.00E+01
8015	1.00E+01
8020	1.00E+01
8025	1.00E+01
8030	1.00E+01
8035	1.00E+01
8040	1.00E+01
8045	1.00E+01
8050	1.00E+01
8055	1.00E+01
8060	1.00E+01
8065	1.00E+01
8070	1.00E+01
8075	1.00E+01
8080	1.00E+01
8085	1.00E+01
8090	1.00E+01
8095	1.00E+01
8100	1.00E+01
8105	1.00E+01
8110	1.00E+01
8115	1.00E+01
8120	1.00E+01
8125	1.00E+01
8130	1.00E+01
8135	1.00E+01
8140	1.00E+01
8145	1.00E+01
8150	1.00E+01
8155	1.00E+01
8160	1.00E+01
8165	1.00E+01
8170	1.00E+01
8175	1.00E+01
8180	1.00E+01
8185	1.00E+01
8190	1.00E+01
8195	1.00E+01
8200	1.00E+01
8205	1.00E+01
8210	1.00E+01
8215	1.00E+01
8220	1.00E+01
8225	1.00E+01
8230	1.00E+01
8235	1.00E+01
8240	1.00E+01
8245	1.00E+01
8250	1.00E+01
8255	1.00E+01
8260	1.00E+01
8265	1.00E+01
8270	1.00E+01
8275	1.00E+01
8280	1.00E+01
8285	1.00E+01
8290	1.00E+01
8295	1.00E+01
8300	1.00E+01
8305	1.00E+01
8310	1.00E+01
8315	1.00E+01
8320	1.00E+01
8325	1.00E+01
8330	1.00E+01
8335	1.00E+01
8340	1.00E+01
8345	1.00E+01
8350	1.00E+01
8355	1.00E+01
8360	1.00E+01
8365	1.00E+01
8370	1.00E+01
8375	1.00E+01
8380	1.00E+01
8385	1.00E+01
8390	1.00E+01
8395	1.00E+01
8400	1.00E+01
8405	1.00E+01
8410	1.00E+01
8415	1.00E+01
8420	1.00E+01
8425	1.00E+01
8430	1.00E+01
8435	1.00E+01
8440	1.00E+01
8445	1.00E+01
8450	1.00E+01
8455	1.00E+01
8460	1.00E+01
8465	1.00E+01
8470	1.00E+01
8475	1.00E+01
8480	1.00E+01
8485	1.00E+01
8490	1.00E+01
8495	1.00E+01
8500	1.00E+01
8505	1.00E+01
8510	1.00E+01
8515	1.00E+01
8520	1.00E+01
8525	1.00E+01
8530	1.00E+01
8535	1.00E+01
8540	1.00E+01
8545	1.00E+01
8550	1.00E+01
8555	1.00E+01
8560	1.00E+01
8565	1.00E+01
8570	1.00E+01
8575	1.00E+01
8580	1.00E+01
8585	1.00E+01
8590	1.00E+01
8595	1.00E+01
8600	1.00E+01
8605	1.00E+01
8610	1.00E+01
8615	1.00E+01
8620	1.00E+01
8625	1.00E+01
8630	1.00E+01
8635	1.00E+01
8640	1.00E+01
8645	1.00E+01
8650	1.00E+01
8655	1.00E+01
8660	1.00E+01
8665	1.00E+01
8670	1.00E+01
8675	1.00E+01
8680	1.00E+01
8685	1.00E+01
8690	1.00E+01
8695	1.00E+01
8700	1.00E+01
8705	1.00E+01
8710	1.00E+01
8715	1.00E+01
8720	1.00E+01
8725	1.00E+01
8730	1.00E+01
8735	1.00E+01
8740	1.00E+01
8745	1.00E+01
8750	1.00E+01
8755	1.00E+01
8760	1.00E+01
8765	1.00E+01
8770	1.00E+01
8775	1.00E+01
8780	1.00E+01
8785	1.00E+01
8790	1.00E+01
8795	1.00E+01
8800	1.00E+01
8805	1.00E+01
8810	1.00E+01
8815	1.00E+01
8820	1.00E+01
8825	1.00E+01
8830	1.00E+01
8835	1.00E+01
8840	1.00E+01
8845	1.00E+01
8850	1.00E+01
8855	1.00E+01
8860	1.00E+01
8865	1.00E+01
8870	1.00E+01
8875	1.00E+01
8880	1.00E+01
8885	1.00E+01
8890	1.00E+01
8895	1.00E+01
8900	1.00E+01
8905	1.00E+01
8910	1.00E+01
8915	1.00E+01
8920	1.00E+01
8925	1.00E+01
8930	1.00E+01
8935	1.00E+01
8940	1.00E+01
8945	1.00E+01
8950	1.00E+01
8955	1.00E+01
8960	1.00E+01
8965	1.00E+01
8970	1.00E+01
8975	1.00E+01
8980	1.00E+01
8985	1.00E+01
8990	1.00E+01
8995	1.00E+01
9000	1.00E+01
9005	1.00E+01
9010	1.00E+01
9015	1.00E+01
9020	1.00E+01
9025	1.00E+01
9030	1.00E+01
9035	1.00E+01
9040	1.00E+01
9045	1.00E+01
9050	1.00E+01
9055	1.00E+01
9060	1.00E+01
9065	1.00E+01
9070	1.00E+01
9075	1.00E+01
9080	1.00E+01
9085	1.00E+01
9090	1.00E+01
9095	1.00E+01
9100	1.00E+01
9105	1.00E+01
9110	1.00E+01
9115	1.00E+01
9120	1.00E+01
9125	1.00E+01
9130	1.00E+01
9135	1.00E+01
9140	1.00E+01
9145	1.00E+01
9150	1.00E+01
9155	1.00E+01
9160	1.00E+01
9165	1.00E+01
9170	1.00E+01
9175	1.00E+01
9180	1.00E+01
9185	1.00E+01
9190	1.00E+01
9195	1.00E+01
9200	1.00E+01
9205	1.00E+01
9210	1.00E+01
9215	1.00E+01
9220	1.00E+01
9225	1.00E+01
9230	1.00E+01
9235	1.00E+01
9240	1.00E+01
9245	1.00E+01
9250	1.00E+01
9255	1.00E+01
9260	1.00E+01
9265	1.00E+01
9270	1.00E+01
9275	1.00E+01
9280	1.00E+01
9285	1.00E+01
9290	1.00E+01
9295	1.00E+01
9300	1.00E+01
9305	1.00E+01
9310	1.00E+01
9315	1.00E+01
9320	1.00E+01
9325	1.00E+01
9330	1.00E+01
9335	1.00E+01
9340	1.00E+01
9345	1.00E+01
9350	1.00E+01
9355	1.00E+01
9360	1.00E+01
9365	1.00E+01
9370	1.00E+01
9375	1.00E+01
9380	1.00E+01
9385	1.00E+01
9390	1.00E+01
9395	1.00E+01
9400	1.00E+01
9405	1.00E+01
9410	1.00E+01
9415	1.00E+01
9420	1.00E+01
9425	1.00E+01
9430	1.00E+01
9435	1.00E+01
9440	1.00E+01
9445	1.00E+01
9450	1.00E+01
9455	1.00E+01
9460	1.00E+01
9465	1.00E+01
9470	1.00E+01
9475	1.00E+01
9480	1.00E+01
9485	1.00E+01
9490	1.00E+01
9495	1.00E+01
9500	1.00E+01
9505	1.00E+01
9510	1.00E+01
9515	1.00E+01
9520	1.00E+01
9525	1.00E+01
9530	1.00E+01
9535	1.00E+01
9540	1.00E+01
9545	1.00E+01
9550	1.00E+01
9555	1.00E+01
9560	1.00E+01
9565	1.00E+01
9570	1.00E+01
9575	1.00E+01
9580	1.00E+01
9585	1.00E+01
9590	1.00E+01
9595	1.00E+01
9600	1.00E+01
9605	1.00E+01
9610	1.00E+01
9615	1.00E+01
9620	1.00E+01
9625	1.00E+01
9630	1.00E+01
9635	1.00E+01
9640	1.00E+01
9645	1.00E+01
9650	1.00E+01
9655	1.00E+01
9660	1.00E+01
9665	1.00E+01
9670	1.00E+01
9675	1.00E+01
9680	1.00E+01
9685	1.00E+01
9690	1.00E+01
9695	1.00E+01
9700	1.00E+01
9705	1.00E+01
9710	1.00E+01
9715	1.00E+01
9720	1.00E+01
9725	1.00E+01
9730	1.00E+01
9735	1.00E+01
9740	1.00E+01
9745	1.00E+01
9750	1.00E+01
9755	1.00E+01
9760	1.00E+01
9765	1.00E+01
9770	1.00E+01
9775	1.00E+01
9780	1.00E+01
9785	1.00E+01
9790	1.00E+01
9795	1.00E+01
9800	1.00E+01
9805	1.00E+01
9810	1.00E+01
9815	1.00E+01
9820	1.00E+01
9825	1.00E+01
9830	1.00E+01
9835	1.00E+01
9840	1.00E+01
9845	1.00E+01
9850	1.00E+01
9855	1.00E+01
9860	1.00E+01
9865	1.00E+01
9870	1.00E+01
9875	1.00E+01
9880	1.00E+01
9885	1.00E+01
9890	1.00E+01
9895	1.00E+01
9900	1.00E+01
9905	1.00E+01
9910	1.00E+01
9915	1.00E+01
9920	1.00E+01
9925	1.00E+01
9930	1.00E+01
9935	1.00E+01
9940	1.00E+01
9945	1.00E+01
9950	1.00E+01
9955	1.00E+01
9960	1.00E+01
9965	1.00E+01
9970	1.00E+01
9975	1.00E+01
9980	1.00E+01
9985	1.00E+01
9990	1.00E+01
9995	1.00E+01
10000	1.00E+01
10005	1.00E+01
10010	1.00E+01
10015	1.00E+01
10020	1.00E+01
10025	1.00E+01
10030	1.00E+01
10035	1.00E+01
10040	1.00E+01
10045	1.00E+01
10050	1.00E+01
10055	1.00E+01
10060	1.00E+01
10065	1.00E+01
10070	1.00E+01
10075	1.00E+01
10080	1.00E+01
10085	1.00E+01
10090	1.00E+01
10095	1.00E+01
10100	1.00E+01
10105	1.00E+01
10110	1.00E+01
10115	1.00E+01
10120	1.00E+01
10125	1.00E+01
10130	1.00E+01
10135	1.00E+01
10140	1.00E+01
10145	1.00E+01
10150	1.00E+01
10155	1.00E+01
10160	1.00E+01
10165	1.00E+01
10170	1.00E+01
10175	1.00E+01
10180	1.00E+01
10185	1.00E+01
10190	1.00E+01
10195	1.00E+01
10200	1.00E+01
10205	1.00E+01
10210	1.00E+01
10215	1.00E+01
10220	1.00E+01
10225	1.00E+01
10230	1.00E+01
10235	1.00E+01
10240	1.00E+01
10245	1.00E+01
10250	1.00E+01
10255	1.00E+01
10260	1.00E+01
10265	1.00E+01
10270	1.00E+01
10275	1.00E+01
10280	1.00E+01
10285	1.00E+01
10290	1.00E+01
10295	1.00E+01
10300	1.00E+01
10305	1.00E+01
10310	1.00E+01
10315	1.00E+01
10320	1.00E+01
10325	1.00E+01
10330	1.00E+01
10335	1.00E+01
10340	1.00E+01
10345	1.00E+01
10350	1.00E+01
10355	1.00E+01
10360	1.00E+01
10365	1.00E+01
10370	1.00E+01
10375	1.00E+01
10380	1.00E+01
10385	1.00E+01
10390	1.00E+01
10395	1.00E+01
10400	1.00E+01
10405	1.00E+01
10410	1.00E+01
10415	1.00E+01
10420	1.00E+01
10425	1.00E+01
10430	1.00E+01
10435	1.00E+01
10440	1.00E+01
10445	1.00E+01
10450	1.00E+01
10455	1.00E+01
10460	1.00E+01
10465	1.00E+01
10470	1.00E+01
10475	1.00E+01
10480	1.00E+01
10485	1.00E+01
10490	1.00E+01
10495	1.00E+01
10500	1.00E+01
10505	1.00E+01
10510	1.00E+01
10515	1.00E+01
10520	1.00E+01
10525	1.00E+01
10530	1.00E+01
10535	1.00E+01
10540	1.00E+01
10545	1.00E+01
10550	1.00E+01
10555	1.00E+01
10560	1.00E+01
10565	1.00E+01
10570	1.00E+01
10575	1.00E+01
10580	1.00E+01
10585	1.00E+01
10590	1.00E+01
10595	1.00E+01
10600	1.00E+01
10605	1.00E+01
10610	1.00E+01
10615	1.00E+01
10620	1.00E+01
10625	1.00E+01
10630	1.00E+01
10635	1.00E+01
10640	1.00E+01
10645	1.00E+01
10650	1.00E+01
10655	1.00E+01
10660	1.00E+01
10665	1.00E+01
10670	1.00E+01
10675	1.00E+01
10680	1.00E+01
10685	1.00E+01
10690	1.00E+01
10695	1.00E+01
10700	1.00E+01
10705	1.00E+01
10710	1.00E+01
10715	1.00E+01
10720	1.00E+01
10725	1.00E+01
10730	1.00E+01
10735	1.00E+01
10740	1.00E+01
10745	1.00E+01
10750	1.00E+01
10755	1.00E+01
10760	1.00E+01
10765	1.00E+01
10770	1.00E+01
10775	1.00E+01
10780	1.00E+01
10785	1.00E+01
10790	1.00E+01
10795	1.00E+01
10800	1.00E+01
10805	1.00E+01
10810	1.00E+01
10815	1.00E+01
10820	1.00E+01
10825	1.00E+01
10830	1.00E+01
10835	1.00E+01
10840	1.00E+01
10845	1.00E+01
10850	1.00E+01
10855	1.00E+01
10860	1.00E+01
10865	1.00E+01
10870	1.00E+01
10875	1.00E+01
10880	1.00E+01
10885	1.00E+01
10890	1.00E+01
10895	1.00E+01
10900	1.00E+01
10905	1.00E+01
10910	1.00E+01
10915	1.00E+01
10920	1.00E+01
10925	1.00E+01
10930	1.00E+01
10935	1.00E+01
10940	1.00E+01
10945	1.00E+01
10950	1.00E+01
10955	1.00E+01
10960	1.00E+01
10965	1.00E+01
10970	1.00E+01
10975	1.00E+01
10980	1.00E+01
10985	1.00E+01
10990	1.00E+01
10995	1.00E+01
11000	1.00E+01
11005	1.00E+01
11010	1.00E+01
11015	1.00E+01
11020	1.00E+01
11025	1.00E+01
11030	1.00E+01
11035	1.00E+01
11040	1.00E+01
11045	1.00E+01
11050	1.00E+01
11055	1.00E+01
11060	1.00E+01
11065	1.00E+01
11070	1.00E+01
11075	1.00E+01
11080	1.00E+01
11085	1.00E+01
11090	1.00E+01
11095	1.00E+01
11100	1.00E+01
11105	1.00E+01
11110	1.00E+01
11115	1.00E+01
11120	1.00E+01
11125	1.00E+01
11130	1.00E+01
11135	1.00E+01
11140	1.00E+01
11145	1.00E+01
11150	1.00E+01
11155	1.00E+01
11160	1.00E+01
11165	1.00E+01
11170	1.00E+01
11175	1.00E+01
11180	1.00E+01
11185	1.00E+01
11190	1.00E+01
11195	1.00E+01
11200	1.00E+01
11205	1.00E+01
11210	1.00E+01
11215	1.00E+01
11220	1.00E+01
11225	1.00E+01
11230	1.00E+01
11235	1.00E+01
11240	1.00E+01
11245	1.00E+01
11250	1.00E+01
11255	1.00E+01
11260	1.00E+01
11265	1.00E+01
11270	1.00E+01
11275	1.00E+01
11280	1.00E+01
11285	1.00E+01
11290	1.00E+01
11295	1.00E+01
11300	1.00E+01
11305	1.00E+01
11310	1.00E+01
11315	1.00E+01
11320	1.00E+01
11325	1.00E+01
11330	1.00E+01
11335	1.00E+01
11340	1.00E+01
11345	1.00E+01
11350	1.00E+01
11355	1.00E+01
11360	1.00E+01
11365	1.00E+01
11370	1.00E+01
11375	1.00E+01
11380	1.00E+01
11385	1.00E+01
11390	1.00E+01
11395	1.00E+01
11400	1.00E+01
11405	1.00E+01
11410	1.00E+01
11415	1.00E+01
11420	1.00E+01
11425	1.00E+01
11430	1.00E+01
11435	1.00E+01
11440	1.00E+01
11445	1.00E+01
11450	1.00E+01
11455	1.00E+01
11460	1.00E+01
11465	1.00E+01
11470	1.00E+01
11475	1.00E+01
11480	1.00E+01
11485	1.00E+01
11490	1.00E+01
11495	1.00E+01
11500	1.00E+01
11505	1.00E+01
11510	1.00E+01
11515	1.00E+01
11520	1.00E+01
11525	1.00E+01
11530	1.00E+01
11535	1.00E+01
11540	1.00E+01
11545	1.00E+01
11550	1.00E+01
11555	1.00E+01
11560	1.00E+01
11565	1.00E+01
11570	1.00E+01
11575	1.00E+01
11580	1.00E+01
11585	1.00E+01
11590	1.00E+01
11595	1.00E+01
11600	1.00E+01
11605	1.00E+01
11610	1.00E+01
11615	1.00E+01
11620	1.00E+01
11625	1.00E+01
11630	1.00E+01
11635	1.00E+01
11640	1.00E+01
11645	1.00E+01
11650	1.00E+01
11655	1.00E+01
11660	1.00E+01
11665	1.00E+01
11670	1.00E+01
11675	1.00E+01
11680	1.00E+01
11685	1.00E+01
11690	1.00E+01
11695	1.00E+01
11700	1.00E+01
11705	1.00E+01
11710	1.00E+01
11715	1.00E+01
11720	1.00E+01
11725	1.00E+01
11730	1.00E+01
11735	1.00E+01
11740	1.00E+01
11745	1.00E+01
11750	1.00E+01
11755	1.00E+01
11760	1.00E+01
11765	1.00E+01
11770	1.00E+01
11775	1.00E+01
11780	1.00E+01
11785	1.00E+01
11790	1.00E+01
11795	1.00E+01
11800	1.00E+01
11805	1.00E+01
11810	1.00E+01
11815	1.00E+01
11820	1.00E+01
11825	1.00E+01
11830	1.00E+01
11835	1.00E+01
11840	1.00E+01
11845	1.00E+01
11850	1.00E+01
11855	1.00E+01
11860	1.00E+01
11865	1.00E+01
11870	1.00E+01
11875	1.00E+01
11880	1.00E+01
11885	1.00E+01
11890	1.00E+01
11895	1.00E+01
11900	1.00E+01
11905	1.00E+01
11910	1.00E+01
11915	1.00E+01
11920	1.00E+01
11925	1.00E+01
11930	1.00E+01
11935	1.00E+01
11940	1.00E+01
11945	1.00E+01
11950	1.00E+01
11955	1.00E+01
11960	1.00E+01
11965	1.00E+01
11970	1.00E+01
11975	1.00E+01
11980	1.00E+01
11985	1.00E+01
11990	1.00E+01
11995	1.00E+01
12000	1.00E+01
12005	1.00E+01
12010	1.00E+01
12015	1.00E+01
12020	1.00E+01
12025	1.00E+01
12030	1.00E+01
12035	1.00E+01
12040	1.00E+01
12045	1.00E+01
12050	1.00E+01
12055	1.00E+01
12060	1.00E+01
12065	1.00E+01
12070	1.00E+01
12075	1.00E+01
12080	1.00E+01
12085	1.00E+01
12090	1.00E+01
12095	1.00E+01
12100	1.00E+01
12105	1.00E+01
12110	1.00E+01
12115	1.00E+01
12120	1.00E+01
12125	1.00E+01
12130	1.00E+01
12135	1.00E+01
12140	1.00E+01
12145	1.00E+01
12150	1.00E+01
12155	1.00E+01
12160	1.00E+01
12165	1.00E+01
12170	1.00E+01
12175	1.00E+01
12180	1.00E+01
12185	1.00E+01
12190	1.00E+01
12195	1.00E+01
12200	1.00E+01
12205	1.00E+01
12210	1.00E+01
12215	1.00E+01
12220	1.00E+01
12225	1.00E+01
12230	1.00E+01
12235	1.00E+01
12240	1.00E+01
12245	1.00E+01
12250	1.00E+01
12255	1.00E+01
12260	1.00E+01
12265	1.00E+01
12270	1.00E+01
12275	1.00E+01
12280	1.00E+01
12285	1.00E+01
12290	1.00E+01
12295	1.00E+01
12300	1.00E+01
12305	1.00E+01
12310	1.00E+01
12315	1.00E+01
12320	1.00E+01
12325	1.00E+01
12330	1.00E+01
12335	1.00E+01
12340	1.00E+01
12345	1.00E+01
12350	1.00E+01
12355	1.00E+01
12360	1.00E+01
12365	1.00E+01
12370	1.00E+01
12375	1.00E+01
12380	1.00E+01
12385	1.00E+01
12390	1.00E+01
12395	1.00E+01
12400	1.00E+01
12405	1.00E+01
12410	1.00E+01
12415	1.00E+01
12420	1.00E+01
12425	1.00E+01
12430	1.00E+01
12435	1.00E+01
12440	1.00E+01
12445	1.00E+01
12450	1.00E+01
12455	1.00E+01
12460	1.00E+01
12465	1.00E+01
12470	1.00E+01
12475	1.00E+01
12480	1.00E+01
12485	1.00E+01
12490	1.00E+01
12495	1.00E+01
12500	1.00E+01
12505	1.00E+01
12510	1.00E+01
12515	1.00E+01
12520	1.00E+01
12525	1.00E+01
12530	1.00E+01
12535	1.00E+01
12540	1.00E+01
12545	1.00E+01
12550	1.00E+01
12555	1.00E+01
12560	1.00E+01
12565	1.00E+01
12570	1.00E+01
12575	1.00E+01
12580	1.00E+01
12585	1.00E+01
12590	1.00E+01
12595	1.00E+01
12600	1.00E+01
12605	1.00E+01
12610	1.00E+01
12615	1.00E+01
12620	1.00E+01
12625	1.00E+01
12630	1.00E+01
12635	1.00E+01
12640	1.00E+01
12645	1.00E+01
12650	1.00E+01
12655	1.00E+01
12660	1.00E+01
12665	1.00E+01
12670	1.00E+01
12675	1.00E+01
12680	1.00E+01
12685	1.00E+01
12690	1.00E+01
12695	1.00E+01
12700	1.00E+01
12705	1.00E+01
12710	1.00E+01
12715	1.00E+01
12720	1.00E+01
12725	1.00E+01
12730	1.00E+01
12735	1.00E+01
12740	1.00E+01
12745	1.00E+01
12750	1.00E+01
12755	1.00E+01
12760	1.00E+01
12765	1.00E+01
12770	1.00E+01
12775	1.00E+01
12780	1.00E+01
12785	1.00E+01
12790	1.00E+01
12795	1.00E+01
12800	1.00E+01
12805	1.00E+01
12810	1.00E+01
12815	1.00E+01
12820	1.00E+01
12825	1.00E+01
12830	1.00E+01
12835	1.00E+01
12840	1.00E+01
12845	1.00E+01
12850	1.00E+01
12855	1.00E+01
12860	1.00E+01
12865	1.00E+01
12870	1.00E+01
12875	1.00E+01
12880	1.00E+01
12885	1.00E+01
12890	1.00E+01
12895	1.00E+01
12900	1.00E+01
12905	1.00E+01
12910	1.00E+01
12915	1.00E+01
12920	1.00E+01
12925	1.00E+01
12930	1.00E+01
12935	1.00E+01
12940	1.00E+01
12945	1.00E+01
12950	1.00E+01
12955	1.00E+01
12960	1.00E+01
12965	1.00E+01
12970	1.00E+01
12975	1.00E+01
12980	1.00E+01
12985	1.00E+01
12990	1.00E+01
12995	1.00E+01
13000	1.00E+01
13005	1.00E+01
13010	1.00E+01
13015	1.00E+01
13020	1.00E+01
13025	1.00E+01
13030	1.00E+01
13035	1.00E+01
13040	1.00E+01
13045	1.00E+01
13050	1.00E+01
13055	1.00E+01
13060	1.00E+01
13065	1.00E+01
13070	1.00E+01
13075	1.00E+01
13080	1.00E+01
13085	1.00E+01
13090	1.00E+01
13095	1.00E+01
13100	1.00E+01
13105	1.00E+01
13110	1.00E+01
13115	1.00E+01
13120	1.00E+01
13125	1.00E+01
13130	1.00E+01
13135	1.00E+01
13140	1.00E+01
13145	1.00E+01
13150	1.00E+01
13155	1.00E+01
13160	1.00E+01
13165	1.00E+01
13170	1.00E+01
13175	1.00E+01
13180	1.00E+01
13185	1.00E+01
13190	1.00E+01
13195	1.00E+01
13200	1.00E+01
13205	1.00E+01
13210	1.00E+01
13215	1.00E+01
13220	1.00E+01
13225	1.00E+01
13230	1.00E+01
13235	1.00E+01
13240	1.00E+01
13245	1.00E+01
13250	1.00E+01
13255	1.00E+01
13260	1.00E+01
13265	1.00E+01
13270	1.00E+01
13275	1.00E+01
13280	1.00E+01
13285	1.00E+01
13290	1.00E+01
13295	1.00E+01
13300	1.00E+01
13305	1.00E+01
13310	1.00E+01
13315	1.00E+01
13320	1.00E+01
13325	1.00E+01
13330	1.00E+01
13335	1.00E+01
13340	1.00E+01
13345	1.00E+01
13350	1.00E+01
13355	1.00E+01
13360	1.00E+01
13365	1.00E+01
13370	1.00E+01
13375	1.00E+01
13380	1.00E+01
13385	1.00E+01
13390	1.00E+01
13395	1.00E+01
13400	1.00E+01
13405	1.00E+01
13410	1.00E+01
13415	1.00E+01
13420	1.00E+01
13425	1.00E+01
13430	1.00E+01
13435	1.00E+01
13440	1.00E+01
13445	1.00E+01
13450	1.00E+01
13455	1.00E+01
13460	1.00E+01
13465	1.00E+01
13470	1.00E+01
13475	1.00E+01
13480	1.00E+01
13485	1.00E+01
13490	1.00E+01
13495	1.00E+01
13500	1.00E+01
13505	1.00E+01
13510	1.00E+01
13515	1.00E+01
13520	1.00E+01
13525	1.00E+01
13530	1.00E+01
13535	1.00E+01
13540	1.00E+01
13545	1.00E+01
13550	1.00E+01
13555	1.00E+01
13560	1.00E+01
13565	1.00E+01
13570	1.00E+01
13575	1.00E+01
13580	1.00E+01
13585	1.00E+01
13590	1.00E+01
13595	1.00E+01
13600	1.00E+01
13605	1.00E+01
13610	1.00E+01
13615	1.00E+01
13620	1.00E+01
13625	1.00E+01
13630	1.00E+01
13635	1.00E+01
13640	1.00E+01
13645	1.00E+01
13650	1.00E+01
13655	1.00E+01
13660	1.00E+01
13665	1.00E+01
13670	1.00E+01
13675	1.00E+01
13680	1.00E+01
13685	1.00E+01
13690	1.00E+01
13695	1.00E+01
13700	1.00E+01
13705	1.00E+01
13710	1.00E+01
13715	1.00E+01
13720	1.00E+01
13725	1.00E+01
13730	1.00E+01
13735	1.00E+01
13740	1.00E+01
13745	1.00E+01
13750	1.00E+01
13755	1.00E+01
13760	1.00E+01
13765	1.00E+01
13770	1.00E+01
13775	1.00E+01
13780	1.00E+01
13785	1.00E+01
13790	1.00E+01
13795	1.00E+01
13800	1.00E+01
13805	1.00E+01
13810	1.00E+01
13815	1.00E+01
13820	1.00E+01
13825	1.00E+01
13830	1.00E+01
13835	1.00E+01
13840	1.00E+01
13845	1.00E+01
13850	1.00E+01
13855	1.00E+01
13860	1.00E+01
13865	1.00E+01
13870	1.00E+01
13875	1.00E+01
13880	1.00E+01
13885	1.00E+01
13890	1.00E+01
13895	1.00E+01
13900	1.00E+01
13905	1.00E+01
13910	1.00E+01
13915	1.00E+01
13920	1.00E+01
13925	1.00E+01
13930	1.00E+01
13935	1.00E+01
13940	1.00E+01
13945	1.00E+01
13950	1.00E+01
13955	1.00E+01
13960	1.00E+01
13965	1.00E+01
13970	1.00E+01
13975	1.00E+01
13980	1.00E+01
13985	1.00E+01
13990	1.00E+01
13995	1.00E+01
14000	1.00E+01
14005	1.00E+01
14010	1.00E+01
14015	1.00E+01
14020	1.00E+01
14025	1.00E+01
14030	1.00E+01
14035	1.00E+01
14040	1.00E+01
14045	1.00E+01
14050	1.00E+01
14055	1.00E+01
14060	1.00E+01
14065	1.00E+01
14070	1.00E+01
14075	1.00E+01
14080	1.00E+01
14085	1.00E+01
14090	1.00E+01
14095	1.00E+01
14100	1.00E+01
14105	1.00E+01
14110	1.00E+01
14115	1.00E+01
14120	1.00E+01
14125	1.00E+01
14130	1.00E+01
14135	1.00E+01
14140	1.00E+01
14145	1.00E+01
14150	1.00E+01
14155	1.00E+01
14160	1.00E+01
14165	1.00E+01
14170	1.00E+01
14175	1.00E+01
14180	1.00E+01
14185	1.00E+01
14190	1.00E+01
14195	1.00E+01
14200	1.00E+01
14205	1.00E+01
14210	1.00E+01
14215	1.00E+01
14220	1.00E+01
14225	1.00E+01
14230	1.00E+01
14235	1.00E+01
14240	1.00E+01
14245	1.00E+01
14250	1.00E+01
14255	1.00E+01
14260	1.00E+01
14265	1.00E+01
14270	1.00E+01
14275	1.00E+01
14280	1.00E+01
14285	1.00E+01
14290	1.00E+01
14295	1.00E+01
14300	1.00E+01
14305	1.00E+01
14310	1.00E+01
14315	1.00E+01
14320	1.00E+01
14325	1.00E+01
14330	1.00E+01
14335	1.00E+01
14340	1.00E+01
14345	1.00E+01
14350	1.00E+01
14355	1.00E+01
14360	1.00E+01
14365	1.00E+01
14370	1.00E+01
14375	1.00E+01
14380	1.00E+01
14385	1.00E+01
14390	1.00E+01
14395	1.00E+01
14400	1.00E+01
14405	1.00E+01
14410	1.00E+01
14415	1.00E+01
14420	1.00E+01
14425	1.00E+01
14430	1.00E+01
14435	1.00E+01
14440	1.00E+01
14445	1.00E+01
14450	1.00E+01
14455	1.00E+01
14460	1.00E+01
14465	1.00E+01
14470	1.00E+01
14475	1.00E+01
14480	1.00E+01
14485	1.00E+01
14490	1.00E+01
14495	1.00E+01
14500	1.00E+01
14505	1.00E+01
14510	1.00E+01
14515	1.00E+01
14520	1.00E+01
14525	1.00E+01
14530	1.00E+01
14535	1.00E+01
14540	1.00E+01
14545	1.00E+01
14550	1.00E+01
14555	1.00E+01
14560	1.00E+01
14565	1.00E+01
14570	1.00E+01
14575	1.00E+01
14580	1.00E+01
14585	1.00E+01
14590	1.00E+01
14595	1.00E+01
14600	1.00E+01
14605	1.00E+01
14610	1.00E+01
14615	1.00E+01
14620	1.00E+01
14625	1.00E+01
14630	1.00E+01
14635	1.00E+01
14640	1.00E+01
14645	1.00E+01
14650	1.00E+01
14655	1.00E+01
14660	1.00E+01
14665	1.00E+01
14670	1.00E+01
14675	1.00E+01
14680	1.00E+01
14685	1.00E+01
14690	1.00E+01
14695	1.00E+01
14700	1.00E+01
14705	1.00E+01
14710	1.00E+01
14715	1.00E+01
14720	1.00E+01
14725	1.00E+01
14730	1.00E+01
14735	1.00E+01
14740	1.00E+01
14745	1.00E+01
14750	1.00E+01
14755	1.00E+01
14760	1.00E+01
14765	1.00E+01
14770	1.00E+01
14775	1.00E+01
14780	1.00E+01
14785	1.00E+01
14790	1.00E+01
14795	1.00E+01
14800	1.00E+01
14805	1.00E+01
14810	1.00E+01
14815	1.00E+01
14820	1.00E+01
14825	1.00E+01
14830	1.00E+01
14835	1.00E+01
14840	1.00E+01
14845	1.00E+01
14850	1.00E+01
14855	1.00E+01
14860	1.00E+01
14865	1.00E+01
14870	1.00E+01
14875	1.00E+01
14880	1.00E+01
14885	1.00E+01
14890	1.00E+01
14895	1.00E+01
14900	1.00E+01
14905	1.00E+01
14910	1.00E+01
14915	1.00E+01
14920	1.00E+01
14925	1.00E+01
14930	1.00E+01
14935	1.00E+01
14940	1.00E+01
14945	1.00E+01
14950	1.00E+01
14955	1.00E+01
14960	1.00E+01
14965	1.00E+01
14970	1.00E+01
14975	1.00E+01
14980	1.00E+01
14985	1.00E+01
14990	1.00E+01
14995	1.00E+01
15000	1.00E+01
15005	1.00E+01
15010	1.00E+01
15015	1.00E+01
15020	1.00E+01
15025	1.00E+01
15030	1.00E+01
15035	1.00E+01
15040	1.00E+01
15045	1.00E+01
15050	1.00E+01
15055	1.00E+01
15060	1.00E+01
15065	1.00E+01
15070	1.00E+01
15075	1.00E+01
15080	1.00E+01
15085	1.00E+01
15090	1.00E+01
15095	1.00E+01
15100	1.00E+01
15105	1.00E+01
15110	1.00E+01
15115	1.00E+01
15120	1.00E+01
15125	1.00E+01
15130	1.00E+01
15135	1.00E+01
15140	1.00E+01
15145	1.00E+01
15150	1.00E+01
15155	1.00E+01
15160	1.00E+01
15165	1.00E+01
15170	1.00E+01
15175	1.00E+01
15180	1.00E+01
15185	1.00E+01
15190	1.00E+01
15195	1.00E+01
15200	1.00E+01
15205	1.00E+01
15210	1.00E+01
15215	1.00E+01
15220	1.00E+01
15225	1.00E+01
15230	1.00E+01
15235	1.00E+01
15240	1.00E+01
15245	1.00E+01
15250	1.00E+01
15255	1.00E+01
15260	1.00E+01
15265	1.00E+01
15270	1.00E+01
15275	1.00E+01
15280	1.00E+01
15285	1.00E+01
15290	1.00E+01
15295	1.00E+01
15300	1.00E+01
15305	1.00E+01
15310	1.00E+01
15315	1.00E+01
15320	1.00E+01
15325	1.00E+01
15330	1.00E+01
15335	1.00E+01
15340	1.00E+01
15345	1.00E+01
15350	1.00E+01
15355	1.00E+01
15360	1.00E+01
15365	1.00E+01
15370	1.00E+01
15375	1.00E+01
15380	1.00E+01
15385	1.00E+01
15390	1.00E+01
15395	1.00E+01
15400	1.00E+01
15405	1.00E+01
15410	1.00E+01
15415	1.00E+01
15420	1.00E+01
15425	1.00E+01
15430	1.00E+01
15435	1.00E+01
15440	1.00E+01
15445	1.00E+01
15450	1.00E+01
15455	1.00E+01
15460	1.00E+01
15465	1.00E+01
15470	1.00E+01
15475	1.00E+01
15480	1.00E+01
15485	1.00E+01
15490	1.00E+01
15495	1.00E+01
15500	1.00E+01
15505	1.00E+01
15510	1.00E+01
15515	1.00E+01
15520	1.00E+01
15525	1.00E+01
15530	1.00E+01
15535	1.00E+01
15540	1.00E+01
15545	1.00E+01
15550	1.00E+01
15555	1.00E+01
15560	1.00E+01
15565	1.00E+01
15570	1.00E+01
15575	1.00E+01
15580	1.00E+01
15585	1.00E+01
15590	1.00E+01
15595	1.00E+01
15600	1.00E+01
15605	1.00E+01
15610	1.00E+01
15615	1.00E+01
15620	1.00E+01
15625	1.00E+01
15630	1.00E+01
15635	1.00E+01
15640	1.00E+01
15645	1.00E+01
15650	1.00E+01
15655	1.00E+01
15660	1.00E+01
15665	1.00E+01
15670	1.00E+01
15675	1.00E+01
15680	1.00E+01
15685	1.00E+01
15690	1.00E+01
15695	1.00E+01
15700	1.00E+01
15705	1.00E+01
15710	1.00E+01
15715	1.00E+01
15720	1.00E+01
15725	1.00E+01
15730	1.00E+01
15735	1.00E+01
15740	1.00E+01
15745	1.00E+01
15750	1.00E+01
15755	1.00E+01
15760	1.00E+01
15765	1.00E+01
15770	1.00E+01
15775	1.00E+01
15780	1.00E+01
15785	1.00E+01
15790	1.00E+01
15795	1.00E+01
15800	1.00E+01
15805	1.00E+01
15810	1.00E+01
15815	1.00E+01
15820	1.00E+01
15825	1.00E+01
15830	1.00E+01
15835	1.00E+01
15840	1.00E+01
15845	1.00E+01
15850	1.00E+01
15855	1.00E+01
15860	1.00E+01
15865	1.00E+01
15870	1.00E+01
15875	1.00E+01
15880	1.00E+01
15885	1.00E+01
15890	1.00E+01
15895	1.00E+01
15900	1.00E+01
15905	1.00E+01
15910	1.00E+01
15915	1.00E+01
15920	1.00E+01
15925	1.00E+01
15930	1.00E+01
15935	1.00E+01
15940	1.00E+01
15945	1.00E+01
15950	1.00E+01
15955	1.00E+01
15960	1.00E+01
15965	1.00E+01
15970	1.00E+01
15975	1.00E+01
15980	1.00E+01
15985	1.00E+01
15990	1.00E+01
15995	1.00E+01
16000	1.00E+01
16005	1.00E+01
16010	1.00E+01
16015	1.00E+01
16020	1.00E+01
16025	1.00E+01
16030	1.00E+01
16035	1.00E+01
16040	1.00E+01
16045	1.00E+01
16050	1.00E+01
16055	1.00E+01
16060	1.00E+01
16065	1.00E+01
16070	1.00E+01
16075	1.00E+01
16080	1.00E+01
16085	1.00E+01
16090	1.00E+01
16095	1.00E+01
16100	1.00E+01
16105	1.00E+01
