==============================
W1_Energy_1
W1->P3
[[0.0018956447229173186, -0.002343433809630156, 0.00038383025261381007, -0.0003490907086053035, 0.00015271131561679508, -3.9385192286398734e-05]]
W1->P2
[[0.0015036843950739928, -0.0015543950543338624, -1.9423754754357676e-05, -1.1769717462187736e-07, 7.475126876295543e-07, 4.1970741483097583e-07]]
W1->P1
[[0.0016177730202633265, -0.0014935194464894112, -5.7410278092599087e-05, -5.161960963180548e-06, -1.1409107000355586e-05, 1.8173061461978504e-06]]
P1->P2
[[6.392848254911532e-05, -7.879474661501697e-05, 1.6478965528016277e-05, -1.8766414096954546e-06, 7.859376277737032e-06, -1.3314936547526982e-06]]
P1->P3
[[-3.880087926706689e-05, 7.137893178893063e-05, -0.00015730143178794363, 8.752876810530591e-05, -3.766597153963013e-05, -1.909090138000143e-05]]
P2->P3
[[-7.909665742739694e-05, 0.00016630107176072471, -0.00015351043573173234, 0.00011664480493694268, -5.569983685077459e-05, 1.6571526504917773e-05]]
