==============================
W1_Energy_1
R->P2
T_min:200 K    T_max:3000 K    P_min:0.0001 atm    P_max:100 atm
[[-7.558065307479425, -25.12814661519848, 5.203615611850765, -7.725578733371451, -8.187897979869595, 48.76564057738751, -10.098228637706171, 14.99291023618511, 8.183800753421753, -44.548410983280405, 9.224149823447812, -13.69644494350856, -6.683886243634838, 38.25995705615655, -7.920918429905458, 11.763233178654886, 5.530720053587309, -30.8367261002992, 6.382766196516333, -9.481118194242857, -4.111212190514639, 23.24652118361514, -4.810336750516646, 7.147629196369383, 2.908896875059797, -16.3268224838618, 3.3772232019700934, -5.020207408660287, -1.882622406427574, 10.615236733287594, -2.1947419070486625, 3.2641543801750403, 1.1270550557531187, -6.341124311492258, 1.3102696440391974, -1.949991810625761, -0.6098681994805553, 3.437520735016303, -0.7097576086363575, 1.0571717591498029, 0.2955342718747289, -1.665684367014972, 0.34358348194174226, -0.5123101266647581, -0.12442123626459889, 0.7016827354227146, -0.14455291190602537, 0.2158425558425492, 0.04382053834115318, -0.24773727231290632, 0.05094525181797227, -0.07621719035110086, -0.011823365912547956, 0.0667214965809464, -0.013689988610812165, 0.020531654179247738, 0.002055558985684769, -0.0118390908499455, 0.0024157224877860983, -0.0036444640283939123]]
R->P3
T_min:200 K    T_max:3000 K    P_min:0.0001 atm    P_max:100 atm
[[-9.783565206931202, -10.94985947697479, 2.4583919213667764, -3.353654765558385, -2.7777043614567543, 21.24788710846248, -4.769936218221827, 6.507711348762924, 2.957017561352524, -19.405154921987606, 4.354835753557914, -5.943431514459585, -2.3091045589715624, 16.657905272055142, -3.736258755120704, 5.102157936346624, 1.9703382630976511, -13.41681154695702, 3.0068849724303126, -4.109622480943131, -1.4293532157387476, 10.10499668148045, -2.262238383242745, 3.0953872712279327, 1.0267050943457892, -7.0886388049405475, 1.5847233852979778, -2.171579222785961, -0.6542645292860803, 4.601832614883242, -1.0269540013434884, 1.4098984503585026, 0.39430840302075015, -2.743673112581317, 0.6108870827533261, -0.8407090015415384, -0.21077756859825847, 1.4837823505740602, -0.329432327581894, 0.4547325318665152, 0.10216942440225041, -0.7167222817417471, 0.15853130860840992, -0.21970085706068332, -0.042498936085745065, 0.300747874992058, -0.06620846125023405, 0.09221670663795667, 0.014798840824647108, -0.10556902312164484, 0.023079686287182266, -0.03238324276225513, -0.003946518876098537, 0.0282372531133519, -0.0061201688504346485, 0.00866666401490157, 0.0006305785758957683, -0.0049327234631446615, 0.0010488824334018432, -0.001515279000642522]]
R->P1
T_min:200 K    T_max:3000 K    P_min:0.0001 atm    P_max:100 atm
[[-2.929301465115759, -47.96617229485227, 8.972108996456226, -14.96933113693175, -13.72950797259108, 93.08570534674205, -17.411521818976905, 29.05028474824794, 12.677226688928151, -85.04256028365602, 15.907282362341663, -26.539961167885593, -10.825137450917058, 73.03825238142538, -13.661679021125067, 22.793496618694466, 8.74815168482285, -58.87318885549489, 11.012289172019383, -18.37260626269296, -6.589976744173934, 44.38415610928146, -8.301971586348731, 13.850762208221743, 4.630575282287852, -31.176870940073915, 5.831669349574583, -9.728938048574966, -3.0123020011847284, 20.27227510330509, -3.791871560974986, 6.325898507630226, 1.799126126900197, -12.112134763797503, 2.265586625899923, -3.77936434375283, -0.9764897921059941, 6.567038592540111, -1.2283266653427165, 2.0490167468226588, 0.47273545582909504, -3.182839809149435, 0.5953500291260525, -0.993004719137673, -0.19957930094744825, 1.3411451200021665, -0.2508397471996062, 0.41838372680958, 0.0701816140560858, -0.4735622024760451, 0.0885781228670055, -0.14770228836783872, -0.019006788532510477, 0.12759234171261014, -0.023859079525296423, 0.03978982184155555, 0.003269827909626599, -0.02260837090707213, 0.004228865603081999, -0.007044308511233055]]
W2->P1
T_min:200 K    T_max:3000 K    P_min:0.0001 atm    P_max:100 atm
[[-2276.147956106417, 4794.526595430767, -2220.0169401359262, 1349.0408014084478, 4398.1306026943175, -9272.988239563676, 4296.534224989696, -2610.1638144360004, -3964.4315765862916, 8397.223148063807, -3892.305983822935, 2362.101508586166, 3358.2688727508066, -7107.512246898433, 3297.391513544037, -1997.1875508179799, -2655.917767571394, 5611.640968837213, -2606.6686212185987, 1574.3955367796232, 1953.7691794465723, -4120.031314501471, 1916.9720114348715, -1153.433816891059, -1331.7128727277775, 2800.7319528795265, -1305.8946894983956, 781.8510180596106, 835.917664085232, -1752.2634002797133, 819.1790044609784, -487.3345596641825, -479.41644767256435, 1000.8037649819121, -469.3926647680071, 276.98410450424717, 248.42945587032136, -515.9456557727688, 242.94301936757324, -141.88290743986818, -114.4411008184278, 236.17261823350782, -111.7395034158144, 64.3999776378896, 45.75653547537149, -93.6660791326101, 44.57360918506902, -25.252852856558093, -15.252134738709174, 30.920613477917072, -14.81900253818776, 8.209957290287775, 3.9097447518195736, -7.820641080873543, 3.7791887436026173, -2.0315412918280344, -0.6252930865575763, 1.2427202651491882, -0.6081873125549464, 0.31795735866080577]]
P1->P2
T_min:200 K    T_max:3000 K    P_min:0.0001 atm    P_max:100 atm
[[7.730215372841356, -193.1265963968698, 38.403526576320154, -60.057379104548865, -53.84065585026937, 374.78701129047107, -74.52599171052603, 116.5490346355811, 62.62849153860404, -342.39485701790466, 68.08445139512583, -106.47503916249286, -53.821727736312184, 294.0493639955121, -58.46907844629363, 91.44014186336157, 43.39404241134748, -237.00545197419433, 47.12511773971663, -73.6999512936506, -32.70908787769932, 178.66081907051563, -35.5219974795025, 55.5558565159529, 22.979788676329683, -125.48180178812288, 24.947344272220196, -39.018264937034246, -14.943424449454781, 81.58046506771083, -16.21759185166966, 25.366423715287507, 8.927501376526656, -48.73208340384508, 9.686595676863423, -15.151868892835864, -4.841237105152885, 26.415583898905112, -5.249793078242135, 8.21275105759139, 2.3453358736489456, -12.798205641715356, 2.5430224478253365, -3.978686630096547, -0.988310694656235, 5.39062888635031, -1.0707833850311772, 1.675687352983914, 0.34838214779193777, -1.9020029411786332, 0.37765492221487307, -0.5911331726542217, -0.09381398567201771, 0.5121148462146934, -0.10161276560409149, 0.15914044796930682, 0.016428977108006393, -0.0904726376893521, 0.017921630483385798, -0.028093965222893758]]
P1->P3
T_min:200 K    T_max:3000 K    P_min:0.0001 atm    P_max:100 atm
[[-3.3198313835629256, -1.480499212391238, 0.42517470677281155, -0.4465462437123069, -16.41438554340816, 2.8704063228771424, -0.8241630804479474, 0.8657805992717162, 16.684990316378187, -2.6164256717500463, 0.7507797046892479, -0.7892165530180537, -13.879420727973326, 2.241428559067748, -0.6426197010688415, 0.6761677392750776, 11.237411207111935, -1.8009838535935851, 0.5157222897553382, -0.5433794267574352, -8.276222555047912, 1.3520817945059185, -0.3865616001398131, 0.40802015622200294, 5.737450935547706, -0.9444492792101693, 0.2694357228937614, -0.2850832059143904, -3.6288608959714965, 0.609878264310229, -0.1735128201410081, 0.18415450610877881, 2.1084850642995767, -0.3611664281470688, 0.10238459621934037, -0.10910213996590468, -1.097045505093627, 0.1937085294242349, -0.05466540793462027, 0.05854798222394919, 0.5063749652416818, -0.09258112603327184, 0.025969363400948353, -0.028002038155473308, -0.19913025662875672, 0.03835680015149201, -0.01067783092929453, 0.011611388984303694, 0.06416909669573512, -0.013243904922993543, 0.003647944321047092, -0.004013452928665284, -0.015042169766883662, 0.0034808244026891533, -0.0009472328665820484, 0.00105606525605495, 0.002086168851089809, -0.0005858523945478922, 0.0001549192444221248, -0.00017787345564723722]]
P2->P3
T_min:200 K    T_max:3000 K    P_min:0.0001 atm    P_max:100 atm
[[-0.10764563252110537, -59.21961165833778, 11.671876849627527, -18.384263058203647, -17.995736252742628, 114.92446198566186, -22.65033344238583, 35.67743074317574, 16.637119496548312, -104.98859136382784, 20.690798739402133, -32.59283086066319, -14.14401617555386, 90.16526830659397, -17.767322773048853, 27.991027161313543, 11.494685203892297, -72.67197528412933, 14.317972747280123, -22.560268653334766, -8.621019600200162, 54.782073778996796, -10.790834094824083, 17.006474356913436, 6.081769444435573, -38.475586914902934, 7.576785837044058, -11.944194931533845, -3.9466652969034413, 25.01455286794499, -4.924220575741037, 7.765350816506805, 2.3635572897897257, -14.942924895156304, 2.9403650757879145, -4.6386943591324545, -1.2810255352214313, 8.100220082312426, -1.5930483791760368, 2.514491169723776, 0.6216195663994908, -3.925185773310048, 0.7714834506587209, -1.2184149820487278, -0.2620645835103801, 1.6535272877053675, -0.32473090013237993, 0.5132534633404688, 0.09245761247893824, -0.5838321021337869, 0.1145494341393345, -0.18119920964219904, -0.024927772506009305, 0.15726457750661638, -0.03081653296550968, 0.0488052947781199, 0.0043345553469578135, -0.02790354291599506, 0.0054567006583639, -0.008654207971680705]]
