==============================
W0_Energy_1
W4->P2
T_min:200.0 K    T_max:3000.0 K    P_min:0.0001 atm    P_max:10.0 atm
[[-35.054133674538605, 0.8301439201797667, -0.2913461868233786, 0.05159489780543383, 41.51284986518578, 0.7020502871594804, 0.5818737643583811, -0.18286431484753637, -2.987139266752356, 0.21100199241850137, -0.2572424620155366, 0.07503557873038809, 1.381923517244235, 0.4609155294859456, 0.13219477594439233, -0.04344814159935794, -1.1219808822799915, -0.4580227269348295, -0.044523245055472956, 0.031027944262947596, 0.46511474851862017, 0.2903936824773559, 0.0016408084156096059, -0.012987991843244867, -0.33506467370058934, -0.1876359038958823, 0.005830007027514972, 0.00471579360348026, 0.09629956362920773, 0.08350227685035179, 0.0038889650556462652, -0.005086139167921231, -0.05000913446058479, -0.013707366798748568, -0.006913120344124513, 0.003378210466779428]]
P1->P2
T_min:200.0 K    T_max:3000.0 K    P_min:0.0001 atm    P_max:10.0 atm
[[-9.752508879682038, 0.06796316376023347, -0.024943677103932346, 0.016253442342589425, 0.002349378216621148, -0.2170617067729038, 0.09704820109068507, -0.04677866231791782, -0.05029162434555953, 0.3127791824579834, -0.15344063181340942, 0.06352211656861945, 0.0791558345225037, -0.26396457585032956, 0.13045600008897182, -0.053517238225632945, -0.013699146054784804, 0.14796660459160207, -0.07236421727727552, 0.0303226767621079, 0.006929132982597753, -0.06961326429264016, 0.033946150546784605, -0.01430082805297933, 0.0068055654924841155, 0.029914054593589093, -0.014546761290117552, 0.00615149263765964, -0.0018923255304794887, -0.009747955371516404, 0.004716364796393519, -0.0020102042430249043, 0.002983099558441869, 0.0019064452211195587, -0.0009240228752361307, 0.00039286183481043323]]
W4->P1
T_min:200.0 K    T_max:3000.0 K    P_min:0.0001 atm    P_max:10.0 atm
[[-41.54399868982556, 3.94761696659776, -0.4175748515020184, 0.16341554885372478, 46.258838076955975, -1.2106703154302296, 0.3865419611765035, -0.01272376997510005, -2.695878774310787, 1.1490533165425145, -0.626473579267208, 0.07070158281428598, 1.8059437290215936, -1.41262017735666, 0.7590481247231691, -0.18639150373571958, -1.3598546423363929, 0.6841820126372185, -0.3898253542605587, 0.08658612215916484, 0.6375953896047848, -0.3681517588861676, 0.21757496200991802, -0.05168036454043428, -0.3932742207345259, 0.16970784954742152, -0.10555131338270211, 0.024362040327047738, 0.12883646145254277, -0.06807042832590175, 0.042543173846277406, -0.010381414028533887, -0.051584829643966996, 0.01584961818197693, -0.010831411433552866, 0.002495844897998489]]
