==============================
B1_Frequencies_1
R1->P1
[[-0.01412727885856006, -0.004222695336422172, 0.0021725865504760625, -0.0010823690104893966, -0.02935409023630916, 0.00506250914980299, -0.0024787744939827024, 0.0013239148093786475, -0.019402926906767266, 0.0002748193039261478, -0.0001607180779840474, 5.501033182946242e-05, -0.012126874352322804, -0.00017192922353823938, 9.023197576874629e-05, -3.2251916496067325e-05, -0.007036551485167397, 0.0002143170853981814, -0.0001389611289005866, 3.673465203913418e-05, -0.003268185294214077, -0.00040540681192324107, 0.00020443480685681425, -9.780784343775843e-05, -0.0015799801104636288, 9.762299645456222e-05, -6.39405506496524e-05, 1.8089193533572017e-05, -0.00039508419818957724, -0.00023038063360001376, 0.00011955335601326264, -5.113999268542958e-05, -0.00020946827904237868, 0.00014084581386427668, -7.504674768877034e-05, 3.0646912786362836e-05, 0.00011681674408980663, -8.621640445234027e-05, 4.013179460783933e-05, -1.6138446126262072e-05]]
P1->W1
[[1.082645080290494e-05, -1.0316884137424307e-05, 3.3482445385094128e-06, 2.038974988350793e-06, 1.0283342950157772e-05, -7.5563171550009085e-06, 3.934876998821983e-06, 2.3653229899973003e-06, -2.296918249585021e-05, 3.8151148727250324e-05, -1.5486246335721973e-05, 4.582610346372172e-06, -3.0097765839517108e-05, 4.9699679540789876e-05, -2.3237986421265855e-05, 7.353048191926019e-06, -1.3310599748205663e-05, 2.3719903568383476e-05, -1.3846396243678156e-05, 5.442330535350482e-06, 8.0228760231034e-06, -1.3554411782956928e-05, 6.090438494736648e-06, -2.398908004157105e-06, 6.432084417873691e-06, -1.318790730534527e-05, 7.947128796187281e-06, -4.6128145976168895e-06, 1.67311402024156e-07, -1.4179362064301348e-06, 1.3334042340353798e-06, -1.2169809687138497e-06, 4.035580784086957e-06, -6.739039955256373e-06, 2.7053659513780403e-06, 1.1320966557419587e-07, -6.008757608868746e-06, 8.679890200785801e-06, -5.777431665748403e-06, 2.0867554308896615e-06]]
==============================
B1_Energy_1
R1->P1
[[-1.0082840513183643e-06, -6.01064031848447e-07, 2.9348124245420406e-07, -1.734320814845995e-07, -2.0337974950647385e-06, 3.744398564116433e-07, -1.5298024623761869e-07, 1.4192177446760906e-07, -1.5218709780758956e-06, 4.509999139298841e-07, -2.756943564119773e-07, 7.946562515299913e-08, -4.676848496260529e-07, -2.9560972609878357e-07, 2.002667787722605e-07, -5.737483740114291e-08, -7.094213446474461e-07, 6.723775720689853e-07, -4.1063443560163333e-07, 1.373365139623519e-07, 1.1013449030140506e-07, -3.251472613584162e-07, 2.092382430990396e-07, -6.904369183537203e-08, -1.898697194984876e-07, 3.113618151328159e-07, -2.0046252132244418e-07, 6.697197386335085e-08, 1.17059674293718e-07, -1.3550237703904727e-07, 8.211744462431604e-08, -1.996482613363816e-08, -8.911676243457358e-08, 1.98915742653315e-07, -1.0603126168362864e-07, 3.56235463350972e-08, 5.3812445908357615e-08, -5.052085721341405e-08, 1.2397718778665423e-08, -4.187362501532751e-09]]
P1->W1
[[1.3964499467900722e-07, -2.0680838838618496e-07, 1.023494065772968e-07, -2.2103601820509152e-08, 9.646626369990451e-08, -1.3232777066518705e-07, 6.855425943800417e-08, -1.1149552392184169e-08, -1.788983424438206e-07, 2.8921055312140674e-07, -1.385049312952162e-07, 3.8970079614775884e-08, -1.194186734884711e-07, 1.9205364248555434e-07, -9.219775162354755e-08, 2.4096684126985584e-08, -8.065625636791905e-08, 1.3672264340496042e-07, -8.21091304061166e-08, 2.8905471399895594e-08, 8.489280261445081e-09, -1.5066966489113906e-08, 6.351641566996297e-09, -4.2465284938600444e-09, 2.6528202262535347e-08, -4.901795654785728e-08, 3.239569776105363e-08, -1.5227923486060236e-08, 6.796355911875221e-09, -9.363432925034115e-09, 5.142846272065291e-09, 1.41977258070957e-11, 9.06165161530829e-08, -1.4642711252344812e-07, 7.948128608257695e-08, -2.2243086332147917e-08, -2.290394879324234e-08, 3.366858137801471e-08, -1.9464353280706343e-08, 7.766846332362035e-09]]
==============================
B4_Energy_1
R1->P1
[[-2.3368592358268387e-07, -1.0454489622551926e-07, 6.241128277229748e-08, -3.189717100795894e-08, -7.207080747028415e-07, 3.3408933672679246e-07, -1.891113267856403e-07, 8.961916168450123e-08, -3.3789271153794465e-07, -2.1277025488145892e-07, 1.2976370678222086e-07, -6.88478014268996e-08, -4.338095539669119e-07, 1.7762716828735151e-07, -9.918293230332554e-08, 5.479817299782927e-08, -2.749045188186377e-07, 2.1718669084075605e-08, -1.4779452139795571e-08, -1.6052448500325343e-08, -1.207232060069786e-07, -6.454060195704658e-08, 3.4475609033183854e-08, 3.6316440579449657e-09, -2.4986091489567685e-07, 2.293561327809815e-07, -1.303464732272291e-07, 3.432420710925924e-08, 4.098296853467859e-08, -1.878435503711682e-07, 1.0144175926347991e-07, -2.91152326460405e-08, -1.6484159890948091e-07, 2.1979193896851838e-07, -1.2446558735161016e-07, 4.234181348170401e-08, 1.2568923628453192e-08, -6.837535538982058e-08, 3.5425941538772737e-08, -7.996931709739278e-09]]
P1->W1
[[-0.0016059891909144806, 1.77365839900497e-05, -5.202411731403553e-05, 1.6012886987596336e-05, 0.0014886314459449609, 2.3135546407978296e-05, -2.492326715370066e-06, -8.769101307833897e-07, -1.5005725682361534e-05, 4.427614023303388e-05, -2.5222019574519367e-05, 1.4180651009020366e-05, 1.638585940981449e-05, -2.1653529995045434e-05, 5.36470049114726e-06, 2.989306834139067e-06, 7.671361096791921e-06, -8.762376506428865e-06, -3.532293902176169e-06, 5.026753836111678e-06, 1.9190288428676e-05, -2.7570725741455747e-05, 6.4211104258037515e-06, 1.9093236565458987e-06, 1.1084471955828345e-06, 2.91039729914505e-06, -1.051005293618932e-05, 7.016285905542612e-06, -2.1294863411264996e-05, 4.050004616688581e-05, -3.068998095288873e-05, 1.2839890980336243e-05, -1.227574194004617e-05, 2.3594261148959026e-05, -1.8285353057551428e-05, 7.804053110734757e-06, -6.374475388620675e-05, 0.00010938730572266557, -6.489022852863538e-05, 2.1599512365176322e-05]]
==============================
W1_Frequencies_1
R1->P1
[[-3.847145710009949e-05, 6.828872554902428e-05, -3.504124616626929e-05, 1.499742052656992e-05, 7.826399276071319e-05, -0.00015690800448030982, 7.166463155776191e-05, -3.688480415623037e-05, -6.519595926426951e-05, 0.00011794798099070248, -5.881781254651145e-05, 2.519357436192799e-05, 4.728371987651017e-05, -9.513488536216443e-05, 4.1341818354945064e-05, -2.0504506849215693e-05, -6.24959602221764e-05, 0.00011071890987581595, -5.6727576744314566e-05, 2.1632448853900963e-05, 3.730950852655295e-05, -6.908891222348542e-05, 3.2258850349657295e-05, -1.188322901856108e-05, -2.964641731823985e-05, 5.016592601412121e-05, -2.5392682641686654e-05, 6.878604995134847e-06, 4.460231415426482e-06, -7.83030253800978e-06, 1.349627719087869e-06, 3.043085865092532e-06, -4.6889688347048506e-06, 6.599916693495347e-06, -2.529066159088778e-06, -1.5547958339487683e-06, -8.035678393520128e-06, 1.590909124294829e-05, -9.078233853805886e-06, 6.373729751486745e-06]]
P1->W1
[[-1.0708380540970193, 0.2888331380723709, 0.27805928136005476, -0.057838577981330776, -0.5563194494254015, 0.02781466355026545, -0.272315239956678, 0.13307365901555585, -0.04577636574984287, -0.11740017762259114, -0.036743354482662985, -0.026164190550260962, 0.03162166797813375, -0.08798326964815392, 0.03325716650426628, -0.024594203298424797, 0.0073693108083845655, -0.021915449733110992, 0.010297506395705766, -0.006590649228146763, 0.001315160952455064, -0.008003342673649409, 0.00455904783185535, -0.003400195094129095, 0.005178167359840344, -0.012426314345237444, 0.007839976560203651, -0.004046178578149682, 0.009035610639035753, -0.017229143093437926, 0.010699366312082377, -0.004552491175418772, 0.005079793298706852, -0.00975475104137771, 0.006237078133357755, -0.0026423073060109683, 0.01555121833318108, -0.025896442394138575, 0.014956278006124417, -0.005339619415776984]]
==============================
B3_Frequencies_1
R1->P1
[[-0.06766879219248263, -0.00029480910892115464, 0.00014631386886713408, -7.204534907457787e-05, -0.08606482935872702, -7.08709704794319e-05, -9.58293860944012e-07, -3.0457227336203326e-05, -0.02534334192565728, -0.00012085269536539867, 7.297464062717758e-05, -2.535263930898271e-05, 0.0017132373757803713, 0.00011190489110676801, -6.242109049059175e-05, 1.976792854607815e-05, 0.007127585818604739, 5.675368165731678e-05, -1.4714612293018349e-05, 1.795038745215831e-05, 0.005354419239581883, 5.800079778738948e-05, -3.484565891130398e-05, 1.3525642412018206e-05, 0.0029466246088597574, 5.967584364347454e-05, -2.5533880724706355e-05, 1.1710207138731777e-05, 0.0014548163838474586, -7.362821984128105e-05, 3.480819229473886e-05, -1.0702429248400772e-05, 0.0005042265183100907, 0.00010723501266109094, -5.489847959908567e-05, 2.0035204151967257e-05, 0.0003349724804425425, -7.260843501874828e-05, 3.412074158599949e-05, -1.2044777138680777e-05]]
P1->W1
[[0.0, 0.0, 0.0, 0.0, 0.0, 0.0, 0.0, 0.0, 0.0, 0.0, 0.0, 0.0, 0.0, 0.0, 0.0, 0.0, 0.0, 0.0, 0.0, 0.0, 0.0, 0.0, 0.0, 0.0, 0.0, 0.0, 0.0, 0.0, 0.0, 0.0, 0.0, 0.0, 0.0, 0.0, 0.0, 0.0, 0.0, 0.0, 0.0, 0.0]]
==============================
R1_Frequencies_1
R1->P1
[[0.2537386790872584, 6.209262991360792e-05, -3.339297962746491e-05, 9.776945914191509e-06, 0.38518877797768725, -9.476212426995245e-05, 4.862524844694651e-05, -1.0102121570626139e-05, 0.19651316557045012, 0.00015544218095939866, -8.115657374390619e-05, 2.0233612812071434e-05, 0.07479810366827185, -9.132928584241517e-05, 5.134689783996132e-05, -1.5384663362177977e-05, 0.021297407548380245, 9.753739197965435e-05, -5.51349163684288e-05, 2.1302428234938677e-05, 0.0038649072770391107, -1.7523615884829984e-05, 1.2351763255472326e-05, -5.909638459520477e-06, -0.00011762113141605354, 1.6654537318185395e-05, -1.3547159493094595e-05, 6.175282512037226e-06, -0.0003720697098247493, -3.408886447916699e-05, 1.82834847610388e-05, -5.786686136810725e-06, -0.0001927266447561022, 5.894609698437203e-05, -3.224905440668239e-05, 9.348568209284895e-06, -4.8449983048711474e-05, 3.395181525115181e-05, -2.2425350760416775e-05, 8.690218990338846e-06]]
P1->W1
[[0.0, 0.0, 0.0, 0.0, 0.0, 0.0, 0.0, 0.0, 0.0, 0.0, 0.0, 0.0, 0.0, 0.0, 0.0, 0.0, 0.0, 0.0, 0.0, 0.0, 0.0, 0.0, 0.0, 0.0, 0.0, 0.0, 0.0, 0.0, 0.0, 0.0, 0.0, 0.0, 0.0, 0.0, 0.0, 0.0, 0.0, 0.0, 0.0, 0.0]]
==============================
B2_Frequencies_1
R1->P1
[[-0.1706595055994224, -0.00011115627222450264, 5.852113059118173e-05, -3.382906763454264e-05, -0.27057265953795895, 0.00028118735762274285, -0.00014117668916514755, 8.268791959174267e-05, -0.14847437849925632, -0.00020804230669457772, 0.00010882051863066965, -6.043845227786678e-05, -0.061828452047741546, 0.0002333981643870213, -0.00012262441832330544, 6.294158176713234e-05, -0.01974365050628519, -0.00011754359408906204, 5.415066587547734e-05, -3.026793379422818e-05, -0.004659378635119805, 0.00019448230828480876, -9.965475905974393e-05, 4.0144190141030125e-05, -0.0002332120431584831, -0.00015398828419051176, 7.283737874868875e-05, -2.9119523129546497e-05, 0.00032893036754769655, 0.0001756209889079177, -9.423947227778993e-05, 3.643990286303686e-05, 0.0003195641997300975, -4.8663647000299465e-05, 2.559385727957516e-05, -1.1361036305006717e-05, 0.0002865904466662756, 2.505750941876301e-05, -1.6634254230572436e-05, 4.904140032502573e-06]]
P1->W1
[[0.0, 0.0, 0.0, 0.0, 0.0, 0.0, 0.0, 0.0, 0.0, 0.0, 0.0, 0.0, 0.0, 0.0, 0.0, 0.0, 0.0, 0.0, 0.0, 0.0, 0.0, 0.0, 0.0, 0.0, 0.0, 0.0, 0.0, 0.0, 0.0, 0.0, 0.0, 0.0, 0.0, 0.0, 0.0, 0.0, 0.0, 0.0, 0.0, 0.0]]
==============================
B4_SymmetryFactor_1
R1->P1
[[-0.0015637427126487017, -7.180562112163817e-05, 4.2389530476472865e-05, -1.937336885648266e-05, -0.0030773952419512283, 0.00024271602569455762, -0.00013056463855985786, 6.37353061082676e-05, -0.002524890360990689, -0.00012091251500530714, 7.233483391406983e-05, -3.4252267087668615e-05, -0.002091110626497138, 0.0001494105085272445, -8.387251293471551e-05, 3.7997795110340255e-05, -0.0015356439389773917, -4.5333126010680976e-05, 2.477278589181128e-05, -1.1589812402344683e-05, -0.0011778615939847079, 0.00012339723269813252, -6.812855229442749e-05, 2.7863626990057625e-05, -0.000771491579142303, -4.106803047876431e-05, 2.0109617641322144e-05, -1.2623817976458014e-05, -0.0005730744818614935, 4.278495669658194e-05, -2.4758259723164578e-05, 1.499534880583611e-05, -0.0002953824049459425, -2.0615937457919403e-07, 2.3431994437031446e-06, -5.047572257090559e-06, -0.00025485603209008355, -7.016383786758694e-06, -3.461672786255415e-07, 3.4731931337959933e-06]]
P1->W1
[[-0.1580081597196029, -0.07952789198935552, -0.07469766394110175, 0.016784989958596813, 0.15044165277029084, -0.013469122845940124, 0.0718113952603277, -0.03817705946108522, 0.017805401802329018, 0.02393560015709869, 0.01504241171881327, 0.0048444873307976945, -0.009414189956793708, 0.025522371458236, -0.009440799639565957, 0.007117836515728193, -0.002695530195914138, 0.0065464679117705794, -0.003016522645050166, 0.001914851015642593, -0.0006184057042247055, 0.0018479278889579924, -0.0010099741070329425, 0.0008060933240512206, -0.0012596227516536366, 0.0025672993875669845, -0.0016870452430034542, 0.0009067988967206091, -0.0018241159135963195, 0.003354095544222565, -0.0022233125104163904, 0.0009670386690447798, -0.0010200908135317042, 0.0018643113793088278, -0.0012938298114044083, 0.0005601420578252118, -0.002957009066360571, 0.0051498248668598555, -0.0031279384730141815, 0.001117918944382755]]
==============================
B1_SymmetryFactor_1
R1->P1
[[-0.00323737999854163, -0.0010212097931659237, 0.0005335632599787739, -0.00026533661860370415, -0.006759377378770366, 0.0012949180601796821, -0.0006613051358709809, 0.00033796994829807307, -0.004198136101309059, -0.00020870552200836595, 0.00011982922033448043, -5.443230917426017e-05, -0.002850300851036797, 0.00028936882896270634, -0.00015900498214711288, 7.521106924180032e-05, -0.0014364311719501368, -0.00012228300278993074, 6.03890997659852e-05, -3.805828900300085e-05, -0.0008094109498310172, 0.00013782193165205877, -7.420653787949327e-05, 3.6355309745125274e-05, -0.00026193989278443057, -9.99178232868375e-05, 4.468076080101268e-05, -3.090214756300604e-05, -0.00010273870685263495, 2.253777313816335e-05, -1.1100825640032639e-05, 1.6076385027830246e-05, -4.626098085237751e-05, 3.424876738698181e-05, -1.936759899479143e-05, -3.8819792328608916e-06, 5.095008092015082e-05, -4.5315283010933206e-05, 2.189712873866475e-05, -1.7600733482855693e-06]]
P1->W1
[[2.5781473289895146e-05, -3.4443545759196775e-05, 1.6227449248414703e-05, -1.875815879875705e-06, 2.286280472688044e-05, -2.7671109082274063e-05, 1.4894086943650498e-05, -1.1701809377412737e-06, -3.708362109541889e-05, 6.031317553079571e-05, -2.713390130718219e-05, 7.5533796981502215e-06, -4.693476059555526e-05, 7.644910106409866e-05, -3.818673255008626e-05, 1.1435129393889688e-05, -1.5680027234358864e-05, 2.7068262379561446e-05, -1.683734564222185e-05, 6.226038076403256e-06, 1.1937206776989758e-05, -1.9816682094580977e-05, 9.032456548343451e-06, -3.177703776322098e-06, 7.356878721195745e-06, -1.4323909806526202e-05, 9.347084585856486e-06, -4.92295006186844e-06, 7.847051314834183e-07, -1.8768560174089265e-06, 2.5360856523521063e-06, -1.5295531388930236e-06, 7.18734566773932e-06, -1.1051229728909284e-05, 5.415868480507231e-06, -7.55436327375796e-07, -3.8253840485141824e-06, 4.559358867908384e-06, -3.5139084025402877e-06, 1.2641413318474137e-06]]
==============================
colrel_Sigmas
R1->P1
[[0.0008427794573696438, -0.0016620620708191548, 0.0008339318435627106, -0.00042716036102835483, -0.0008864348201503234, 0.0017683978518357878, -0.0008783869654985343, 0.00045472580319067874, 0.00010290121859715388, -0.00020424902149772826, 0.00010437037935907193, -5.086384212021854e-05, -0.00017763582317508483, 0.0003631798953554386, -0.0001783466129464637, 9.607957331752698e-05, 6.831890236219536e-05, -0.00015698240313915393, 7.03953838055244e-05, -4.525385012284535e-05, -5.465022339533027e-05, 0.00012229821429671144, -5.704442120540076e-05, 3.639197283495665e-05, 5.509051137599813e-05, -0.00012845025382295813, 5.7309791573653626e-05, -3.997955744912185e-05, -2.5238043438196356e-05, 6.350130705931027e-05, -2.7024289879913297e-05, 2.1965512053942217e-05, -2.8771058934578747e-05, 3.5217015130573286e-05, -2.6368702801449052e-05, 2.006135643370329e-06, -5.882423290539992e-06, 1.2327185365222357e-05, -6.618679780820044e-06, 4.035477174674483e-06]]
P1->W1
[[0.3419231268462786, -0.09875062787958655, -0.0925074678234797, 0.020863512311106235, 0.18664253490765284, -0.017073834515891263, 0.08900392556190875, -0.047466761826641515, 0.022440280523489203, 0.029217287549698597, 0.018991510715072032, 0.005880446595734917, -0.011812172002114584, 0.03195953756530009, -0.011831930877485521, 0.008892594653977886, -0.0032959777222128124, 0.008062408847727985, -0.003698580523794724, 0.0023741972047625847, -0.0007484096814002459, 0.0022675592017390666, -0.0012338950380996257, 0.0009947719322766673, -0.0015296358432592978, 0.003128515431589523, -0.002056879064206812, 0.001111953352697554, -0.002231938954898674, 0.004109501335003483, -0.002729190714997658, 0.0011944190231498247, -0.0012350239945977078, 0.0022643811190024505, -0.0015766365774221001, 0.0006854152503253134, -0.0035726755074329086, 0.0062280325859221915, -0.003792509979253198, 0.0013619666936561118]]
==============================
W3_SymmetryFactor_1
R1->P1
[[-0.0003001647130262283, 0.000587331539585214, -0.00029645763783818773, 0.00015175672342494795, 0.00014222577033530984, -0.0003043507957824511, 0.00014093775579268622, -8.311777740864108e-05, 0.00016874465457063359, -0.0003237677736460677, 0.00016647363197753578, -8.016542039069475e-05, -5.468140347333355e-05, 0.00010223254792777622, -5.433241127942209e-05, 2.445836465752342e-05, 4.403818328994491e-05, -9.06032139318329e-05, 4.3686797633846974e-05, -2.434594278515077e-05, -4.4869878807040505e-05, 8.719933176462828e-05, -4.47986954173272e-05, 2.324810910887378e-05, -2.027143780422384e-06, 3.244052252307392e-07, -1.0962932570549648e-06, -2.6981936883864866e-06, -1.1257776308620932e-05, 2.3067341597595e-05, -1.1468854059357557e-05, 7.834295447437572e-06, -6.706200152821435e-05, 0.00011295984406830841, -6.521674914478992e-05, 2.3735490277359013e-05, 1.1185152456546316e-05, -2.14639336354065e-05, 1.0366598123054615e-05, -3.2866900210258984e-06]]
P1->W1
[[3.3178545009423116e-06, -3.934092768274274e-06, 2.7574275249310653e-06, -5.415087434356879e-07, 2.1185064602777843e-06, -6.893430406008131e-07, 1.3668427368182156e-06, -2.6156767111490995e-08, -1.29715798974769e-06, 4.476336674374428e-06, -1.4452117854319873e-06, 8.626657172376653e-07, -6.875966154934306e-06, 1.3000734103699154e-05, -6.577473052621647e-06, 2.2747345989805494e-06, -5.810476959524577e-06, 1.0738554405793695e-05, -5.58065927306671e-06, 2.167114868688738e-06, -4.667550440156308e-06, 8.407968916258445e-06, -4.587060494911122e-06, 1.929320018454419e-06, -2.2685935615269794e-06, 4.148710625380722e-06, -2.1577234402195615e-06, 1.268153338075045e-06, -2.92697526606743e-07, 6.899662042159205e-07, -1.4131020875573149e-08, 5.873241679333533e-07, -6.546097668789085e-07, 1.1235058189521225e-06, -2.9310531991268326e-07, 4.4126114407419145e-07, 4.391223160833609e-06, -7.0996650104503e-06, 4.4366960363610315e-06, -8.867117636969566e-07]]
==============================
B3_SymmetryFactor_1
R1->P1
[[-0.1916772394298978, -0.00028015840026127597, 0.00011872235340918055, -8.21880789526568e-05, 0.08807770080357157, 0.0003570695612353681, -0.00017986994385870661, 9.741489343652214e-05, 0.013383786475968239, -0.0002038326637149959, 9.406516529388373e-05, -6.595877426014952e-05, 0.005379793762400461, 0.00020933199755038091, -9.416825861778739e-05, 6.35453512663417e-05, 0.0031640685069896125, -0.00012398425561095016, 5.384168965117264e-05, -3.684080535606958e-05, 0.0016023450031519683, 0.00010023687771448529, -4.0411171728389365e-05, 3.153601616771833e-05, 0.0008571431069808307, -3.80879619876525e-05, 1.2789905962586638e-05, -1.4578391593528337e-05, 0.00037449779827993266, 7.459708362131155e-05, -3.6146768497805664e-05, 2.196874340472569e-05, 0.00017887535690483058, -2.0807905029681476e-05, 8.410790652140414e-06, -8.234744140723458e-06, 5.349581205019958e-05, 4.617587055317843e-05, -2.561514738236913e-05, 1.2532758890294111e-05]]
P1->W1
[[0.0, 0.0, 0.0, 0.0, 0.0, 0.0, 0.0, 0.0, 0.0, 0.0, 0.0, 0.0, 0.0, 0.0, 0.0, 0.0, 0.0, 0.0, 0.0, 0.0, 0.0, 0.0, 0.0, 0.0, 0.0, 0.0, 0.0, 0.0, 0.0, 0.0, 0.0, 0.0, 0.0, 0.0, 0.0, 0.0, 0.0, 0.0, 0.0, 0.0]]
==============================
W3_Energy_1
R1->P1
[[-3.5560764264789583e-07, 6.591055609910575e-07, -3.4372403416133556e-07, 1.5859829422504578e-07, 5.950266839331806e-07, -1.082589206173376e-06, 5.728230277434657e-07, -2.533810003936168e-07, -4.5065349476391837e-07, 8.084117499091554e-07, -4.3068003442726386e-07, 1.8461834970474524e-07, 4.546342172656433e-07, -8.195575966606496e-07, 4.3501818038166283e-07, -1.8726110979259827e-07, -4.101972376835847e-07, 7.23509755568143e-07, -3.920956025680879e-07, 1.5852356752715258e-07, 3.154028434243737e-07, -5.505095405857814e-07, 2.9945501554909465e-07, -1.162634705777505e-07, -2.4415137908187775e-07, 4.236440293650174e-07, -2.3087169842807544e-07, 8.60726848690545e-08, 1.7260491786895833e-07, -2.945825095233046e-07, 1.6249448927644132e-07, -5.5768776299035125e-08, -1.0424096704480577e-07, 1.842371004551517e-07, -9.7357420885518e-08, 3.555901471630106e-08, 8.830226023138858e-08, -1.5545478615084985e-07, 8.411601175561683e-08, -3.0810747879471086e-08]]
P1->W1
[[-1.7507159469486923e-09, 2.9902766797022744e-09, -1.6362248748401334e-09, 2.7174611848568366e-10, -3.886491701050895e-09, 6.6374608011772184e-09, -3.634886441138861e-09, 6.128041495247451e-10, -1.6782484458241946e-09, 2.88763732384831e-09, -1.4996810660290377e-09, 3.883325302665543e-12, -1.5689249424448817e-09, 2.703303523494111e-09, -1.389711960047298e-09, -4.215254226016944e-11, -9.600995198551625e-10, 1.663562066007081e-09, -8.20210723740111e-10, -1.3848652310682422e-10, -2.0974651024993377e-09, 3.5873150075482953e-09, -1.944734704665128e-09, 2.6753437923480854e-10, -2.3530850713716755e-09, 4.011704181412357e-09, -2.223413930766247e-09, 4.555368277343609e-10, -1.5317479991614148e-09, 2.608485813491567e-09, -1.4569270356984163e-09, 3.322905951475461e-10, -1.060087701291141e-09, 1.8052967152001917e-09, -1.0082296034300829e-09, 2.2968624008146944e-10, 1.956958903732844e-09, -3.3252964067887393e-09, 1.885137471993133e-09, -5.131715064994803e-10]]
==============================
P1_Frequencies_1
R1->P1
[[0.0, 0.0, 0.0, 0.0, 0.0, 0.0, 0.0, 0.0, 0.0, 0.0, 0.0, 0.0, 0.0, 0.0, 0.0, 0.0, 0.0, 0.0, 0.0, 0.0, 0.0, 0.0, 0.0, 0.0, 0.0, 0.0, 0.0, 0.0, 0.0, 0.0, 0.0, 0.0, 0.0, 0.0, 0.0, 0.0, 0.0, 0.0, 0.0, 0.0]]
P1->W1
[[0.019428119933336655, -1.640154626221566e-05, 9.476574854081482e-06, -2.7436392659116322e-06, 0.0368255531352065, -3.444209004708822e-05, 1.9445308342429037e-05, -6.1040560937989134e-06, 0.03135715166065723, -1.1164864901205613e-06, 1.2556024032954605e-07, -5.280766461532782e-07, 0.02395079350836005, -6.05745962313042e-06, 3.769319873655456e-06, -1.8514375609667183e-06, 0.016363685157596456, 6.165932343671266e-06, -2.850099944997193e-06, -5.35743469220202e-08, 0.00992821575939203, 1.9771513185558176e-06, -1.0762798562614284e-06, -1.363022756766812e-06, 0.005299102030075869, -1.1027642724871576e-05, 6.105830626422499e-06, -3.840778404308449e-06, 0.0024337965458383587, -3.143210725626522e-05, 1.8259071280246024e-05, -6.976907422551061e-06, 0.0009217055552032872, -4.703074476459244e-05, 2.7195609187879947e-05, -9.148158959700693e-06, 0.00022588333693911687, 1.1802948720561814e-05, -6.768536213075048e-06, 2.0683982765239408e-06]]
==============================
B2_SymmetryFactor_1
R1->P1
[[-0.2281832801662518, -8.421250840176089e-05, 5.210040801700506e-05, -2.1997951814977962e-05, -0.08111997638640141, 0.00015900656010373217, -8.785767737888974e-05, 4.531211723809715e-05, -0.00797165530585643, -0.00010133648180914845, 5.956579616999105e-05, -2.774060809823178e-05, -0.0015635502949605255, 0.00014615409197957498, -8.216526673993949e-05, 3.326818645378523e-05, -0.00043790519743388276, -6.249198594818909e-06, 8.863275757971075e-07, -2.8550995066161827e-06, -2.9945239325471037e-05, 2.873272166811254e-05, -1.822285796074106e-05, 6.967072805061322e-06, 0.00010945912817580985, 6.108932247667992e-05, -3.705377977263059e-05, 1.3097609015960294e-05, 0.0001884543401110077, -2.1111252248736518e-05, 9.509936878936127e-06, -3.5328806590364223e-06, 9.327021815262951e-05, 4.1732398712262695e-05, -2.021707052083569e-05, 6.681920148195953e-06, 0.0001492519086040934, -1.8318056431313344e-05, 4.07590051896911e-06, -8.724592434331638e-07]]
P1->W1
[[0.0, 0.0, 0.0, 0.0, 0.0, 0.0, 0.0, 0.0, 0.0, 0.0, 0.0, 0.0, 0.0, 0.0, 0.0, 0.0, 0.0, 0.0, 0.0, 0.0, 0.0, 0.0, 0.0, 0.0, 0.0, 0.0, 0.0, 0.0, 0.0, 0.0, 0.0, 0.0, 0.0, 0.0, 0.0, 0.0, 0.0, 0.0, 0.0, 0.0]]
==============================
B4_Frequencies_1
R1->P1
[[-0.0023544816643993917, -0.00017044939163640303, 9.005899693782499e-05, -4.76907981921886e-05, -0.004731171488685676, 0.0004820748208823076, -0.00024405513733098794, 0.00013340709768747702, -0.0038332139867488695, -0.0003374682749655225, 0.00017444102896066425, -9.582305159601187e-05, -0.003340442957532832, 0.0004208958737004098, -0.00021323682674176845, 0.0001115452830861669, -0.0023185688315567827, -0.00031444676436805243, 0.00015737842482799495, -8.405008056914287e-05, -0.0019787227835478525, 0.0003817301927414973, -0.00019258083672665118, 9.448649537844461e-05, -0.0011677659647592019, -0.00026607673261203854, 0.00012916919980657926, -7.054877937822304e-05, -0.001021052173039501, 0.00020919410178523695, -0.00010702963718974415, 6.243106822377778e-05, -0.0004957281794602213, -2.2159777589868023e-05, 7.685001146879489e-06, -1.950695458607618e-05, -0.0004209252916070974, -3.3275402087644914e-05, 1.8540699979406498e-05, 3.294645887389856e-06]]
P1->W1
[[0.0008074324584825794, -0.0016833289264932565, 0.0007984495211962074, -0.0004442761456834295, 0.0013977130388643326, -0.002924819641960401, 0.0013822442147711533, -0.000773129764005693, 0.0008353238235741462, -0.001763918781129021, 0.0008262197150198134, -0.00046803180853820307, 0.00031693008406014284, -0.0006932767734399261, 0.00031365688289035907, -0.00018650678170872422, -4.0563733700663475e-05, 5.911050432742559e-05, -3.9926844010531736e-05, 1.2903833210049165e-05, -0.00017273002484689907, 0.00034601162259200434, -0.0001707351495299745, 8.993154325411181e-05, -0.0001843767781073849, 0.0003843000597830498, -0.00018237244294478378, 0.00010158808981867857, -0.0001465571031241925, 0.0003143367131345189, -0.00014503689336511086, 8.406535364453122e-05, -8.259364700984694e-05, 0.00017988080671261315, -8.177295053497459e-05, 4.841339995604864e-05, -7.256327757331094e-05, 0.00016170227421996464, -7.182981943344031e-05, 4.380745447257506e-05]]
==============================
W1_SymmetryFactor_1
R1->P1
[[-3.77631635160257e-07, -7.987609948881572e-06, 1.380254176150001e-06, -6.358909825535439e-06, 2.824000248824433e-06, 8.354163343002239e-06, -5.475253508590769e-07, 1.0825942254501707e-05, -4.752402566171545e-06, -8.512031297110261e-06, -1.2861052504481012e-06, -1.1527913269374039e-05, 1.0450723193946204e-06, 1.0684148596512532e-05, -2.3016705659690143e-06, 1.1406679972959331e-05, -1.2872625966925398e-05, 9.093350260070795e-06, -9.558952427607848e-06, -7.596628157639493e-06, 1.1519808599091885e-05, -1.0590324549890718e-05, 8.41665978931878e-06, 6.064675554802367e-06, -2.0085845875114674e-05, 2.905323334242931e-05, -1.7220962296845328e-05, -8.059382501854042e-07, 2.7138251922767532e-05, -4.3527704065893245e-05, 2.468964369147805e-05, -3.573812903711489e-06, -1.9693701917291833e-05, 3.4750806991426595e-05, -1.794592100186444e-05, 4.433344409055562e-06, 1.5355149552173232e-05, -2.667210283587969e-05, 1.4362532061241439e-05, -3.718466287517334e-06]]
P1->W1
[[-0.27837614239229774, 0.07824780634411908, 0.07450593946735579, -0.016258425567216444, -0.14855869179876593, 0.011256377005180503, -0.0715331561231294, 0.03697470340140335, -0.01523669012776641, -0.026741915342495086, -0.012692617374707815, -0.005621684958796092, 0.009182143310486987, -0.024519939059820903, 0.00919275624882906, -0.0067991446337900135, 0.002576427917565132, -0.006196482868523322, 0.002901066154857949, -0.0018052730663494013, 0.0007887387153658656, -0.0021005463433457954, 0.00118827480207665, -0.0008496269386195585, 0.001524051781628716, -0.002996965970618311, 0.0019465934240096123, -0.0009820447308316277, 0.002195725006978613, -0.0039717499765961764, 0.0025769268757880716, -0.00107149377650154, 0.0011925656279591322, -0.0021558435055672428, 0.0014561287983818592, -0.0006044935244772319, 0.0034201357058822224, -0.005918928701673087, 0.0035502844206395916, -0.0012423780655698119]]
==============================
colrel_PowerOne
R1->P1
[[0.0001695517397415358, -0.0003466919119402695, 0.00016981615803892455, -9.185591051374819e-05, 0.0006077790165953667, -0.0011947679382244018, 0.0005961901579970485, -0.00030610579594244356, -0.00020416394413386163, 0.0003939162111744671, -0.0001973726051664047, 9.864235080138217e-05, -0.0002052145551048254, 0.00043221942690888304, -0.0002070804631217356, 0.00011767430238639764, -0.00015793694857211757, 0.0002936553605817673, -0.00015215337964163657, 7.061245305456265e-05, -6.984763840715748e-05, 0.00015422521579221954, -7.266141756018074e-05, 4.502119740834678e-05, 6.695343882333338e-06, -3.161016865135821e-05, 9.913115106577864e-06, -1.4693867015495358e-05, -3.3379477174389893e-06, 1.580566501570164e-05, -5.627019075502995e-06, 8.12694678905968e-06, 1.2231598675254795e-05, -3.604536998642208e-05, 1.4046287559775805e-05, -1.383117863940866e-05, -4.618957133635548e-06, 9.076346245820009e-06, -5.42256597837791e-06, 2.8937451382628254e-06]]
P1->W1
[[0.2825524090724407, -0.05321805091830445, 0.021415604830877233, -0.018037743707712897, 0.5148444107393435, -0.07277008160908094, -0.01853307654803016, -0.00849516502035342, 0.2630103074413537, -0.023385709101672314, 0.039878238550339215, -0.014514747909750506, 0.11049893711080755, 0.015866892557462042, 0.008436788263443216, 0.004261661282783623, 0.040849458371159664, 0.021529678609398892, -0.004826191198266574, 0.006185349973156346, 0.017001064576994962, 0.01093645392746298, -0.002331452682478386, 0.003082611198032578, 0.002507592888371518, 0.006466074739946894, -0.0003654762720496727, 0.0017487380415713788, -0.005769397302791135, 0.004879967807017048, 0.0003400236919090093, 0.0012431674164475176, -0.004630080760169141, 0.0026282549940082143, 0.00031680651710923585, 0.0006573614416302206, -0.010934950798689872, 0.0036502715900330832, 0.0005002275979607311, 0.0008428510461443888]]
==============================
colrel_FactorOne
R1->P1
[[0.0013427180302103504, -0.0026780085535679423, 0.0013280011384716158, -0.0006919784808750212, -0.0010315860791954624, 0.002058939098801998, -0.0010218235120832348, 0.0005300066744485775, -0.00012567106309365625, 0.0002613450178459148, -0.00012148395966581111, 7.025412985519221e-05, -0.00014968838090936943, 0.00030594298872087527, -0.00015069966160242534, 8.11076593149728e-05, -5.598536620220952e-05, 9.587343186244219e-05, -5.2461529975612174e-05, 2.08994132587427e-05, 3.536807396070772e-05, -5.449705446824086e-05, 3.1906532471333006e-05, -9.129575567256945e-06, -2.3480282237942634e-05, 2.7146427414408883e-05, -2.0242907273056657e-05, -3.4558583443441555e-07, 2.0896947125871473e-05, -3.398604640080384e-05, 1.851564467440402e-05, -3.4866499745528876e-06, -5.210447430470642e-05, 8.54847725763484e-05, -4.956913487987612e-05, 1.6069068177950435e-05, 1.2948131519360725e-05, -2.3472021187200606e-05, 1.199585897270208e-05, -5.3333373132624874e-06]]
P1->W1
[[0.281218212561004, -0.03951170216883152, -0.08324060069814115, 0.013455966538802567, 0.23058945142426657, -0.06705204938075494, 0.10634726586969309, -0.046345999472834534, 0.047061853787371016, 0.021298613388368907, 0.014022267855028426, 0.008617391284927268, 0.001784377067832102, 0.03290724614774264, -0.01559133058410243, 0.00997234081932943, 0.0027152671773084933, 0.008265004721594752, -0.004030356224872619, 0.0023351125690461746, 0.0010952127423884946, 0.002164650205607987, -0.0004101792326737841, 0.0006355415361057106, -0.0024260353159414436, 0.0018803849805753576, -3.248004873281219e-05, 0.0004873057594829355, -0.004262007302771367, 0.0015772134889919455, 0.0001670703714885161, 0.00038028137448358124, -0.002841908107983361, 0.0009388667560022326, 9.394739624554416e-05, 0.0002220374042827444, -0.005097003448557384, 0.0015138186007377429, 7.761840757588622e-05, 0.00031953959100780815]]
==============================
R1_Energy_1
R1->P1
[[0.0016663565686687238, -1.5856921513435944e-07, 1.0272988864809623e-07, -4.2853123925361005e-08, -0.0014581937350695196, 3.6781609645627647e-07, -2.259502408007585e-07, 9.141846209476851e-08, 7.363527904078306e-08, -1.3246058515052468e-07, 9.011230203863754e-08, -4.0543688193160684e-08, -1.375085041221571e-08, 1.9424879690636742e-08, -1.8734945610500546e-08, 7.164099066152498e-09, -3.562337889425908e-08, 7.139758273756795e-08, -3.223439488543893e-08, 1.5234996782813033e-08, -1.1911975207968029e-08, 1.2288683513394958e-08, -1.1474242454945977e-08, 4.387421649767272e-09, 4.386566616860489e-08, -6.936945380644178e-08, 2.7826324650549763e-08, -9.951876135490114e-09, 5.052682723597854e-08, -7.953322075431898e-08, 5.0339883079177105e-08, -1.0548843728837674e-08, -1.554357288681504e-07, 2.570317075673716e-07, -1.4759979233603148e-07, 4.451513933752359e-08, 5.405128224201776e-08, -8.702922326646924e-08, 3.933384646593283e-08, -6.021544114126476e-09]]
P1->W1
[[0.0, 0.0, 0.0, 0.0, 0.0, 0.0, 0.0, 0.0, 0.0, 0.0, 0.0, 0.0, 0.0, 0.0, 0.0, 0.0, 0.0, 0.0, 0.0, 0.0, 0.0, 0.0, 0.0, 0.0, 0.0, 0.0, 0.0, 0.0, 0.0, 0.0, 0.0, 0.0, 0.0, 0.0, 0.0, 0.0, 0.0, 0.0, 0.0, 0.0]]
==============================
W3_Frequencies_1
R1->P1
[[-0.0007577714124307723, 0.0014242227416183572, -0.0007455327300349642, 0.0003563962167992138, 0.0004972735374251596, -0.0009808018029370156, 0.00048817713182050125, -0.0002462677059684578, 0.00030399803055048655, -0.0006169611131085325, 0.00030406375497543246, -0.00016612838683384038, -1.4187555172211063e-05, 4.683955474078393e-05, -1.8290526959566822e-05, 2.010184566409688e-05, 0.00011900126411258225, -0.0002473468905629319, 0.00012018735571105739, -7.007008278859401e-05, -0.00011543777107484799, 0.0002435751997962581, -0.00011793418771055318, 6.873937837982328e-05, 4.6800212015355134e-05, -9.596524805329353e-05, 4.8063075280228507e-05, -2.8154228529229887e-05, -5.587499826009019e-05, 0.00011852130382420628, -5.711831299434457e-05, 3.572215021015317e-05, -1.625157884554719e-05, 2.382199941059199e-05, -1.3804029677113731e-05, -1.1147191680072408e-06, -9.48472075777329e-06, 1.7329676700186154e-05, -1.0319133565365384e-05, 6.92974619132194e-06]]
P1->W1
[[4.678503289447868e-06, -1.271474166006687e-06, 1.7759662283945671e-06, 2.0582263461760606e-06, -4.372023031046866e-06, 1.8937575451841304e-05, -7.906036686849688e-06, 6.8792711042244186e-06, -9.479154627897763e-06, 2.4441617616139216e-05, -1.004291778365033e-05, 6.268045749578129e-06, -2.2937175029117746e-05, 4.324833720529679e-05, -2.0303245326675212e-05, 7.768213966124948e-06, -1.3097106812322491e-05, 2.426298207050568e-05, -1.0738120581355738e-05, 3.962133576572185e-06, -6.787071308022475e-06, 1.2148021838927371e-05, -5.5530743355102814e-06, 1.9266104941920233e-06, -1.9262047511516365e-06, 3.312479939390849e-06, -1.7007722246094499e-06, 6.834851594456888e-07, -2.728830211471045e-06, 4.371850976661136e-06, -2.5047291857198054e-06, 9.097678593368698e-07, -9.107667471875232e-06, 1.4909394356841632e-05, -8.304697373945872e-06, 2.4717150051508414e-06, 1.3391153741528517e-05, -2.2119953514619773e-05, 1.2318851003340074e-05, -3.4688350329630885e-06]]
==============================
P1_SymmetryFactor_1
R1->P1
[[0.0, 0.0, 0.0, 0.0, 0.0, 0.0, 0.0, 0.0, 0.0, 0.0, 0.0, 0.0, 0.0, 0.0, 0.0, 0.0, 0.0, 0.0, 0.0, 0.0, 0.0, 0.0, 0.0, 0.0, 0.0, 0.0, 0.0, 0.0, 0.0, 0.0, 0.0, 0.0, 0.0, 0.0, 0.0, 0.0, 0.0, 0.0, 0.0, 0.0]]
P1->W1
[[0.43432087548818227, -4.4897962308852945e-05, 2.5177296825716593e-05, -8.727468746686495e-06, -5.9648685008494794e-05, 0.00010241518969834167, -5.7115941274898484e-05, 1.8835082988693657e-05, 1.9737853330434344e-05, -3.151993869445694e-05, 1.8190520650313292e-05, -4.599676278968494e-06, -1.3293338422593575e-05, 2.1651991140850562e-05, -1.2779647007702796e-05, 3.745038202013451e-06, 4.542432060928022e-06, -9.137863379254098e-06, 4.358985390182553e-06, -1.7199152424555638e-06, 1.0115041794430263e-05, -1.683709271545689e-05, 9.066689419499172e-06, -2.3635052098899136e-06, 1.0523818777547973e-05, -1.675410545233704e-05, 1.002170855858422e-05, -4.61420721488617e-06, 1.2245032394832473e-05, -2.0466497015234626e-05, 1.2321142379540323e-05, -4.4479652548936324e-06, -2.2772611021220807e-05, 3.9581999535369104e-05, -2.2553708573979092e-05, 8.2341429695241e-06, 3.844523741093139e-05, -6.515425804944857e-05, 3.6788414971056325e-05, -1.2620268743326539e-05]]
==============================
colrel_Epsilons
R1->P1
[[0.00018393705920207565, -0.0003743268840005636, 0.000182728494863783, -0.0001002051401208764, -0.0002690003202945582, 0.0005554443500783254, -0.0002678258796612499, 0.00015116088713214334, 0.00012265621299790386, -0.0002681347423060263, 0.0001232683482464596, -7.769634300642117e-05, -6.440988096230862e-05, 0.0001616971263300503, -6.60295504730491e-05, 5.2734589448701316e-05, 2.8563758824513866e-05, -9.428850060962664e-05, 3.075214599816503e-05, -3.66097349346181e-05, -7.651645106995789e-06, 5.205504892934852e-05, -1.002304431218454e-05, 2.5663861799453856e-05, 3.6212723244631834e-06, -3.9627473496445345e-05, 5.895569106709666e-06, -2.182213503085492e-05, 2.3395092156261827e-07, 2.4557826974924905e-05, -1.67885473687758e-06, 1.592575231278612e-05, -1.229058453533878e-05, 5.632639916193495e-06, -1.0942706251167054e-05, -4.878486104157814e-06, 4.028726636594956e-06, 2.0605381836279303e-07, 3.3985448862356824e-06, 3.0449491166972866e-06]]
P1->W1
[[0.04478312959058938, -0.014712229072351172, -0.017888400478902538, 0.004996704957661722, -0.0024024998896769977, 0.004609751603779387, 0.019634799581215945, -0.008677030176988761, -0.009712168396200366, 0.005642992459490927, 0.0015177880256134711, 0.00202810922968851, -0.002797957730593609, 0.003107504557553564, -0.003553222404214839, 0.0014726235953450013, 0.0008589219358952784, -0.0006904463151348869, -0.0001392327912905854, -0.00017369491732593684, 0.0005198524645597368, -0.00031393775076981006, 0.00025007090386180026, -9.689628306539185e-05, 0.0002289881504524086, 0.000183360585397578, -0.00013360323013095562, 7.011895794482266e-05, 0.00028364056171861665, 0.00011912242103623068, -0.0001565092996717081, 5.646704532496516e-05, 0.00014707519309779688, 0.00016487457427786714, -0.00014778158507437617, 4.794723015949565e-05, -0.00010246568399582285, 0.00037637098514979903, -0.00021177534276909987, 7.626321358262865e-05]]
==============================
B2_Energy_1
R1->P1
[[-0.0007222208979248078, -6.50677199492025e-07, 3.7205906000700506e-07, -1.6621910146638326e-07, 0.0004384391126866334, 1.1936346836357658e-06, -6.699761119839003e-07, 3.064115708943647e-07, 0.00011654360991166753, -7.368094271706886e-07, 4.049044081700977e-07, -1.9691646169330342e-07, 8.667828464038884e-06, 7.129047421435947e-07, -3.913420640645201e-07, 1.8185040470878646e-07, 4.501915700017351e-07, -4.551330339669156e-07, 2.3936634678316427e-07, -1.1569975433612559e-07, 2.2733045295066778e-07, 4.784737901149429e-07, -2.553307444459061e-07, 1.1438672965491465e-07, 1.4218356063316593e-07, -2.5498466514841024e-07, 1.2912433403880973e-07, -7.312112071812614e-08, 1.2260123868665164e-07, 2.38659803317754e-07, -1.3819939762278411e-07, 8.251951838951942e-08, -5.557638706578842e-08, -1.2809258057016733e-07, 7.724834724508129e-08, -5.269365015068272e-08, 2.525857654054969e-09, 1.1997896088184304e-07, -7.266697874333692e-08, 3.5915113107928303e-08]]
P1->W1
[[6.997357962129989e-05, -0.00011323581414856642, 6.257094155368871e-05, -1.9167360673235223e-05, 9.021178259762887e-05, -0.00014686278154398658, 8.307285728078229e-05, -2.6318611208338947e-05, 8.459757091961699e-05, -0.00013772822005140117, 7.946898904115119e-05, -2.5772708993361663e-05, 2.027921751801792e-05, -3.478639635197562e-05, 2.5740804683285975e-05, -1.0700290942829205e-05, 2.990513718339785e-05, -5.002344194235526e-05, 3.4395445677072536e-05, -1.3408006347633981e-05, 2.795803291369082e-05, -4.7077229775633447e-05, 3.239880658508011e-05, -1.2641896223181337e-05, 6.343666226409729e-05, -0.00010357483854921522, 6.0965262648303913e-05, -2.0242622454903546e-05, 9.037371409259744e-05, -0.00014645128508951276, 8.218410185879539e-05, -2.5622387234330108e-05, 6.192643235207725e-05, -0.00010058664287100037, 5.617100583444511e-05, -1.7386962548224464e-05, 0.00010128138491993136, -0.00016239601746737074, 8.747400723099838e-05, -2.5693222034186758e-05]]
==============================
B3_Energy_1
R1->P1
[[-0.0008684579991222216, 5.379748207490969e-07, -2.8242183478747774e-07, 1.1556232683125285e-07, 0.0009289158783951077, -6.09759969063882e-07, 3.1167784109758306e-07, -1.1631491817235331e-07, -9.68497147173447e-05, 1.7061421862074398e-07, -8.135813866428615e-08, 4.5203718825959904e-09, -5.927840657675228e-06, -1.5073697163359368e-07, 8.066244045482708e-08, -1.2208491886819149e-08, -2.6328871741887084e-07, 2.44517446018456e-07, -1.4409144698898383e-07, 3.4322227242646045e-08, -4.680321417150504e-08, -4.656424730686659e-08, 4.183238049909102e-08, 1.040927090376736e-08, -3.128034413385716e-07, 2.273279033670419e-07, -1.416311164284929e-07, 2.6821715253305605e-08, 4.27519136189743e-08, -5.1106070254527455e-08, 3.3886667941310594e-08, 1.3084380948401531e-08, -1.9573599092477878e-07, 5.618955978765811e-08, -2.957103537268589e-08, -7.301367932077411e-09, 1.232868082756078e-07, 6.063355939128057e-08, -4.174790104955089e-08, 2.6821127956900052e-08]]
P1->W1
[[6.997357962129989e-05, -0.00011323581414856642, 6.257094155368871e-05, -1.9167360673235223e-05, 9.021178259762887e-05, -0.00014686278154398658, 8.307285728078229e-05, -2.6318611208338947e-05, 8.459757091961699e-05, -0.00013772822005140117, 7.946898904115119e-05, -2.5772708993361663e-05, 2.027921751801792e-05, -3.478639635197562e-05, 2.5740804683285975e-05, -1.0700290942829205e-05, 2.990513718339785e-05, -5.002344194235526e-05, 3.4395445677072536e-05, -1.3408006347633981e-05, 2.795803291369082e-05, -4.7077229775633447e-05, 3.239880658508011e-05, -1.2641896223181337e-05, 6.343666226409729e-05, -0.00010357483854921522, 6.0965262648303913e-05, -2.0242622454903546e-05, 9.037371409259744e-05, -0.00014645128508951276, 8.218410185879539e-05, -2.5622387234330108e-05, 6.192643235207725e-05, -0.00010058664287100037, 5.617100583444511e-05, -1.7386962548224464e-05, 0.00010128138491993136, -0.00016239601746737074, 8.747400723099838e-05, -2.5693222034186758e-05]]
==============================
R1_SymmetryFactor_1
R1->P1
[[0.4342581286410263, 5.985194574849358e-05, -2.9149296508496075e-05, 6.858222698869218e-06, 3.802044112939696e-05, -6.02120685152032e-05, 2.7715420987971664e-05, -2.950409776201612e-06, -6.488083158593103e-05, 0.00010582605465844234, -5.3824788257655226e-05, 1.3143559963821035e-05, 1.733861405337054e-05, -3.0282237892853144e-05, 1.3595820075542504e-05, -3.532144306177324e-06, -6.015532713330062e-06, 1.4003637949855936e-05, -6.680461763481549e-06, 5.998453958939492e-06, -1.9721025890073705e-05, 2.984942139321948e-05, -1.866817292270318e-05, 4.4413019206767255e-06, 3.200899132179522e-05, -5.0784852910520565e-05, 2.5767328675642908e-05, -7.283986603551376e-06, -2.945079106239155e-05, 5.133291830301215e-05, -2.8335332418780384e-05, 1.1761566387128063e-05, 4.300963871412314e-06, -9.228342813020562e-06, 5.19525857149111e-06, -3.90202633828132e-06, -9.203910174630102e-06, 1.5337564301017273e-05, -1.08754934790905e-05, 4.81032546806427e-06]]
P1->W1
[[0.0, 0.0, 0.0, 0.0, 0.0, 0.0, 0.0, 0.0, 0.0, 0.0, 0.0, 0.0, 0.0, 0.0, 0.0, 0.0, 0.0, 0.0, 0.0, 0.0, 0.0, 0.0, 0.0, 0.0, 0.0, 0.0, 0.0, 0.0, 0.0, 0.0, 0.0, 0.0, 0.0, 0.0, 0.0, 0.0, 0.0, 0.0, 0.0, 0.0]]
==============================
W1_Energy_1
R1->P1
[[1.9093331046488362e-07, -3.001960565456405e-07, 1.8557377902077834e-07, -4.8856211309823756e-08, -3.802190948959275e-07, 5.993455953593917e-07, -3.697420791546578e-07, 9.880588844615639e-08, 3.709742830076697e-07, -5.903796445055381e-07, 3.611897806189319e-07, -1.0075829897652808e-07, -3.5501505114472517e-07, 5.711676781716153e-07, -3.463215277079498e-07, 1.0201367411617143e-07, 3.2302982849584495e-07, -5.251313988469948e-07, 3.157816862339812e-07, -9.803703585947491e-08, -2.7762743465245787e-07, 4.5430968566681157e-07, -2.72007912304153e-07, 8.815873151366684e-08, 2.1973658486765842e-07, -3.592295813183679e-07, 2.157930184744281e-07, -7.173640809041056e-08, -1.5356749967948628e-07, 2.4805072624130337e-07, -1.5118300777821357e-07, 5.03455160373708e-08, 8.811420503695658e-08, -1.3915154956527467e-07, 8.696406763602917e-08, -2.83771384418136e-08, -3.723879468159662e-08, 5.5434517110922976e-08, -3.688981990822769e-08, 1.105373029127998e-08]]
P1->W1
[[-9.554657534937781e-05, 2.6257067419794817e-05, 2.5258660657487644e-05, -5.021710953389724e-06, -5.863134816493268e-05, 5.496323870920639e-06, -1.8931148731973767e-05, 1.212321566232634e-05, -2.2569335581377347e-05, -5.002096900862109e-06, -1.969876417470524e-06, -6.235307757951529e-07, -7.289296952044021e-06, -6.297892071371555e-06, 4.2642002859637175e-06, -1.6197463480362629e-06, -1.3378607319054269e-05, -3.2167107884501223e-07, 2.8368156235808966e-06, 6.783240745822755e-09, -1.2499676705873905e-05, 5.562415247584249e-07, 2.25219890603734e-06, 1.9654833748267452e-07, -1.5197978417379116e-05, 6.294159874076751e-07, 2.792067511725514e-06, 2.5034047392546965e-07, -1.7102083457506097e-05, 6.557574452720326e-07, 3.1290121825753407e-06, 3.150346101293286e-07, -9.970997813470187e-06, 4.148767490566968e-07, 1.8151433816559566e-06, 1.930939389821163e-07, -1.6907924902561998e-05, 6.82845342041712e-08, 3.370040923205487e-06, 2.5169658427441724e-07]]
==============================
B1_ImaginaryFrequency_1
R1->P1
[[0.00010977297537137436, 8.291905819660564e-05, -3.325527574908852e-05, 1.395527144955101e-05, 0.00012992338970897022, 0.0001290271566622595, -7.939312461612844e-05, 4.097424065462927e-05, 0.0002584186518303289, -0.00027989604530629704, 0.00015356899854591515, -7.511178744185587e-05, -0.00011690192633586927, 0.0002925189254787825, -0.00016140974291374823, 6.753905390843466e-05, 0.00013696942857862376, -0.00022731652496103575, 0.0001237765639194313, -5.0039920654927206e-05, -0.00012041812642468581, 0.00020065673964279106, -0.0001089261695660576, 3.996498535707264e-05, 3.2923539634699064e-05, -7.026879417093393e-05, 3.603222267320233e-05, -1.0695712107102083e-05, -2.2248551601504915e-05, 2.2424224409442313e-05, -1.3039465004707825e-05, 4.9514716207933166e-06, -2.483938216017584e-05, 3.5812976770482967e-05, -1.7558170396022498e-05, 5.480660469448714e-06, -1.0256859341191898e-05, 9.26867646076032e-06, -6.7934280503105595e-06, 3.3403512110609965e-06]]
P1->W1
[[-0.0006111871734976396, 0.0009481402626301251, -0.0004536828185784995, 0.00011032758838575683, -0.0005735836179494749, 0.000891747891828578, -0.00043085585986499166, 0.00010644891515576215, 0.0005218687522111905, -0.0008275513760926372, 0.0003948461749801809, -9.997547885971524e-05, 0.0005856005371945584, -0.0009322545843602827, 0.00045180887024703204, -0.00011488898969403082, -4.460609069543942e-05, 7.068727857993064e-05, -3.440846841102106e-05, 9.042047230654693e-06, -0.0002486495776969091, 0.00040140776980958267, -0.00020086950816426818, 5.053074503760038e-05, 4.869756765066478e-05, -7.491256731237913e-05, 3.53333838353707e-05, -9.709394275714909e-06, 0.00012861607967239855, -0.00020946461983938934, 0.00010709367825819311, -2.933565690781896e-05, -8.646096467346207e-05, 0.0001384653182448138, -6.837867932800517e-05, 1.73446140969781e-05, -4.004347559658651e-05, 6.428664030979694e-05, -3.358863034723457e-05, 8.531077115766645e-06]]
==============================
P1_Energy_1
R1->P1
[[0.0, 0.0, 0.0, 0.0, 0.0, 0.0, 0.0, 0.0, 0.0, 0.0, 0.0, 0.0, 0.0, 0.0, 0.0, 0.0, 0.0, 0.0, 0.0, 0.0, 0.0, 0.0, 0.0, 0.0, 0.0, 0.0, 0.0, 0.0, 0.0, 0.0, 0.0, 0.0, 0.0, 0.0, 0.0, 0.0, 0.0, 0.0, 0.0, 0.0]]
P1->W1
[[0.0016663763469522087, -1.901196632795615e-07, 1.0640117342701089e-07, -3.738478820668473e-08, -0.001458174900457562, 3.3133278903976306e-07, -1.8744674895358144e-07, 6.616381711743316e-08, 7.140735131074309e-08, -1.2186249679340817e-07, 7.321567263559863e-08, -2.430451273772516e-08, 4.454458192271141e-09, -7.592883916733796e-09, 8.223379234787179e-09, -2.1924725160372565e-09, -1.2489026319919947e-07, 2.0995800000870724e-07, -1.1636817525571607e-07, 3.516378737146888e-08, 7.623450565797434e-08, -1.3201469037527776e-07, 7.548346147732834e-08, -2.4363268205004768e-08, 8.557671843922747e-09, -1.2476729459850125e-08, 5.671034914196123e-09, -5.689911454894718e-09, 7.270150083769426e-08, -1.2671441749878457e-07, 7.678618199366993e-08, -3.1244719888417964e-08, -6.413036438736782e-08, 1.0952861860526516e-07, -6.838647670727262e-08, 2.867500514218729e-08, 8.595413505218659e-08, -1.4120888987244814e-07, 8.29012504305638e-08, -2.7272782936731227e-08]]
