==============================
colrel_FactorOne
W4->P2
T_min:200.0 K    T_max:3000.0 K    P_min:0.0001 atm    P_max:10.0 atm
[[-430.06564209844674, 420.91666693307843, -175.47867218868754, 35.498990431674315, 807.9725792067552, -814.3991527932571, 340.4959094463375, -68.96526824459221, -702.4479874399758, 744.1014391101696, -310.47770410964586, 62.84655380054832, 601.1482439945764, -637.4475062475693, 266.1635120986659, -53.87623152064708, -483.2700417005895, 512.3940768488828, -213.92212531671728, 43.311125741907404, 362.6618907245441, -385.0301522605705, 160.6942190797955, -32.53142223304227, -253.44655788307622, 269.1424868854974, -112.31196649985021, 22.73439195255854, 163.5895926924671, -173.94350397898165, 72.57193317395419, -14.690862218333308, -96.80668339610801, 103.02797119454601, -42.96815224117637, 8.697481748559767, 51.80862837909308, -55.214862224539274, 23.014205190140387, -4.65706972501124, -24.645799342968758, 26.289996124887423, -10.95238452035062, 2.2159120346373555, 10.11898643589629, -10.811590900135783, 4.5003915312866525, -0.9102615266607614, -3.4206448259490116, 3.656562820166471, -1.5197387711497043, 0.30714521696177144, 0.864589614442508, -0.9233278839222407, 0.38303764218909464, -0.07731908535924958, -0.1275380227542655, 0.13517592124908617, -0.05617387643007987, 0.011355069270621243]]
P1->P2
T_min:200.0 K    T_max:3000.0 K    P_min:0.0001 atm    P_max:10.0 atm
[[-54.97945107085521, 73.53489739505869, -36.446056956393534, 14.774049179972799, 87.77436942931197, -142.79310791698794, 70.77958046404575, -28.686842205837973, -80.19240535780568, 130.49066706940593, -64.68957921074491, 26.213213004914603, 68.8321236465158, -111.93440342788273, 55.489577484571086, -22.48614003969023, -55.319254916498515, 89.96792241114572, -44.597125398137734, 18.074256124473287, 41.59495373611411, -67.60325213050295, 33.50920060880444, -13.58170427868892, -29.09369398134835, 47.27949400680433, -23.43372865425035, 9.499011602527888, 18.82605901589156, -30.576530558617247, 15.153895370219978, -6.143529591330459, -11.162053212241643, 18.126646445296963, -8.982946027905683, 3.642291253079563, 5.99306476849145, -9.728893475700715, 4.820900667109839, -1.9550225316463923, -2.8586583011106796, 4.64203925363924, -2.3000690850655623, 0.9328864235574965, 1.1779465859966152, -1.9138199441355752, 0.9482313898322072, -0.38463449004696315, -0.39871379469364143, 0.6495430113109535, -0.32184182493375424, 0.13054651406083906, 0.10083765284735602, -0.16510847841699672, 0.08183223687217378, -0.03318008738693834, -0.014700678825640523, 0.024504814107731365, -0.012155142751296921, 0.0049220880558777935]]
W4->P1
T_min:200.0 K    T_max:3000.0 K    P_min:0.0001 atm    P_max:10.0 atm
[[-457.4707648470497, 559.580880864438, -252.13111697256255, 64.36335877510936, 853.6988706190467, -1079.9261846173072, 489.1934319747578, -124.64877690611553, -740.0877849761503, 986.2911034409395, -447.12409083268193, 113.9136786178803, 634.0912032705985, -845.9780717726085, 383.55118705426764, -97.76619654720025, -509.55655901974944, 679.2616465331163, -307.9564960570019, 78.44402783428671, 382.33948503869067, -509.83115462223105, 231.13928677808175, -58.842787864783006, -267.04229734739806, 355.88424276940293, -161.34197558927914, 41.035758183105685, 172.26189159020606, -229.55153965470868, 104.05925889034577, -26.435453583209522, -101.81486953526627, 135.5823206501559, -61.45289429873026, 15.58634491560963, 54.394119400118825, -72.3988518233258, 32.805694622886676, -8.302662410199503, -25.79748544535113, 34.298818546306194, -15.534863090643597, 3.919786907566788, 10.535508694273574, -13.99038884245526, 6.330533003207307, -1.5902382201268352, -3.5259482822163477, 4.6712548540346575, -2.1101618488750518, 0.5263420894463025, 0.8713081698548777, -1.150203995178913, 0.5173458185205391, -0.12719709570433224, -0.12380147185797341, 0.1621310917365264, -0.07239362096925106, 0.01738465458970495]]
