==============================
W0_Energy_1
W4->P2
T_min:200.0 K    T_max:3000.0 K    P_min:0.0001 atm    P_max:10.0 atm
[[-34.69459012270916, 3.918457832553207, -1.888974463857509, 0.7586647882471595, -0.20230330116551642, 40.54851411946655, -4.666180657437378, 3.2810212501373512, -1.3786597318209861, 0.34851296721311653, -2.663024806922904, 5.604781580872837, -3.0019815669505223, 1.2507867719711516, -0.32781795506162004, 1.063854582756834, -3.5170836938058, 2.080328279499305, -0.8589991763217517, 0.22709367327491783, -1.0431929074825423, 2.483700882925174, -1.4767791482888082, 0.6158154252676689, -0.1588804872338851, 0.4088599727347351, -1.447164863327228, 0.8286463834403086, -0.3451296587626127, 0.09013446370181596, -0.26284848313696146, 0.6164415853567019, -0.36051139869464344, 0.150237479616402, -0.04031883982816841, 0.0464944148134484, -0.19903130930067078, 0.12498815383963764, -0.05275978939818894, 0.013783859164394134]]
P1->P2
T_min:200.0 K    T_max:3000.0 K    P_min:0.0001 atm    P_max:10.0 atm
[[-10.242940196914592, 0.6562279581033323, -0.421506024965497, 0.1768074326850638, -0.04879992698528749, 0.6304396271615246, -0.8170797299252087, 0.5286646249861808, -0.22109296748833945, 0.062303583844065064, -0.1659406080512698, 0.10651049189248053, -0.07336215976883988, 0.030112200792704057, -0.01008956940532931, 0.07605259582564462, 0.05159591099852258, -0.03325796205467145, 0.01369105518233483, -0.0036367040357502775, -0.06287914207576455, 0.01928256268531542, -0.01063276263555393, 0.004747627776085062, -0.0007579918336715577, 0.05274416510504455, -0.02013465303564564, 0.012216479219284964, -0.005172979024334045, 0.001166106883548624, -0.016486407960656996, 0.004794401522328098, -0.002775320545491668, 0.0012183452757345747, -0.00024136550037010763, 0.008502814653501887, -0.001619785875403335, 0.0009368949200935892, -0.00041601073109999155, 8.429806998196988e-05]]
W4->P1
T_min:200.0 K    T_max:3000.0 K    P_min:0.0001 atm    P_max:10.0 atm
[[-49.28156844703633, 19.898263879647416, -10.44419206995775, 4.3841303544613535, -0.9934063099241357, 54.84272417797532, -21.09232768672847, 12.978115284088425, -5.396849555069453, 1.289756473423311, -3.64478872152657, 7.210372073960906, -4.590095775964291, 1.8884254095122344, -0.4684624852686276, 1.7429446943959765, -4.657698494024125, 2.8826661007661105, -1.1883795382704345, 0.26561942963816254, -1.91993909329263, 3.9122065206144403, -2.4366981819924236, 1.0010631510521946, -0.23104808724496645, 0.8797307248325222, -2.128077977152773, 1.3230549962161855, -0.5454539972013264, 0.125107184569322, -0.4511253226906426, 0.9484479809536525, -0.5914568844629452, 0.2430306037943799, -0.055966991318929654, 0.11643799446396551, -0.31490440527992697, 0.19586499061044277, -0.0808773173955904, 0.01856677087621734]]
