==============================
W2_Frequencies_1
P1->P2
[[0.4293832861996469, 0.04359250424668308, 0.451369803403087, -0.47187455276932294, -0.13687830681688848, -0.49646489827600315, -0.031588229529165464, 0.13206208962207808, -0.0324679430085917, 0.06557451994357757, -0.026178510836286435, 0.06879335615348474, 0.016015662070685246, -0.013116989559574068, 0.01657562390264778, -0.0009298123847715266, -0.002742577878497221, -0.0009722481777164574, -0.004525017268788365, 0.0015874198561441064, -0.0047148443069825186]]
W2->P1
[[-5.577696026901046, 6.907695691424105, -2.1580253717361497, 3.491090416031248, -4.636039393568887, 1.7784688698973954, 1.05242020812776, -1.171737922613961, 0.3627165207908432, 0.09294262344080882, -0.044335948731024, -0.023057577943504586, 0.00038494451640062644, 0.0017415347308729426, -0.014942462363891382, -0.0023363130645345127, -0.00940078905196713, 0.00043365133293701776, 0.00796146974488368, -0.02414821081644829, 0.012581129313500647]]
W2->P2
[[0.014575248983488378, 0.37227697863956294, 0.02430053587888351, -0.827763717454499, 1.1747297235832952, -0.8453174359531489, 0.22247144503558902, -0.1290969924444411, 0.1930891950933798, -0.427487191984328, 0.4407540416459313, -0.5041782419157581, 0.304437216720678, -0.32297563413013536, 0.24443758351469022, -0.12625550490548612, 0.10618107166203264, -0.1464379462712156, 0.08136758037744972, -0.11114232784402872, 0.09667930116162388]]
==============================
W2_Energy_1
P1->P2
[[4.805405006863254e-05, 1.9927031653693898e-05, 5.081985841759561e-05, -5.0205600581913714e-05, -3.555483670745531e-05, -5.3223377759731016e-05, -7.047363028067297e-06, 1.903385756452756e-05, -7.2953354310448815e-06, 7.627003860797542e-06, -1.6101481608332465e-06, 8.087420514002169e-06, 2.2385066658618367e-06, -1.529012825961728e-06, 2.3214912690024603e-06, 2.0592686420918858e-07, -6.123130707154017e-07, 1.940360269575053e-07, -5.283473595709377e-07, 1.1819002948274429e-07, -5.569787043125653e-07]]
W2->P1
[[0.0008823076160746408, 0.0009186286228235912, -0.000306996868742058, -0.0010543110068650598, -0.0006027817647224271, 0.0002377519956463856, 0.00016400765074633326, -0.00019472675991541723, 6.452397520857155e-05, 4.508881189749436e-05, -2.7744316205534698e-05, 3.7312276572247604e-06, 2.4466235374165006e-05, -7.519412428234932e-06, -3.564746343136919e-08, 1.3816480010841492e-05, -3.269898874537622e-06, 4.7314058166049777e-07, 6.45797847629712e-06, 8.65133245375662e-07, 6.534175695244236e-07]]
W2->P2
[[0.0023992624545061264, -0.0006982809280641626, 0.0007633386911063983, -0.0031219122939833226, 0.0015836156407035844, -0.001576253734852644, 0.0014434828639748325, -0.00138016410282781, 0.0013943018538169827, -0.0012608809246699522, 0.0012161982507783013, -0.001254523274901409, 0.0010944054216486016, -0.0010324372458050902, 0.0010238770606350223, -0.0007291342532274999, 0.0007017303695189322, -0.0007134538137582195, 0.0004546265720046439, -0.00042430373451616534, 0.0004287781936867518]]
==============================
W1_Frequencies_1
P1->P2
[[-4.2276270589957253e-05, 4.879013053077621e-05, -3.441550420815523e-05, 7.13863451493303e-05, -8.065727116746099e-05, 5.9484927254720816e-05, -4.5459821828638684e-05, 4.7266478009559104e-05, -4.085170958693827e-05, 2.9941670436941258e-05, -2.7767063575938137e-05, 2.933525840041466e-05, -2.6144987386401224e-05, 2.372224298853431e-05, -2.626679567124045e-05, 1.834892904773279e-05, -1.6299824519309322e-05, 1.8771406536104006e-05, -5.950426825049507e-06, 3.7742636421383697e-06, -7.047073537560365e-06]]
W2->P1
[[-0.0005925807664143418, 0.0007402526172638286, -0.00044450395785261635, 0.0007790225322318184, -0.0009786357905570897, 0.000583496183265978, -0.00016838642327700678, 0.00019905284330355887, -0.0001306389727656339, -8.997582144090562e-05, 0.00011035306113953292, -6.899864528904725e-05, 4.6983727940158964e-05, -6.0246785038467974e-05, 3.624333275850856e-05, -1.8264364112218765e-06, -5.716662118391957e-06, -5.25318470680844e-06, 1.9914707697633093e-05, -2.4966313018402523e-05, 1.6002881009662058e-05]]
W2->P2
[[0.28036078143110227, -0.3084924386557178, 0.2644561312855239, -0.5375178966458204, 0.5915831755075772, -0.5068224568494261, 0.5006833853586038, -0.5523844376693189, 0.4701765864067521, -0.43799179943583777, 0.48517987584517186, -0.408620935235489, 0.3569265843793667, -0.39774054569729556, 0.32963839620873997, -0.24713934960989437, 0.27710265387899713, -0.22580655929425292, 0.14311713625537908, -0.16157762768090295, 0.12887343699229978]]
==============================
B1_Energy_1
P1->P2
[[-5.150497141885653e-06, 2.5755897027487272e-06, -1.6770960589219084e-06, 6.040538787663996e-06, -3.929282145599386e-06, 2.487175397429203e-06, -1.7468127131986078e-06, 1.6289025190154028e-06, -9.317629136844363e-07, -1.2925670795204351e-08, -4.095053143529934e-07, 1.8866465066025242e-07, -2.728575906869857e-07, 2.0700202171884662e-07, -8.99727790263616e-08, 4.4653368193351504e-08, -1.117358721929223e-07, 3.7945657495418593e-08, -1.5793782894273854e-07, 1.8663746524183968e-07, -1.0844820210761058e-07]]
W2->P1
[[-4.4316206277367116e-05, 5.040179703529648e-05, -2.8239259863049768e-05, 4.7808936329695846e-05, -5.58754646702743e-05, 3.310854571706348e-05, -5.270387335082858e-06, 6.898136826659181e-06, -4.410750089353308e-06, 1.3528252581144873e-07, -3.4638571159538997e-07, -1.6887475231923828e-07, -1.5544025480687291e-06, 1.9454031427476173e-06, -1.1736553212363176e-06, -2.314180422290314e-06, 2.8140422467511715e-06, -1.837690571739301e-06, 5.022864010745704e-07, -6.8333637777557e-07, 3.3135457289369443e-07]]
W2->P2
[[0.00033098294990248903, -0.0004955700859202894, 0.0002772212213577913, -0.0006323749340623495, 0.0009540517608871057, -0.0005298604809207175, 0.0005907483043722678, -0.0008888425159742416, 0.0004923143370467046, -0.0005195412267197312, 0.0007847827742881577, -0.00043025094036088765, 0.00043106713806147017, -0.0006501356637820966, 0.000353571471375132, -0.00030547415723257616, 0.00045899047060703446, -0.0002484050069001888, 0.00018480884232296266, -0.0002744002806310763, 0.0001491136411153596]]
==============================
B3_Frequencies_1
P1->P2
[[-0.6866786330817595, -0.0011743699004738257, -0.08938324352729371, -0.467065833941301, 0.039080377800993014, 0.07524175113427752, -0.2039236102009042, -0.04752007983166483, 0.031986550093971236, -0.09755344062668352, 0.001372006375372434, -0.00931700994512761, -0.03137868185567512, 0.005693705183848552, -0.007506648225671311, -0.0055360725011970625, 0.0031536373316236746, -0.003007818375066447, 0.0044918567082729505, 0.0006593727374274084, 0.00013472585345024297]]
W2->P1
[[1.1083296017059314, -1.461693561200156, 0.5117174779839407, -0.6770429609489341, 0.9318006701869435, -0.4068085197066799, -0.1877902505660467, 0.25523505980583067, -0.08511842567434663, -0.020159914295204234, 0.027080915187642295, 0.0012685184313716402, -0.0071001191629162025, 0.009296310218672619, 0.0023139984474273363, -0.004022754072274714, 0.005136442017186829, 0.0005769212547017151, -0.004472734650075054, 0.005728965533399265, -0.0015318763094122993]]
W2->P2
[[0.09266291701126397, -0.49801093912770955, 0.2986960448279764, -0.481468366536266, 0.3723140747561245, -0.5613889318431214, 0.5671555117098094, -0.6559982536851977, 0.537423761238952, -0.4888773831781433, 0.5005263466434526, -0.45772482457611247, 0.4056078603631124, -0.4339017309205583, 0.4006725985413547, -0.31555111576448047, 0.33752729483718436, -0.2927205157261932, 0.18054814807567005, -0.20305068101487492, 0.17026866721283349]]
==============================
B2_Frequencies_1
P1->P2
[[-0.15900198541663182, 0.003936085701459449, -0.0754164792088599, 0.07344769329953829, -0.0016609725806088463, 0.08369487139956351, -0.004791718695200806, -0.00358358934638818, 0.002481483141597017, -0.01952005873231265, 0.0007559375078630671, -0.008888021096123399, -0.009629251180534268, 0.0004484745621159964, -0.0026880763293321043, -0.003260375036139242, 0.00020236595014815756, -0.00015239117049601993, -0.0007324596472011444, 5.6322405801661765e-05, 0.0004765601007155875]]
W2->P1
[[-0.124481674526697, -0.07002983725561401, -0.06873073666256328, 0.028441927105464452, 0.03769162249037209, 0.05581917057669118, 0.011709827365110281, 0.021153623941015817, 0.012380679856581924, 0.00017898043308240126, 0.00413288871283245, -0.0018061543073721448, -0.0010696402060366148, 0.00028175857587641595, -0.0019297988444858605, -0.001108834476550722, 6.614153350097936e-05, -0.00131107351149808, -0.0013485627661091195, 0.0003846602655789487, -0.0009446296304853586]]
W2->P2
[[0.1579231249834665, -0.053278829013958064, 0.1622567325463676, -0.018220495734568375, 0.18355920708278486, -0.045903687879553796, 0.19960785060988073, -0.08985472040239753, 0.20717514498699055, -0.09622463747554864, 0.14169490036198756, -0.11402530098431019, 0.08126961986953951, -0.06772947980321437, 0.08525779913381945, -0.05942900677349049, 0.06620683681469462, -0.06558196121238662, 0.03067368943759864, -0.028608313212159286, 0.030591838048981974]]
==============================
B1_SymmetryFactor_1
P1->P2
[[-0.0011915912473365738, 2.160164004377594e-06, -0.00025378301368488736, -0.000561680501932872, 2.441285637902771e-06, 0.0002822620644032208, -0.0008104592833681674, -1.615598559629198e-05, 1.2074639915685447e-05, -0.000663261491092464, -3.2330941457938218e-06, -2.1930510550393376e-05, -0.00046114485533630995, 7.320890721547802e-06, -1.4228087184791332e-05, -0.00024855646204717654, 3.2763648852250763e-07, -2.917577448639306e-06, -0.0001974655320469609, -6.389097899702741e-06, 2.0428985084791645e-06]]
W2->P1
[[-0.0008890844054333203, 4.6844091149859864e-05, -0.0003125550642334206, 0.00027239527181595135, 0.00015003746531980051, 0.00017721519678576405, 0.00013171020681120837, -7.080608376189138e-05, 7.501403179041749e-05, 2.531915772534137e-05, -3.727008744857978e-05, 6.842663527278344e-06, -7.220099704700718e-06, -7.95730987105397e-06, -1.4840672958169975e-05, -1.6377573744041384e-05, 6.831145329887772e-06, -1.664270491580183e-05, 1.2442973552334519e-05, -2.5327928116993165e-05, 6.65250285328623e-06]]
W2->P2
[[0.06287066682308312, -0.08645273603766457, 0.05319928008341323, -0.11573441524179583, 0.16368877221090242, -0.09715573708512877, 0.09226996338939802, -0.14178081865133635, 0.07319202645221676, -0.0595572637133165, 0.11156197706753848, -0.04053667552159372, 0.02879628769031686, -0.07950598607108471, 0.01013893676843621, -0.007635804860599277, 0.0486147698612897, 0.007580659967605445, -0.0017488077683843937, -0.025520607689049665, -0.012441646511732102]]
==============================
colrel_Sigmas
P1->P2
[[-0.09350139089331887, -0.04089761038822392, -0.09912551909303068, 0.0975963471100928, 0.07283112819363359, 0.1036537305157963, 0.013905558571908283, -0.03875672598097633, 0.014507240199935038, -0.014792044227482063, 0.002941855078009265, -0.015754436172388465, -0.004659378047206585, 0.003407596029391301, -0.004822222371545582, -0.00015312576837051822, 0.001060584184726688, -0.00014251892240709, 0.0010195150286536534, -0.000156770013616394, 0.001072788027579832]]
W2->P1
[[1.5138441176268647, -1.720806683818794, 0.5746824299236342, -0.664503692683582, 1.0999076715865381, -0.4327506996676554, -0.21384733480715082, 0.31232296900526657, -0.1039544415037648, -0.02207017223391713, 0.027954135314101472, -0.0019919685557618443, -0.007860967512275328, 0.0067548103356890165, 0.000597486641077151, -0.005318315774951972, 0.004308675153780467, -0.0009172125591506925, -0.005452390331398477, 0.004906404657116568, -0.0028758865056805437]]
W2->P2
[[0.38925381767099015, -0.37402948310280826, 0.25755192993754733, -0.10864535182032904, 0.22350351659386178, -0.26081010981388475, 0.4722487183103028, -0.44851548158430943, 0.4142095477958166, -0.32195952871688477, 0.3519020950649913, -0.3049925917947119, 0.2856592144811763, -0.28163749357667434, 0.29682150460809353, -0.24778896019625513, 0.24297681988370698, -0.23043213856094272, 0.1463199392469547, -0.13505674823904731, 0.13998307716923863]]
==============================
P2_SymmetryFactor_1
P1->P2
[[0.0, 0.0, 0.0, 0.0, 0.0, 0.0, 0.0, 0.0, 0.0, 0.0, 0.0, 0.0, 0.0, 0.0, 0.0, 0.0, 0.0, 0.0, 0.0, 0.0, 0.0]]
W2->P1
[[0.0, 0.0, 0.0, 0.0, 0.0, 0.0, 0.0, 0.0, 0.0, 0.0, 0.0, 0.0, 0.0, 0.0, 0.0, 0.0, 0.0, 0.0, 0.0, 0.0, 0.0]]
W2->P2
[[0.0, 0.0, 0.0, 0.0, 0.0, 0.0, 0.0, 0.0, 0.0, 0.0, 0.0, 0.0, 0.0, 0.0, 0.0, 0.0, 0.0, 0.0, 0.0, 0.0, 0.0]]
==============================
W3_SymmetryFactor_1
P1->P2
[[2.665200783018615e-05, -4.759859340339598e-06, 2.6899600606408643e-05, -5.51945857471712e-05, 1.0347921139610193e-05, -5.5477796236739856e-05, 5.719965827914979e-06, 9.94104742730535e-06, 6.174969303175281e-06, 1.1940405107802575e-05, -1.786890288574678e-05, 1.1347177484184864e-05, -2.5360354872842715e-05, 2.2523286815230262e-05, -2.462884167878611e-05, 2.216716056199854e-05, -1.9612078135632053e-05, 2.13515404494602e-05, -8.972213186739976e-06, 6.566220330135397e-06, -8.610090493783737e-06]]
W2->P1
[[-3.98667976938869e-08, 7.941554405761579e-08, 9.338983701249516e-09, 4.1091432301650796e-07, -4.3919923213294413e-07, 4.153219245711855e-07, 8.107251316596821e-07, -9.373256725745001e-07, 7.239489316031428e-07, 8.32077291309365e-07, -9.489595435689842e-07, 7.606178834268754e-07, 3.5146540238444184e-07, -3.441637784171574e-07, 3.977075581713709e-07, -3.0960072281385185e-07, 4.497417436347559e-07, -1.526713647983791e-07, 7.988978999894531e-07, -9.115972878192299e-07, 7.296434987159627e-07]]
W2->P2
[[0.22517131993237627, -0.1822845795910632, 0.21964338565103225, -0.42903098854786736, 0.34585432520947285, -0.41842806048449926, 0.3779033999371082, -0.2997321457523525, 0.367341105861637, -0.303698647373894, 0.2338179385245234, -0.29335012364709945, 0.21634547337392, -0.1595068450411265, 0.2062702873742299, -0.1294281190144601, 0.09015651121305882, -0.12113531927361985, 0.06027454526789473, -0.03849346368630312, 0.05431596139095607]]
==============================
B2_ImaginaryFrequency_1
P1->P2
[[0.04242076528849605, -0.034258584506814085, -0.005227507359895086, -0.05885906365865971, 0.04846561439158726, 0.005469273599429501, 0.01718980893862757, -0.015475693903844056, 0.0016087896481644386, -0.0006840753296265678, 0.0011600114302245286, -0.002257924788930211, 7.676822618114836e-05, 3.1142804643320202e-06, 0.000180175178991419, -5.3674934009739506e-05, 5.330868612048838e-05, 0.00018748467204573237, -6.134638977125987e-05, 6.108586019161929e-06, 7.225590194474879e-05]]
W2->P1
[[0.5284655721229131, -0.6442961185252472, 0.2734874345091464, -0.4919296707204659, 0.5833314817053468, -0.25886698921770784, 0.0233086967018161, -0.019001150936350686, 0.014266865837871654, 0.006893174276458836, -0.00863595938377119, 0.005042911825985407, 0.00669533227525049, -0.008180241728496799, 0.004611374522536251, 0.0047250371452450465, -0.005916633447842924, 0.003158866371487338, 0.005737767366161461, -0.007383733670622824, 0.0038130797859877467]]
W2->P2
[[0.301963452583098, -0.32521059828827464, 0.28380404687777216, -0.5560877303573278, 0.5794836861910161, -0.5097257323477257, 0.5284389765137528, -0.5607743975782153, 0.4927952441492439, -0.4663705826600771, 0.49774391495003995, -0.42711135877074585, 0.3802403993367218, -0.40026284438570303, 0.3488497592163444, -0.27575794532373743, 0.2933014836661375, -0.2506053465948835, 0.16457301202890795, -0.17260853679345836, 0.14932393891963347]]
==============================
B3_SymmetryFactor_1
P1->P2
[[-0.38695343305112556, -0.03595731756741697, -0.06415817285079559, -0.030857500723347236, 0.06631853355501019, 0.06249677171574322, 0.02420048664762012, -0.03812413740687589, 0.017083679144061913, -0.0019510809304786, 0.004016585012092449, -0.01271999438075437, 0.0006775105564499988, 0.0036146479090296774, -0.004109652115953399, 0.0015884783409170179, 0.0008785381807173117, -2.0948695362476557e-05, 0.0017324356754455988, -0.00035743635608892233, 0.0009955723155254026]]
W2->P1
[[1.4198476326751963, -1.8891367565158472, 0.6817747170896291, -0.8478515708092741, 1.1520526078689524, -0.512127387664903, -0.2610493869743124, 0.3511351352889476, -0.12397027982724083, -0.03157846006291633, 0.041660901570159066, -0.0021611477715232684, -0.010379462435103909, 0.01341070768800433, 0.002278799021529968, -0.005884829044152235, 0.007503565868754333, 0.0003920622493410411, -0.006545192062591624, 0.008363980647288854, -0.002395050090416422]]
W2->P2
[[-0.01032916715902776, -0.48250711117388, 0.28576501323833325, -0.27633717781650297, 0.22653356736242175, -0.3886413568685301, 0.5342245930214129, -0.5671444763561704, 0.4627296591306451, -0.35889001347298727, 0.35825584237067104, -0.3165214611262843, 0.27950412464762986, -0.2747100399168021, 0.27914601131635847, -0.21980930901351015, 0.22303041851785124, -0.19232247038420044, 0.11309757408258703, -0.10973040770425528, 0.10200312063433231]]
==============================
W3_Energy_1
P1->P2
[[-2.498507132276072e-08, 2.7998010920097265e-08, -2.4443378715764493e-08, 5.968521109977517e-08, -6.117674706097395e-08, 5.860168549340097e-08, -8.890183931035555e-08, 7.68271975470218e-08, -8.742834828776527e-08, 1.0388389655083587e-07, -8.242746596401666e-08, 1.0203816136358421e-07, -1.0236481752420656e-07, 8.077300972972948e-08, -1.0018203795444057e-07, 8.208940214131377e-08, -6.455877563341408e-08, 8.002115027919921e-08, -4.567596497047208e-08, 3.587519482331515e-08, -4.4248305096125006e-08]]
W2->P1
[[-5.927371467563396e-10, 7.429141079052232e-10, -4.515928737199839e-10, -1.2675344841964276e-10, 1.5886768080058872e-10, -9.657042429276863e-11, 9.137314462419423e-10, -1.145236688144684e-09, 6.961505827191413e-10, 7.23223202256833e-10, -9.064608734613846e-10, 5.510069035904934e-10, -6.261540564341845e-10, 7.847978062912259e-10, -4.770519903292471e-10, -1.8579578276255056e-09, 2.328694880626444e-09, -1.415534742019032e-09, 7.022400664675438e-10, -8.801614812996279e-10, 5.35020194455424e-10]]
W2->P2
[[0.0010657451891518332, -0.000917696092913216, 0.0011019356141282357, -0.0020422454615433776, 0.0017580594323861076, -0.002111468408357901, 0.0018954322376925163, -0.0016309399000695298, 0.001957362669575972, -0.0016504880342699361, 0.0014189154736616199, -0.0017009249984903496, 0.0013377610678226828, -0.001149366732225535, 0.0013738075979652436, -0.0009227491497292496, 0.000792305122300062, -0.0009438630620521938, 0.0005330313216395115, -0.0004576061811807009, 0.0005420778778439921]]
==============================
P1_Frequencies_1
P1->P2
[[0.04388902298732413, -5.232384736119137e-06, 3.0191247139584074e-06, 0.0792796192415295, -1.0961378355056804e-05, 1.0249879241308866e-05, 0.058205955764913005, 6.825705058587431e-06, -7.305214550678104e-06, 0.034756253787342, -2.5455611743908276e-06, 2.640733891596627e-06, 0.016588194326377596, 8.363092208832264e-07, 2.7180467180433117e-06, 0.0060836698909340434, -2.183827738343521e-06, 1.2243849599222544e-06, 0.0015678288261232718, -1.633490554417933e-06, 1.8952637685774345e-07]]
W2->P1
[[0.0, 0.0, 0.0, 0.0, 0.0, 0.0, 0.0, 0.0, 0.0, 0.0, 0.0, 0.0, 0.0, 0.0, 0.0, 0.0, 0.0, 0.0, 0.0, 0.0, 0.0]]
W2->P2
[[0.0, 0.0, 0.0, 0.0, 0.0, 0.0, 0.0, 0.0, 0.0, 0.0, 0.0, 0.0, 0.0, 0.0, 0.0, 0.0, 0.0, 0.0, 0.0, 0.0, 0.0]]
==============================
B2_SymmetryFactor_1
P1->P2
[[-0.1404492952173063, -0.005135380559541344, -0.03294872059401372, 0.13109384595745524, 0.006432649592198839, 0.03898466032420447, -0.007148081317522376, -0.00021743829298619428, -0.0027595227534946798, -0.010196812624445386, -0.0010998475785063348, -0.0028588038397840063, -0.0034112846573333758, -0.00023647322091074183, -0.000636439564799872, -0.0006143000634537837, 0.0001552535234024833, -0.00010216968519796827, 0.0002915298090890494, 0.00020481329858553507, 6.144580059369623e-05]]
W2->P1
[[-0.33851425883087793, 0.1659750819166604, -0.10089103998067077, 0.18300767768054954, -0.05389833809527936, 0.07880356223920655, 0.04688580351673861, -0.03842282167734161, 0.019055627682469975, 0.009506378198696024, -0.013495356833890063, -0.00015882588632473225, 0.0024892889133875822, -0.006470596808696157, -0.0018580613422951953, 0.0005120793600294853, -0.003045640867395622, -0.0014234672172553462, 0.0010663035727133373, -0.0033730670203183134, -0.0005469637773783641]]
W2->P2
[[0.08855731376777418, -0.01763509454442727, 0.09159807679039489, -0.05738237293102597, 0.22026661699851446, -0.08988581111947701, 0.11956328178225428, -0.06870334192178824, 0.12740739101848544, -0.08706333782030815, 0.12573958278724653, -0.10755242051985653, 0.07149612977537478, -0.08387888255559016, 0.07909648984037802, -0.054482535744362674, 0.05830367371058671, -0.061853232903891095, 0.03806113143235544, -0.04008736477975059, 0.04063327502339456]]
==============================
P2_Frequencies_1
P1->P2
[[0.0, 0.0, 0.0, 0.0, 0.0, 0.0, 0.0, 0.0, 0.0, 0.0, 0.0, 0.0, 0.0, 0.0, 0.0, 0.0, 0.0, 0.0, 0.0, 0.0, 0.0]]
W2->P1
[[0.0, 0.0, 0.0, 0.0, 0.0, 0.0, 0.0, 0.0, 0.0, 0.0, 0.0, 0.0, 0.0, 0.0, 0.0, 0.0, 0.0, 0.0, 0.0, 0.0, 0.0]]
W2->P2
[[0.0, 0.0, 0.0, 0.0, 0.0, 0.0, 0.0, 0.0, 0.0, 0.0, 0.0, 0.0, 0.0, 0.0, 0.0, 0.0, 0.0, 0.0, 0.0, 0.0, 0.0]]
==============================
B1_Frequencies_1
P1->P2
[[-0.0006211346758162189, 3.1705096419688817e-06, -3.106507061764857e-06, -0.001212489977558215, -1.594504664376252e-05, 1.3415664508818545e-05, -0.0010821625902096123, 2.0835271836751672e-05, -1.6909966496888937e-05, -0.00088338707321217, -5.721234905424605e-06, 6.553823058747479e-06, -0.0006830962259370608, 1.415820645243669e-05, -1.1139032606901269e-05, -0.0003887637296560847, -4.62971924450106e-06, 3.6928949017460567e-06, -0.0003610326636751943, 2.073752233614943e-05, -1.9083981349895484e-05]]
W2->P1
[[-1.0866401591124428e-06, 6.086138836278582e-07, -6.662006507204771e-07, -2.421071416411986e-06, 1.2366867076958722e-06, -1.539060115482831e-06, -2.139445155527967e-06, 8.714704631747978e-07, -1.3775207738136887e-06, -3.2046225274914984e-06, 1.998627573383669e-06, -2.2588280172806387e-06, -4.37019741798431e-06, 3.5091168388898863e-06, -3.217589805703674e-06, -3.7315507755926336e-06, 3.409032635182036e-06, -2.7912120254893707e-06, -3.7332259652712125e-06, 3.021601673978712e-06, -2.823502298887067e-06]]
W2->P2
[[0.25421913480572145, -0.31134354407111786, 0.23718699685355463, -0.484408679823976, 0.5942110041750389, -0.4518127371235276, 0.4423128920645007, -0.5460417191025783, 0.41124407794915496, -0.377206588291715, 0.4699009476323945, -0.34886069546978954, 0.3016101717651468, -0.37914815644636296, 0.2766254005073162, -0.20709428532881688, 0.2621217259183343, -0.18825982824656048, 0.12156215437589434, -0.15417112413385134, 0.10924873545287407]]
==============================
W1_SymmetryFactor_1
P1->P2
[[-1.8290665348151993e-05, 1.627027188789929e-05, -1.5876204611863465e-05, 3.263097792769304e-05, -2.7653440291252917e-05, 2.904138587477427e-05, -2.6789845574141156e-05, 1.9712763643139368e-05, -2.565519814761771e-05, 2.5214736958973365e-05, -1.7790261457458488e-05, 2.524470184204516e-05, -2.3417395267035346e-05, 1.6974185501175032e-05, -2.361139340650703e-05, 1.56236391369766e-05, -1.0590962358610206e-05, 1.613676146273304e-05, -4.775315671725052e-06, 8.813129454677785e-07, -5.864367124333594e-06]]
W2->P1
[[-0.00026941475562076045, 0.000333523791537531, -0.0002047997227709701, 0.0003672371194969929, -0.0004545891334467123, 0.00027990330664269476, -0.00010671826623282447, 0.00012412667986653756, -8.53304373610002e-05, -1.7612401426855153e-05, 2.3349266469670608e-05, -1.265039078634053e-05, 1.4011649457841188e-05, -1.8899758990265575e-05, 1.0564844923790364e-05, -9.349290867769677e-06, 8.675188613116857e-06, -8.625443147871686e-06, 2.568123446606722e-05, -3.166683646938525e-05, 1.983904286107649e-05]]
W2->P2
[[0.20767483276300572, -0.20919234082767466, 0.19399470298855467, -0.3961420820490815, 0.39866315273575853, -0.36971472889909257, 0.3613631059828646, -0.36245656024291634, 0.33463689114758804, -0.3069954081670746, 0.3065652613968944, -0.28063304151391344, 0.24269656323762162, -0.24138013741318104, 0.21739792115081716, -0.16416124293503512, 0.16282792313013433, -0.14383626673895653, 0.09401841634144298, -0.09324467614833058, 0.08001846735486351]]
==============================
colrel_PowerOne
P1->P2
[[0.017332694539966553, 0.0227759741692507, 0.018348340262242524, -0.061610983373089345, -0.03484381203500725, -0.06471977673035534, 0.049423396401332975, 0.023636806746405347, 0.05186293153089279, 0.007656331559060814, -0.014876501394788383, 0.00789980305835429, -0.009566425344303409, 0.0005546542034922091, -0.010090270693789483, -0.004554175650867548, 0.002123768074670278, -0.004707423916507165, -0.00032515210249651344, 0.0010695464550410354, -0.00030432467833176003]]
W2->P1
[[0.9392902126682845, -0.7224763217770214, 0.27030689576729383, 2.750420845220063, -2.699106453408895, 1.0408415170536855, 0.08055870654019068, 0.3807854866206717, -0.15466274213776832, -0.11008800286436499, 0.34249826891024027, -0.1287746138481806, -0.032784799237901216, 0.12002136291512963, -0.03946359430528097, -0.015306197025416898, 0.047994543367262735, -0.014572495525230636, -0.011816165505300243, 0.02436097564588494, -0.007076055133621065]]
W2->P2
[[0.8323498013486175, -0.6394152006804132, 0.5377560212009693, 0.026090992979721506, 0.21073356293505596, -0.434146612046199, 1.1637375100991898, -0.8785236300363863, 0.8680544315805568, -0.42954671754566787, 0.5292517507978601, -0.49744989757666563, 0.531557274501885, -0.4102521929477988, 0.5140271111371859, -0.3813623050851156, 0.3884007862647063, -0.3457751526763437, 0.1802807645306836, -0.1412119256079864, 0.18806744128614192]]
==============================
colrel_FactorOne
P1->P2
[[-0.1439236971550586, -0.08367561023353215, -0.15117221287853524, 0.14746569539292478, 0.13784455364090584, 0.15520640079790904, 0.024769657918952095, -0.06233385600364289, 0.025790073942764752, -0.02261277118664624, 0.0019815309805030503, -0.02408348485490851, -0.007732022061372848, 0.005041335121153812, -0.007917688816408343, -0.0005112961117611258, 0.0018585990559550996, -0.0004689891812077729, 0.001530856382809997, -4.5793723388801985e-05, 0.0016145465973944342]]
W2->P1
[[3.1877396430839084, -3.6992708846359754, 1.4408718796391238, -1.0049592480487979, 1.741021895901328, -0.7001933266759961, -0.4370748546412597, 0.6529011556615115, -0.25301391697996234, -0.060561339467255705, 0.09065705253464344, -0.027470416864047064, -0.02180130810782421, 0.02697006538779087, -0.00629750978855679, -0.012798957001143306, 0.013156367571935374, -0.0035900778449823637, -0.010661576365032203, 0.008698181378834269, -0.0033162685263332646]]
W2->P2
[[0.6282892265165703, -0.5858288642758083, 0.387882410557278, -0.1478170120495159, 0.3811853788978601, -0.3784357799947631, 0.6959961229769046, -0.6453204501222711, 0.5684520749089431, -0.44013313645106716, 0.5306859011388367, -0.38216316988070115, 0.302264793563962, -0.3203884597565184, 0.3105612597184129, -0.28185169462634857, 0.3083002525326896, -0.23619538447674895, 0.12426349799400846, -0.13060968677309953, 0.11424945665201641]]
==============================
P2_Energy_1
P1->P2
[[0.0, 0.0, 0.0, 0.0, 0.0, 0.0, 0.0, 0.0, 0.0, 0.0, 0.0, 0.0, 0.0, 0.0, 0.0, 0.0, 0.0, 0.0, 0.0, 0.0, 0.0]]
W2->P1
[[0.0, 0.0, 0.0, 0.0, 0.0, 0.0, 0.0, 0.0, 0.0, 0.0, 0.0, 0.0, 0.0, 0.0, 0.0, 0.0, 0.0, 0.0, 0.0, 0.0, 0.0]]
W2->P2
[[0.0, 0.0, 0.0, 0.0, 0.0, 0.0, 0.0, 0.0, 0.0, 0.0, 0.0, 0.0, 0.0, 0.0, 0.0, 0.0, 0.0, 0.0, 0.0, 0.0, 0.0]]
==============================
B3_ImaginaryFrequency_1
P1->P2
[[0.5527858265781199, 0.21792649151878973, 0.1351597285371382, -0.3816320669524891, -0.2851449814451233, -0.14645449583834036, -0.17128795445375186, 0.06591772829412597, -0.020751997503004854, 0.006121472955361415, -0.0013014376828288314, 0.03423361349566673, 0.01264368594579838, 0.002026938576089593, 0.0021720947973820712, 0.00725758500098144, 0.001740460099076732, -0.0034635581239168753, 0.004142492457731047, -0.00014543294296243893, -0.001650819853122157]]
W2->P1
[[-7.261296829119467, 9.777128815160994, -3.707372197238155, 3.5554610441159373, -4.780532710289977, 2.162650245883097, 1.8478483892572855, -2.482900653851819, 0.969344452644341, 0.3055474531836187, -0.4120071950650569, 0.10328811360413544, 0.04043327120876688, -0.05708757413564767, -0.021021872800944072, 0.020969341752832077, -0.029514806941506253, -0.00955348854169055, 0.04540697248858457, -0.06060129181232105, 0.019401039245073446]]
W2->P2
[[2.5588384342867903, 0.003087611788884876, 0.08696740622381809, -2.1589436345991957, 1.2109752522315378, -1.0041250861363207, -0.6692366177614129, 0.2525517958751224, 0.15731771307082212, -0.7121615617071245, 0.8556622278338275, -0.6952745809054316, 0.6675426718833054, -0.49599506470443105, 0.38571093043116295, -0.060043928060757056, -0.03871027329371671, -0.21263140863990979, 0.20189795039540057, -0.31650684014552516, 0.23391789066129806]]
==============================
W3_Frequencies_1
P1->P2
[[0.00016469575071028625, -6.932233298181405e-05, 0.00016463503448945467, -0.0003491888452109347, 0.00014714086082463963, -0.00034724240825944903, 0.00012737027460275695, -4.6723033658122045e-05, 0.00012765709086044543, -7.688100530959395e-05, 2.927239533055641e-05, -7.595277473398476e-05, -3.554288019138478e-05, 2.9748739516940984e-05, -3.4080035346022596e-05, -1.0709454859438377e-06, -2.0830228610574403e-06, -1.3564807169996232e-06, -1.7614126536260878e-05, 1.3433959578477453e-05, -1.6327040595427723e-05]]
W2->P1
[[-1.912738446227903e-06, 1.8504936389497148e-06, -1.6891933686982155e-06, -3.527044194698661e-06, 3.2525193213094117e-06, -3.1712451059661332e-06, -2.769034754984142e-06, 2.371351685780165e-06, -2.5586484034725405e-06, -2.9041620096328478e-06, 2.5731018751078037e-06, -2.633062874441828e-06, -3.3512527688138566e-06, 3.2745182335747243e-06, -2.905090744430192e-06, -3.003885838978264e-06, 3.179788440288898e-06, -2.510277084823945e-06, -1.7976828264223951e-06, 1.6431415877970283e-06, -1.5784330633745916e-06]]
W2->P2
[[0.2722751123741454, -0.2596798324786078, 0.26504443291295043, -0.5226862941403164, 0.4968938382538752, -0.5086846958969886, 0.47231256993795806, -0.45072573923774495, 0.4584459869533737, -0.4012501462541062, 0.3818589536487111, -0.3878316482507327, 0.31013187211943627, -0.29663960078735135, 0.29761275502930323, -0.20696008574400654, 0.19748972208112733, -0.1970537480791412, 0.11310038723552407, -0.10862955555536688, 0.10638903989308458]]
==============================
P1_SymmetryFactor_1
P1->P2
[[0.43428621469101336, 5.925087221851204e-06, -8.11243521285025e-06, 9.773703193676503e-06, -8.427350622299377e-06, 7.624585462382933e-06, -1.4041194689035343e-05, 1.162409120586613e-05, -1.3152251046920242e-05, -1.3138490192949062e-06, 3.7688059585817118e-06, -2.2337191263363365e-06, -1.1444243559945672e-05, 1.1028196411031453e-05, -9.284765484740038e-06, -2.228886083259415e-06, 6.240691556548032e-06, -1.1117084083798664e-06, 3.16710274526005e-06, -5.0929511135096676e-06, 1.2574355515500375e-06]]
W2->P1
[[0.0, 0.0, 0.0, 0.0, 0.0, 0.0, 0.0, 0.0, 0.0, 0.0, 0.0, 0.0, 0.0, 0.0, 0.0, 0.0, 0.0, 0.0, 0.0, 0.0, 0.0]]
W2->P2
[[0.0, 0.0, 0.0, 0.0, 0.0, 0.0, 0.0, 0.0, 0.0, 0.0, 0.0, 0.0, 0.0, 0.0, 0.0, 0.0, 0.0, 0.0, 0.0, 0.0, 0.0]]
==============================
colrel_Epsilons
P1->P2
[[-0.009872782964186333, -0.004106416378118159, -0.010452951833019284, 0.011626495765169172, 0.0074284132903616315, 0.012322086238906063, -0.0004870921364209527, -0.004392985822030565, -0.0005355482907792972, -0.0012425032769460115, 0.0008700434563432974, -0.0013198168178528372, -9.460710186923733e-05, 0.00021019447376494421, -8.707294540950465e-05, 2.1334454592798778e-05, -1.1215607201975095e-05, 1.8916409163916805e-05, 1.0973809982211148e-05, 1.4023917162854715e-05, 1.2665805087469833e-05]]
W2->P1
[[0.14495956503473653, -0.16866399984690686, 0.056602110391492655, -0.09661641733577604, 0.14169453453954242, -0.053317894610854885, -0.0012006934804455719, 0.003754706790322911, -0.0005312406905487072, 0.00038932124635889876, 6.126752541859385e-05, 0.0004272285345447733, -0.0027272106492608867, 0.003281400661457543, -0.0009360441147333793, -0.0008386112056641888, 0.0007426444725594137, -0.00018243451209764495, -7.362689612688276e-05, -7.394099434611852e-05, -5.832001978018056e-05]]
W2->P2
[[0.3269458255946257, -0.3239695861455724, 0.3027202197233139, -0.5777032430774508, 0.5819797551320702, -0.5619094974283939, 0.5643099444693557, -0.5542953836975716, 0.5348359879797452, -0.48706869191020935, 0.47616281111662234, -0.4634590851586388, 0.40412229500849306, -0.38611742037853974, 0.38592810106195435, -0.28894730805456054, 0.27126865558530056, -0.2739050945142802, 0.17441183114928469, -0.1593982040858081, 0.16547172460530457]]
==============================
W1_Energy_1
P1->P2
[[-1.7083642410822284e-07, 1.8491116991947908e-07, -1.4526645263389825e-07, 2.8537406556824327e-07, -2.9861107973563e-07, 2.496761995041189e-07, -1.8932151904801873e-07, 1.758662472567238e-07, -1.802637933297696e-07, 1.5269531596911992e-07, -1.3219928238209343e-07, 1.523378218707215e-07, -1.5643272894924722e-07, 1.4415388444494875e-07, -1.5150850643149448e-07, 1.181687394663353e-07, -1.1121647193158462e-07, 1.128923773624681e-07, -4.382729854737151e-08, 3.454809384342441e-08, -4.523472117181568e-08]]
W2->P1
[[-2.5240310798432646e-06, 3.1718248962232313e-06, -1.8922710091256479e-06, 3.814892654410775e-06, -4.79751593264216e-06, 2.8613625391208877e-06, -1.3451206482428952e-06, 1.6733415277145848e-06, -1.0175116325678728e-06, 1.319793212779738e-07, -1.6859068353449435e-07, 9.644436829465437e-08, -5.815940850697203e-08, 7.846413095271047e-08, -3.902816838463625e-08, -2.030359712227874e-09, -1.4059079073837567e-08, -1.0075048388295576e-08, 8.89931301212894e-08, -1.0978536375859971e-07, 6.807739355752364e-08]]
W2->P2
[[0.001544736548358193, -0.0014935199173190235, 0.0014892820500510139, -0.0029654420417647726, 0.002865915492649841, -0.0028587945408161163, 0.002779670292300688, -0.0026807235019838584, 0.002677009534855695, -0.0024543549288630986, 0.002359967047092743, -0.002359828471797734, 0.0020205901436699545, -0.0019360319383798612, 0.001937596019197258, -0.0014114317495122141, 0.0013481594204609456, -0.001349586006684727, 0.0008206335026959393, -0.0007813690498280077, 0.0007814429955013793]]
==============================
B3_Energy_1
P1->P2
[[-0.0007320727636306149, -0.00017114364684941546, -0.0001262132027876893, 0.0002924365014650975, 0.00024583633305429636, 0.0001346343712231881, 0.00021014536086532486, -8.046348486011823e-05, 2.310289942157659e-05, 3.808530622229367e-05, -3.700136711995437e-06, -2.9933314014497537e-05, 1.8035675898353215e-06, 1.688126007084332e-05, -8.91727723100934e-06, 2.948715763595882e-06, -1.0096481450887229e-05, 6.528115404770889e-06, -3.4379318873982074e-06, 4.809452977263666e-06, 5.416829443364941e-07]]
W2->P1
[[0.004650481047292484, -0.006215050429213026, 0.00229978600693427, -0.002556385429409947, 0.003459529983528835, -0.0015326728425523954, -0.000939576450016705, 0.001263628239657549, -0.00045382343421813276, 0.00010187367168778268, -0.00012890202504683857, 0.00013584120728032514, -7.33665276237043e-05, 0.00010170175475743454, -6.7924830602275035e-06, 0.00014516590148391437, -0.0001888300077897992, 0.00011324870205095826, -1.8746102699632577e-05, 2.868153397314407e-05, 3.0413181302403337e-06]]
W2->P2
[[-0.0003267308493917962, -0.0012439771708252752, 0.0007193602570810862, -0.00035512787445598625, 0.0003767045516440391, -0.0007132832803503672, 0.001438051784287334, -0.0013577346009219224, 0.0010828280705290237, -0.0009374485890232217, 0.0008648831156966816, -0.0006996535831347258, 0.0006417286229318206, -0.0004999871705993977, 0.0005598172837005522, -0.0006273835273043746, 0.000556872120964538, -0.00044323707184096305, 0.00023900515259002436, -0.0001413779137982408, 0.00015639612629119479]]
==============================
B2_Energy_1
P1->P2
[[-0.0009638568711917823, 0.00011843953450900491, 0.00010684861373385724, 0.0011911824212908792, -0.00017419097702213118, -0.00011711649875446025, -0.0001990586514373329, 6.876175355143593e-05, -1.7408896901093254e-05, -3.752804823480846e-05, -1.2292825822549021e-05, 2.9693799714084242e-05, -8.783646591205017e-06, -3.951788085894901e-07, 2.090465196965269e-06, 5.277893588450054e-07, -2.804970787344278e-06, -2.2508880456247678e-06, 1.161720271382672e-06, 4.860466007566467e-06, -3.1262900931657554e-06]]
W2->P1
[[-0.005587842423219933, 0.005382899751056667, -0.001957997684543654, 0.0037969834954295592, -0.0031198346021314165, 0.0013960698498121224, 0.0007475572407829408, -0.0010364845709912734, 0.0003575958838877444, 4.3006269886646365e-05, -9.572847364487686e-05, -2.269892922337935e-05, -5.7810211342256016e-05, 4.5239747876795864e-05, -6.486131240338405e-05, 3.784541029041078e-05, -6.916334044999472e-05, 9.408910779812829e-06, -4.196319966767887e-05, 4.060294274306578e-05, -3.927172809674102e-05]]
W2->P2
[[-0.00019719737245191848, 0.00013936302215889818, 0.00035573490997335667, -0.00010375277871316858, 0.0014444328460779259, -0.0011660492516402253, 0.00048132951299523284, -0.00038721539690834663, 0.0007629617234531869, -0.0008555104610374071, 0.0006826128083904097, -0.0009005083847153249, 0.0007958221653549311, -0.0006234711383570574, 0.0007320313908012214, -0.0004851584461001956, 0.000264554995715218, -0.00047729162567818414, 0.0003856905556509548, -0.0002764501729729581, 0.00036969211060618054]]
==============================
W2_SymmetryFactor_1
P1->P2
[[0.09943886627194423, 0.02922983747816435, 0.10507959295247421, -0.10596324190028128, -0.05794556494532727, -0.11215718733143154, -0.01184433255431179, 0.036732312682806786, -0.012266934322190512, 0.015607945553122733, -0.004454822701133258, 0.01650826767416134, 0.004390885447994213, -0.0033266856341877035, 0.004546957886925574, 3.96162043211481e-05, -0.0009384527759113574, 2.776459841414471e-05, -0.0010784100706950845, 0.0002577664012266724, -0.0011316334237997361]]
W2->P1
[[-1.0985465111487995, 1.7448109014504583, -0.5701519050192199, 0.6915258144158588, -1.1354685682291163, 0.4435689547840501, 0.21706904069879684, -0.31639603350610346, 0.10313093596995473, 0.02012762761828055, -0.025448609174153963, -1.2358228834821393e-05, 0.006845213983858629, -0.00546723859059185, -0.0015480530576762986, 0.004954354023608911, -0.0038658287797715737, 0.0005580631982506804, 0.005654534688543521, -0.005178828169948137, 0.0030066256891720933]]
W2->P2
[[0.46068416180574073, -0.020436244461332208, 0.16474793571282353, -0.6838506939073731, 0.5309532464880578, -0.5390841096391896, 0.27938229604886783, -0.253755028873676, 0.3464404683375429, -0.35564602438949744, 0.2733140133062365, -0.37865335639450154, 0.282809700366181, -0.22767502601012257, 0.2749350153074658, -0.1613141593345285, 0.11547934357976747, -0.17984120797026554, 0.1032706134690167, -0.07756029209886893, 0.10864814229901479]]
==============================
P1_Energy_1
P1->P2
[[0.0016662655680401764, -6.5043094695473285e-09, -2.009295499223615e-09, -0.0014579614897888055, -8.503553420527115e-09, 1.6163683175451116e-08, 2.960032522904148e-08, -3.980710740031983e-08, 2.0938157862894843e-08, -2.635277342714317e-08, 3.680020684985953e-08, -2.4085418878689802e-08, 1.6918079625456363e-08, -1.7790060264615404e-08, 1.625813925435241e-08, 9.282059219575983e-10, 7.561444540317574e-10, -9.919826120466665e-10, 1.7918199889984373e-08, -2.6683125011112726e-08, 1.233266546277225e-08]]
W2->P1
[[0.0, 0.0, 0.0, 0.0, 0.0, 0.0, 0.0, 0.0, 0.0, 0.0, 0.0, 0.0, 0.0, 0.0, 0.0, 0.0, 0.0, 0.0, 0.0, 0.0, 0.0]]
W2->P2
[[0.0, 0.0, 0.0, 0.0, 0.0, 0.0, 0.0, 0.0, 0.0, 0.0, 0.0, 0.0, 0.0, 0.0, 0.0, 0.0, 0.0, 0.0, 0.0, 0.0, 0.0]]
