==============================
B1_Frequencies_1
P1->P2
[[-0.47144675510978706, -0.5841846996893101, -0.24331138489079798, -0.09327123572748007, -0.038632438622632985, -0.016608096162358175, -0.006488792961551231, -0.002441024788596002]]
==============================
B1_Energy_1
P1->P2
[[-0.0016662697569117912, 0.0014579842244599405, -3.341296604335115e-09, -1.053545825125858e-08, 1.0362697502993879e-08, -5.255353928683243e-09, 3.3272412153712808e-09, 1.1351062975945194e-09]]
==============================
P2_Energy_1
P1->P2
[[0.0, 0.0, 0.0, 0.0, 0.0, 0.0, 0.0, 0.0]]
==============================
P2_Frequencies_1
P1->P2
[[0.0, 0.0, 0.0, 0.0, 0.0, 0.0, 0.0, 0.0]]
==============================
P1_SymmetryFactor_1
P1->P2
[[0.43429717584528577, 1.838166461498866e-06, 6.965896124098153e-07, -5.064462603289991e-06, -1.014164839472293e-06, 5.865545380345162e-07, -3.944144853370233e-06, 3.380728032554231e-06]]
==============================
P1_Frequencies_1
P1->P2
[[0.020063903505687354, 0.037751137909841054, 0.0322504361199988, 0.02427694440992849, 0.016423384985335177, 0.009648777134634627, 0.004648903435717049, 0.002220068081962487]]
==============================
B1_ImaginaryFrequency_1
P1->P2
[[1.1483680140723587, -1.3852391168563094, 0.1909748528978175, 0.07251289668143529, -0.013085034007095465, -0.0033704599465529134, 0.00241945675005768, -3.1390150108733416e-05]]
==============================
P2_SymmetryFactor_1
P1->P2
[[0.0, 0.0, 0.0, 0.0, 0.0, 0.0, 0.0, 0.0]]
==============================
B1_SymmetryFactor_1
P1->P2
[[-0.43429374179178404, 2.8758910386009184e-06, 2.701350262549946e-06, -1.459083294721585e-06, 2.6463687576769426e-06, 1.584121213794465e-06, -2.1704353438570313e-06, 2.7854070788249577e-06]]
==============================
P1_Energy_1
P1->P2
[[0.0016662604815234575, -0.0014579562148498673, -1.1107218423745344e-09, -9.47116617977858e-09, 1.8434070215300658e-08, -3.8560218210077996e-09, 8.990396237738789e-09, 1.8092020021023606e-08]]
