==============================
B1_Frequencies_1
P7->R
[[-0.6827103264607949, -1.1471405858553594, -0.7109307469364802, -0.34599433163258797, -0.14204822896529218, -0.052241035759290295, -0.017367838862908082, -0.005399119001421566]]
==============================
B1_Energy_1
P7->R
[[-0.0016662695081974047, 0.0014579891750980379, -4.383842154267821e-09, -7.649386466654816e-10, 1.1606307007798824e-08, -6.391429094576875e-09, -1.5510996401168788e-09, -6.424701836646415e-09]]
==============================
P7_Frequencies_1
P7->R
[[0.4931589331599317, 0.8515449137475796, 0.5566824795022267, 0.2827955465856739, 0.11423362353512596, 0.037088786791542414, 0.009562972178987203, 0.001661132940350096]]
==============================
R_Energy_1
P7->R
[[0.0, 0.0, 0.0, 0.0, 0.0, 0.0, 0.0, 0.0]]
==============================
R_SymmetryFactor_1
P7->R
[[0.0, 0.0, 0.0, 0.0, 0.0, 0.0, 0.0, 0.0]]
==============================
P7_SymmetryFactor_1
P7->R
[[0.434295414270869, -2.226018260927941e-06, 8.646670549997142e-07, -7.97457961840412e-07, -3.1416581950386013e-07, -7.85351503701899e-07, 1.045538903198211e-06, 9.332022271439417e-08]]
==============================
B1_ImaginaryFrequency_1
P7->R
[[0.12895347905655197, -0.16805020328437797, 0.04139996833277936, -0.0019607200440029233, 0.0003454471151321797, -1.936731079008029e-05, 1.9869931311564325e-06, -1.015918174654738e-06]]
==============================
P7_Energy_1
P7->R
[[0.0016662579141574199, -0.0014579864588823714, 4.535923094544769e-09, -2.103238850297154e-09, 7.661543883166346e-09, -5.133951532532842e-09, 4.28255002861182e-09, -4.704065350249317e-09]]
==============================
R_Frequencies_1
P7->R
[[0.0, 0.0, 0.0, 0.0, 0.0, 0.0, 0.0, 0.0]]
==============================
B1_SymmetryFactor_1
P7->R
[[-0.4342956864066765, -1.5780449148103112e-06, -1.6629094759901412e-06, -1.1679312075937806e-06, 4.1823459459805057e-07, 1.307170038917986e-07, -6.071105724058786e-07, -9.160350692646553e-09]]
