==============================
W1_Energy_1
W1->P3
[[0.0014016528023498293, -0.0014232391447591862, -0.0002733091034743852, 4.5514961085141875e-05]]
W1->P2
[[0.0014878730885943114, -0.0015218442902197931, -3.7523535093556866e-05, 1.0784155287482392e-05]]
W1->P1
[[0.0016469127835324856, -0.0015427406023686475, -1.713090405558748e-05, -2.645354033456928e-05]]
P1->P2
[[4.191818933318896e-05, -4.121013723040625e-05, -1.3477589500762254e-05, 1.4101295106451817e-05]]
P1->P3
[[0.00014719574844484958, -0.00021800688653182213, 7.59845405783878e-05, 3.0320746846176024e-06]]
P2->P3
[[7.593108139705305e-05, -0.00012093523146448046, 5.795569156325347e-05, -1.305464602946131e-05]]
