==============================
B1_Frequencies_1
W1->P0
[[-0.00010704851361238, -0.0005175054917377162, -5.117826704820923e-05, -6.135944524308072e-05, 0.00019142870911418466, 0.00012682588534208928, 0.00015411723752268363, -3.717000496969037e-06, 1.4837726878784104e-05, 7.472582104105672e-05, 3.823987570608873e-06, 9.30756168360738e-06, -1.0241957546141203e-05, 5.582121822326947e-06, -9.890479359586852e-06, 7.028282400954433e-07, -1.0256219467359807e-06, -7.95346315287873e-06, -6.545534203898201e-07, -6.363563705642895e-07, 2.199265001908383e-06, -1.1115461675332915e-05, 2.7165534545648603e-06, -1.9224924423097897e-06, -3.3944961206710243e-06, 2.3891834541029406e-06, -2.809288490679754e-06, 4.1222570771865946e-07, 3.2739804044484175e-06, -6.3732008080709075e-06, 2.8736639267323654e-06, -1.1805879857964512e-06, -8.144735799577553e-06, 1.3785724113236258e-05, -7.066304169503706e-06, 2.010553914470166e-06, 2.1102391596539005e-06, -2.738611955212846e-06, 1.5353846691795533e-06, -3.3105626370434384e-07, -5.031022251148962e-06, 8.482393900200317e-06, -4.322786994160427e-06, 1.2504497119700053e-06, 4.592171862935631e-06, -7.3330051330962244e-06, 3.881024406756687e-06, -1.05728234769221e-06, -8.665789859556434e-06, 1.4262295607987192e-05, -7.6060530253060415e-06, 2.3136482298697683e-06, 7.987550137560911e-06, -1.328147630467749e-05, 6.9570770873963736e-06, -2.101521808529458e-06, -8.194175538827413e-06, 1.3622087784450784e-05, -7.33929614242692e-06, 2.238417002090704e-06]]
==============================
B1_Energy_1
W1->P0
[[-0.001542996549391876, -4.004899303307634e-05, 6.4062513911553335e-06, -2.50537120403815e-06, 0.0014147886140670808, 5.898090640780139e-05, -1.737481545675302e-05, 5.030540655628573e-06, -4.719257563728719e-05, 4.6151100635797075e-06, 2.5603060221273924e-06, 4.094025454498855e-08, -4.5773320938018705e-05, -1.1435826312471294e-06, 3.7228872390630014e-06, -1.002148533020358e-06, -3.22823937899149e-05, 4.720473204661507e-06, -1.2550628342591096e-06, 2.6358926201161077e-07, -2.759143194696534e-05, 4.276976497666699e-06, -1.2878696489879583e-06, 2.8646157706157267e-07, -1.7804488276841876e-05, 3.746458901440309e-06, -1.5758001575342396e-06, 4.443579831427637e-07, -1.3085692352396166e-05, 1.7955951978965228e-06, -3.5836519844840765e-07, 5.300105914317144e-08, -1.3584066075087605e-05, 2.5851474528346512e-06, -3.9910488720158395e-07, 1.0000019539298779e-07, -8.739501183331624e-06, 2.1525059073489556e-06, -3.981362489845195e-07, 8.321871416962422e-08, -1.4493973330305658e-05, 3.545685204110582e-06, -6.172746499594579e-07, 1.942591636151963e-07, -6.563958249226379e-06, 2.2644363187023408e-06, -7.283730515032769e-07, 2.0613774903091853e-07, -1.2000197604609593e-05, 2.137275380016282e-06, -2.29184288874476e-07, 1.0748031022440493e-07, -3.5043899250132248e-06, 2.345737401107337e-06, -1.004990124135577e-06, 2.460711783683403e-07, -6.580827086688571e-06, 5.344794211824829e-07, 2.7290692785480294e-07, -9.139399540232666e-08]]
==============================
W1_Frequencies_1
W1->P0
[[-0.4756490091334031, 0.081553650783981, -0.016250685706127466, 0.010867876682305306, 0.0352551835827779, -0.06031450094594313, 0.001575355987380357, -0.00157983211346454, 0.14109302287888, -0.02369359482945983, 0.01983607251090355, -0.008266243401120624, 0.04284833881167919, 0.009745962819585454, -0.0007680694362389834, -0.0003800505367371667, -0.0015183116681676673, 0.011525785690711136, -0.004674749933373687, 0.0013938460688641822, -0.010482634158139659, 0.006404014395262986, -0.0033050998971952145, 0.00118400692633506, -0.007533209198710668, 0.001998787685543962, -0.0015080182361992534, 0.0005647471180396491, -0.0031055318555527527, 0.00048724811206824506, -0.0008664727955432751, 0.00028010768475123155, -0.0009480744584080672, 0.0012732289343911614, -0.0011614725014387674, 0.0003261634485601046, 0.00045086112639436236, 0.00041918314885594076, -0.0004178176552827541, 9.801878729432169e-05, -0.0006116903204669729, 0.002572686992979123, -0.0015247414859758434, 0.0004634154524919911, 0.00026036337921885814, 0.00019681413205948392, -8.209134787708651e-05, -5.846311846954027e-06, -0.0011873301668554252, 0.00257697232660342, -0.001530707825935161, 0.0004886745773752828, 6.7421282929541e-05, -0.00010724153846135051, 4.999382905736457e-05, -2.6601893307740613e-05, -0.0003729715882389993, 0.0009926853762038336, -0.000659226048431419, 0.00022839688026890398]]
==============================
P0_SymmetryFactor_1
W1->P0
[[0.0, 0.0, 0.0, 0.0, 0.0, 0.0, 0.0, 0.0, 0.0, 0.0, 0.0, 0.0, 0.0, 0.0, 0.0, 0.0, 0.0, 0.0, 0.0, 0.0, 0.0, 0.0, 0.0, 0.0, 0.0, 0.0, 0.0, 0.0, 0.0, 0.0, 0.0, 0.0, 0.0, 0.0, 0.0, 0.0, 0.0, 0.0, 0.0, 0.0, 0.0, 0.0, 0.0, 0.0, 0.0, 0.0, 0.0, 0.0, 0.0, 0.0, 0.0, 0.0, 0.0, 0.0, 0.0, 0.0, 0.0, 0.0, 0.0, 0.0]]
==============================
B1_ImaginaryFrequency_1
W1->P0
[[0.9486883348832456, 0.05756728936777176, -0.14308158623544848, 0.010148233835754049, -0.9096004798356441, -0.09700253652984055, 0.11996600195588013, -0.007526959333458642, 0.03292071262689788, 0.023622599956766317, 0.009341939766486888, -5.835763957357284e-05, 0.01751950936434854, 0.0019078193686187805, -0.00542770800369448, 6.089730859939573e-05, 0.010207706679588284, 0.0007744997019802001, -0.002887317563402065, 0.0005073076465414788, 0.005192833306342916, 1.1967166987110092e-05, -0.00107892808948366, 0.0001618931353710855, 0.0013886039929797433, 0.0002688873616750082, -0.0003371395459886039, 2.6814373504249808e-05, -5.4449172137717905e-05, -0.0001865819481258988, 0.0002620542865195106, -8.25468896020814e-05, -0.0010018361202777215, 0.0006429050456405318, -0.0001855539009773073, 0.00010823235621612322, -0.000175267565003121, -0.00047606286360569696, 0.00032106772272263664, -6.881640042728055e-05, -0.00032828276554048647, 0.00027851538788689167, -0.0002103871374437074, 0.00012026426454338478, 0.00035811935381246224, -0.0005635171433472562, 0.0002557898509655111, -8.743698535859769e-05, -0.00020652677367569093, 0.0005102609539456789, -0.0003543659002937084, 0.00015295381023735193, 9.424108884288271e-05, -5.443524461941569e-05, 1.4664242383335324e-05, -2.0069290960460566e-05, -0.0001906120145383037, 0.0003999985465871959, -0.0002324072473351125, 9.451737706068736e-05]]
==============================
W1_SymmetryFactor_1
W1->P0
[[0.10613794235849602, 0.055588640930276684, -0.006267952367150161, 0.0025539451031254597, -0.09939288321552443, -0.042067654470855004, 0.002276124933861059, -0.0003845603171053117, 0.001465626758790615, -0.005138768946104239, 0.0016701678032346168, -0.0009523017167342812, 0.0009955731550355096, 0.002916419188638503, -0.0011156799574033203, 0.00030951305912471454, 0.0013591891702830954, 0.00045306835092717474, -7.13657208461717e-05, 2.8603611755239213e-05, 0.00015172990352845065, 0.0012754926674255352, -0.0005089807588241972, 0.0001823119577158345, 0.00011662439779089869, 0.0003653791273401477, -0.00010470265095895808, 5.704108622452971e-05, -0.00013515584712285857, 0.00025039552921115183, -9.939489910912972e-05, 4.4427026778333755e-05, -0.0006393775796929255, 0.0009245361452968457, -0.0004949992290192314, 0.00016087100836450634, 0.000297843753435599, -0.0006376086180139049, 0.00030974217150591657, -9.030667253449324e-05, -0.0007526799759221415, 0.0012100187812323674, -0.0006576305340848534, 0.00020819875219872203, 0.0006358814602357133, -0.0010808408198784273, 0.0005550726770667724, -0.00017381319459033198, -0.0009919453549424471, 0.0016999534329803574, -0.0009083100380633629, 0.00029265981236301374, 0.0006764725617871047, -0.0011292918740246878, 0.0005960428275643223, -0.0001920424397932018, -0.000753837440557881, 0.001283390538669249, -0.0006835328159353839, 0.00021906459235889164]]
==============================
W1_Energy_1
W1->P0
[[0.001534463339755578, 4.219028439363903e-05, -7.158823349390799e-06, 2.6254248066876034e-06, -0.0014475774861239508, -4.055042959992801e-05, 8.35861298879714e-06, -2.07939041046357e-06, 3.7628951401947994e-05, -1.0352421403159394e-05, 1.631505240805788e-06, -1.417908102416222e-06, 2.010676497059818e-05, 8.683255843260666e-06, -6.970282057390805e-06, 1.874120065085837e-06, 1.3003626950873879e-05, 2.2553092206594814e-06, -1.552601426982805e-06, 4.844682107711901e-07, 4.005934244186793e-06, 2.8262596033208506e-06, -1.45341655926514e-06, 4.806298421066031e-07, -2.6286714258118857e-06, 2.666002925883937e-06, -7.319792643006762e-07, 2.5359201694332724e-07, -5.173839045669452e-06, 2.0318332041244744e-06, -6.512789017913209e-07, 2.2259869497908773e-07, -6.35128904577312e-06, 3.205802572724904e-06, -1.6777776623707418e-06, 5.159641207766021e-07, -4.534514487065354e-06, 1.1728309450177442e-06, -4.684580335515441e-07, 1.2596775375002108e-07, -3.572047033401842e-06, 2.550942072799479e-06, -1.937585682132494e-06, 5.588589576541862e-07, -1.537172055495348e-06, 1.2271676440041433e-07, -6.500678016973353e-08, -6.839617649406822e-08, -1.543442043787613e-06, 2.6032669229663746e-06, -2.223566967036591e-06, 6.753138045570211e-07, -3.560285880473604e-08, -3.6465241238215833e-07, 2.0325461294565723e-07, -1.2427667569073282e-07, -5.984566374274771e-07, 1.7491365649378537e-06, -1.5551887212855287e-06, 5.052638017339463e-07]]
==============================
P0_Energy_1
W1->P0
[[0.0, 0.0, 0.0, 0.0, 0.0, 0.0, 0.0, 0.0, 0.0, 0.0, 0.0, 0.0, 0.0, 0.0, 0.0, 0.0, 0.0, 0.0, 0.0, 0.0, 0.0, 0.0, 0.0, 0.0, 0.0, 0.0, 0.0, 0.0, 0.0, 0.0, 0.0, 0.0, 0.0, 0.0, 0.0, 0.0, 0.0, 0.0, 0.0, 0.0, 0.0, 0.0, 0.0, 0.0, 0.0, 0.0, 0.0, 0.0, 0.0, 0.0, 0.0, 0.0, 0.0, 0.0, 0.0, 0.0, 0.0, 0.0, 0.0, 0.0]]
==============================
B1_SymmetryFactor_1
W1->P0
[[-0.11528597389547929, -0.07177328381958684, 0.010682720393097965, -0.00707464003500026, 0.11043735319238421, 0.0445487212603922, -0.003641302360160651, 0.0015104638680229067, -0.003380557784112925, 0.012526307338470717, -0.003782472678592429, 0.0026388370470666984, -0.0026802637053023022, -0.00031431846696591576, -0.0001297085062241295, 0.00013861095196231928, -0.00124255607994859, -0.0009202042886640782, 0.0002683230449249056, -0.00013147822893095604, -0.000699681614182142, -0.0006630221027444436, 9.81654582939546e-05, -9.38783453989134e-05, -0.00019620443476522312, -0.00042692486968689565, 6.223372882454124e-05, -6.66421516295462e-05, 3.997819157339189e-05, -0.0001802905836869305, 2.214269342838487e-05, -3.2304719536930934e-05, 7.268485134463071e-05, 6.8127368766372e-06, -1.867081775184319e-05, -3.753920216779388e-06, 6.478721198714896e-05, 5.8398365433918734e-05, -1.1707925684673464e-05, 4.530592539083924e-06, -1.447221964558647e-05, 9.476887618493945e-05, -3.750724258017861e-05, 1.3286057971222081e-05, -5.0072452923167095e-06, 4.2748929330834324e-05, -5.982985253866302e-06, 4.543424025329664e-06, -4.802270878475223e-05, 4.8980116049070414e-05, -3.05196674386153e-05, 8.500053791156743e-06, -9.09470149569976e-06, 6.1505887883704605e-06, -7.48848940612497e-07, 1.4597553750503206e-07, -2.7462318829315602e-05, 2.452516615023355e-05, -2.0822509558978496e-05, 5.13424083070312e-06]]
==============================
P0_Frequencies_1
W1->P0
[[0.0, 0.0, 0.0, 0.0, 0.0, 0.0, 0.0, 0.0, 0.0, 0.0, 0.0, 0.0, 0.0, 0.0, 0.0, 0.0, 0.0, 0.0, 0.0, 0.0, 0.0, 0.0, 0.0, 0.0, 0.0, 0.0, 0.0, 0.0, 0.0, 0.0, 0.0, 0.0, 0.0, 0.0, 0.0, 0.0, 0.0, 0.0, 0.0, 0.0, 0.0, 0.0, 0.0, 0.0, 0.0, 0.0, 0.0, 0.0, 0.0, 0.0, 0.0, 0.0, 0.0, 0.0, 0.0, 0.0, 0.0, 0.0, 0.0, 0.0]]
