==============================
W1_Energy_1
W1->P3
[[0.0020930057104036233, -0.0026952940697225797, 0.0006514540066124932, -0.0005049054067883588, 0.00022232561371087595, -5.850694648091763e-05]]
W1->P2
[[0.0014956697890065292, -0.0015388806741118532, -3.0492056379766495e-05, 7.230398974606847e-06, -2.301270382584841e-06, 1.573802222625526e-06]]
W1->P1
[[0.0016145359104077133, -0.0014902319756363747, -6.171928198839135e-05, -4.316871377045104e-06, -1.246545947541043e-05, 1.5608170229607415e-06]]
P1->P2
[[4.830662186135602e-05, -4.424823839890074e-05, -5.266838363760902e-06, 1.5397387070075304e-05, 1.7424200826053067e-06, 1.9611105415886826e-06]]
P1->P3
[[0.00015572583569109893, -0.00046884844240951636, 0.00011633404290854716, -0.0002008481512169663, 4.2503885136709726e-05, -8.510948149855958e-05]]
P2->P3
[[-0.00013721732075486993, 0.00028227681350326235, -0.0002327112376099977, 0.00017087203943922668, -7.667208758698725e-05, 2.5117249886625525e-05]]
