==============================
B7_Energy_1
P3->P4
T_min:200.0 K    T_max:3000.0 K    P_min:0.0001 atm    P_max:10.0 atm
[[-26.121056691009645, -1.1712633134022274, 0.0692115558395415, 7.694610793876738, 1.3138334912218057, 0.006839834005674362, 1.2179688410776675, 0.287409422997054, -0.1698579047135467, 0.5559362031099956, -0.4952289556756026, 0.054244922212836395, 0.2124116479827015, -0.16334591377869465, 0.10735989497975258, -0.011103046683261123, 0.2375950866750553, -0.03990590108757103, -0.014119332941584245, 0.1404318332129792, -0.07891273624864974, 0.09516243365035186, -0.1395002488142996, 0.03147503916256863, 0.049248124372215527, -0.09501617518281648, 0.049690313668166335, -0.06326625720019696, 0.0865418097131691, -0.02300212396973668, -0.0330070148611737, 0.0484758268814857, -0.0266652758589143, 0.02261074506320894, -0.03345243940249506, 0.010193082688172914, 0.03515417591215135, -0.04716813677697346, 0.020303172049408905, -0.020367852329696318, 0.033599411850404645, -0.010249325428972902, -0.008963829450082748, 0.01543073014182643, -0.008533268922333512]]
P3->P5
T_min:200.0 K    T_max:3000.0 K    P_min:0.0001 atm    P_max:10.0 atm
[[-26.03856729946486, 0.002908271024955056, -0.0022476771288605295, 12.076112732104257, -0.003913140298378091, 0.003012081605842552, 0.029995790104600777, 0.0011160901341873545, -0.0008704527416820413, 0.044706722457469886, 0.00020968442250254417, -0.00016836738486879053, 0.04850782338464723, -2.8261905711164322e-06, -2.8424404624141357e-06, 0.03530122273182965, -2.791433926074341e-06, -1.7634665941464127e-06, 0.02078112039460042, -2.046170933564182e-06, -1.978320469785847e-06, 0.010583445434884622, 3.3651523297924835e-07, -2.0676430084737375e-06, 0.004861044551700022, -2.4444720393904855e-06, -2.8010686061251035e-08, 0.0018682202198423597, -5.741000206636507e-06, 4.023570034174514e-06, 0.0007839082693847255, -2.705649797573218e-06, 1.5575726435834243e-06, 0.0001676542333276243, -3.6598088194728096e-06, 3.3872781595722934e-06, 0.00017200744535159074, -7.007595460850613e-07, 2.2178502895320307e-07, 5.195582208711302e-06, -7.042726822142908e-07, 9.061860665807164e-07, 9.974152738603803e-05, 1.743752576638391e-06, -1.2167794683215494e-06]]
W3->P5
T_min:200.0 K    T_max:3000.0 K    P_min:0.0001 atm    P_max:10.0 atm
[[-6.281131829436908, 3.5794086677224737, 1.0758560963727666, 14.072699212032221, -1.2572493858188838, -0.9278844810423789, -0.6753643370767712, 1.1320767169099775, -0.3970205418517701, 0.06029431854183858, 0.3169912036366183, -0.13834423589775366, 0.44323301280438837, -0.2429899627005917, 0.0276957119237885, 0.2993129849190434, -0.17671159146216056, 0.029732937448782314, 0.010965235372598784, 0.0642079885852868, -0.051881095731000915, 0.06667794579857243, -0.10980386736488029, 0.005695846358535404, 0.09201799084357332, -0.17936357036106956, 0.0329922561277562, -0.03693287398719064, -0.022982516554928587, -0.019065855240806152, 0.043053522570434245, -0.11758835216965746, 0.046722215219227106, -0.0434816390483308, -0.007250153582964769, 0.007529135346872953, 0.0273571466958355, -0.06299264762768461, 0.046223353952008134, -0.06677050403602902, 0.06452277930042666, -0.015860047393010362, 0.06581839127749323, -0.08562589621916594, 0.04600426689207422]]
P1->P4
T_min:200.0 K    T_max:3000.0 K    P_min:0.0001 atm    P_max:10.0 atm
[[-16.195373040136527, 0.05693621012705166, -0.13847894715330414, 0.702447704077273, -0.06745739514319359, 0.19448387320851476, 0.46026203140492183, -0.0033340902674035035, -0.04977767146040208, 0.15344366426592404, 0.020466006406831543, -0.01842068976938305, 0.10160612120185596, -0.002348600351840009, 0.009554396850004379, 0.10599848159555426, -0.004661004434912998, 0.004469822310951828, 0.07670291819317458, -0.0004605187324945352, -0.001514006283645942, 0.03631799369863089, 0.0007131314591725065, -0.0009996644097466816, 0.008813962423505928, 0.0001613077693845736, 0.0004072614191855569, -0.0050878660320821285, -0.0003663153253592563, 0.0005086344084728648, -0.005815694696244017, -6.764025430618982e-05, -7.049287286647566e-05, -0.007289041532575277, -9.694261440924574e-05, 1.2752564561855587e-05, -0.0019094024097157268, 0.000293742331992454, -0.00015929228710873057, -0.002340512333931828, 3.986007079040486e-05, 3.0434722967848105e-05, 0.0015736739183274586, 0.0002507923182204913, -0.00018799950338118385]]
P4->P5
T_min:200.0 K    T_max:3000.0 K    P_min:0.0001 atm    P_max:10.0 atm
[[-34.00826057451926, 0.003348593044957049, -0.0025896415000106953, 19.58148795554804, -0.004545781540668525, 0.0035157490060676883, 0.16295628923770894, 0.0011217252659994226, -0.0008687467679067849, 0.12028524561819535, 0.0001899354574731056, -0.00014718623992045148, 0.08670828055832706, -2.306580792590541e-05, 1.8136455735382755e-05, 0.052259046275278574, -2.2460415656155245e-05, 1.7277483207493238e-05, 0.027180643004345414, -7.255716888908633e-06, 5.728685564430253e-06, 0.012620612510776997, -2.298106039344925e-06, 1.6150827390349058e-06, 0.00544814257035775, 2.419780646505459e-07, -2.3097730667428316e-07, 0.002070791784692793, -2.783787240534204e-06, 1.188765772607325e-06, 0.0010254077314314277, -2.6148752310387854e-06, 1.55446289914443e-06, 0.00033431080890183873, -2.77224081277061e-06, 1.4593463647238902e-06, 0.0003901185263609497, -1.5265477801562621e-06, 1.3468949663225649e-06, 8.163652339610028e-05, -1.4459572428293654e-09, 1.8642234615728892e-07, 0.00019984576576242974, -1.4204423207930805e-06, 1.1549276339728465e-06]]
P5->W3
T_min:200.0 K    T_max:3000.0 K    P_min:0.0001 atm    P_max:10.0 atm
[[-19.13499426635033, 3.58108989027488, 1.0754967975509524, 2.111645240699335, -1.2545414194335924, -0.9284007003027787, -0.38327686974363856, 1.1350422114418555, -0.397670302390167, 0.22052610188410063, 0.3191050105893835, -0.13875664668497728, 0.5113474316895434, -0.24093936157872978, 0.027254196210645988, 0.32642416100471877, -0.17539578423005858, 0.029483384658307743, 0.02149709519156402, 0.06522692983952418, -0.05209121859869433, 0.07097685020507236, -0.10920180068189815, 0.005572178968667058, 0.09402868907961127, -0.17916482183096485, 0.03296850168003371, -0.0360554605358966, -0.022786342997934878, -0.019110611560301367, 0.04380599780257543, -0.11783376485835158, 0.04681202342349371, -0.04323019899841524, -0.007234386647970936, 0.0075197097715919425, 0.027863087667084258, -0.06341104091954897, 0.04635548467462235, -0.06669298484922323, 0.06449433186991324, -0.015859490754823832, 0.06612982268660056, -0.0859524367473703, 0.046110356061902516]]
W3->P4
T_min:200.0 K    T_max:3000.0 K    P_min:0.0001 atm    P_max:10.0 atm
[[1.0150832432392196, 0.5379993097461415, 0.09569325598664419, 3.435457037844136, 0.9963434072527282, 0.08341675217584445, 0.024751507296583417, 0.7844895879975768, -0.16565678023654132, -0.14244774965564463, 0.4325117467011357, -0.216817349404244, 0.20723411544105547, 0.08620762618883773, -0.13293029140807763, 0.2774470968606953, -0.15050983781625568, 0.0008254135583173936, 0.16320598695070435, -0.23120196105786764, 0.05421999096520135, 0.08973349410640272, -0.2240546346853835, 0.0657565901357546, 0.06178429338324898, -0.18214430605100773, 0.060526434021012834, 0.025174451971233133, -0.11715704142511298, 0.035249025867126596, 0.018219627901657254, -0.05454251895060699, 0.030925219560760168, -0.022099224255768768, 0.007100921265366829, 0.002377282521634567, -0.00621634094928665, 0.026286164194934385, 0.011574779846337764, -0.02269833863445267, 0.031026177189230446, -0.006098431192227867, 0.008985024786833565, 0.008068980682389142, 0.01049270096555505]]
W3->P1
T_min:200.0 K    T_max:3000.0 K    P_min:0.0001 atm    P_max:10.0 atm
[[2.7179495387044112, 2.3542529943671426, -0.25768711658688553, 6.181948801564006, -0.2511681504951355, 0.15313687689128022, -0.31663165171770624, -0.290433772442818, -0.004947670397752856, 0.10791878143586359, -0.13607295443441514, -0.01602370146054606, 0.16817911131648652, -0.08337236750577233, -0.01618022972151989, 0.08265085713090509, -0.05511462797946453, 0.013650011108009258, 0.0012175615246367735, -0.050344293072850585, 0.019944705502732276, -0.038270169237858004, -0.046168413326826765, 0.024803108635048112, -0.03081153426062946, -0.04315829737807874, 0.025470195647684154, 0.007825823282215769, -0.050513225955885234, 0.012288804117797106, 0.026761549283991347, -0.043832013002650924, 0.02239811911738734, 0.04309340225777572, -0.046457721022400894, 0.008910713187919209, 0.023515600180206875, -0.02292072094408701, 0.023782360658428106, 0.019140604925627802, -0.016408103833357696, 0.005250054596612833, -0.0016591964305716078, 0.003115299944591615, 0.014279259114890683]]
W3->P3
T_min:200.0 K    T_max:3000.0 K    P_min:0.0001 atm    P_max:10.0 atm
[[0.14937215589196337, 0.6628827500376007, 0.02748311448447155, 4.06765310288865, 1.077924648488139, 0.10221957546133129, -0.4320764461831865, 0.781144514763358, -0.11056489927025147, 0.05528709747737312, 0.4666732546990517, -0.2452095538283586, 0.4329250157314547, -0.08887988640283795, -0.141994134591803, 0.38630263403458387, -0.3469041575520078, 0.021433799318264817, 0.23599372562726628, -0.4077682499471521, 0.13533033624613666, 0.04623377645030536, -0.20251256860682953, 0.11392280631495036, -0.08381410920948568, 0.026694440510562172, 0.02485429569097195, -0.051668019221955463, 0.013844390553117914, -0.011845864915697203, -0.041195874984677736, 0.04723596428396356, -0.025063628386282493, 0.07830323537979537, -0.12743489882587644, 0.03479075989908391, 0.02065838470946113, -0.00776595800331701, 0.023599041414804033, 0.05822517340193367, -0.08211349043264117, 0.03918683971332064, -0.03512886016826576, 0.07111408908431663, -0.007824234222112536]]
P1->P3
T_min:200.0 K    T_max:3000.0 K    P_min:0.0001 atm    P_max:10.0 atm
[[-15.06661409103432, -0.09759156700512817, 0.10630711795592253, 0.5408028396267522, 0.14551445928313758, -0.1706636603370266, 1.072495595280654, -0.04275343103366269, 0.0793861099887711, 0.19049510198213676, -0.028618389133128953, -0.005248999814265684, 0.05920808030870148, 0.03636651981433009, -0.01892921368203088, 0.054808224123845325, -0.013770725970473198, 0.010812160983477677, 0.02068947850124212, -0.0009212780634990692, -0.0004270501157058182, 0.008494242867357405, 0.002530542821323543, -0.0019458906285738798, 0.004753726100377307, -0.0013433669101647653, 0.0009307095339384038, 0.0015239929734934998, 0.000577743356188816, -0.00010737048484977967, 0.0010389471663369522, 0.00048196355084482377, -0.00030619407276945407, 0.0011738291258517, -0.0006817983275695773, 0.00037268503372249245, 0.0006146987117121531, -0.00024535567033410165, -0.00016627339807993467, -0.00022368379595862943, 0.0008225172393486599, -4.979644717750028e-05, 0.00048601882885141064, -0.0005179893114354121, 0.0001436356394890954]]
P1->W3
T_min:200.0 K    T_max:3000.0 K    P_min:0.0001 atm    P_max:10.0 atm
[[-14.753363258811241, 2.3559294675276954, -0.25804398004233225, -1.2070639031835213, -0.24844454774522545, 0.1526130193020865, 0.12196655711090612, -0.2874783213400501, -0.005592533263719002, 0.29384322628751597, -0.1339483322817145, -0.0164409580755572, 0.23872564742826535, -0.08132762370808641, -0.01661903589009218, 0.10919806515731877, -0.05379157685038422, 0.013396955161962112, 0.011356400551984315, -0.04932847868201111, 0.019736366577646346, -0.034108899817642216, -0.04556383420001071, 0.024678130249848544, -0.02883558979449898, -0.042956543744139236, 0.025445228750391624, 0.008703068264065708, -0.05032212788800564, 0.012246180997142196, 0.02751210007864371, -0.04407037222732745, 0.02248508343073322, 0.043353154655883394, -0.04645026849591173, 0.008905091868190405, 0.024014031800229457, -0.023326071621365213, 0.02390835630035793, 0.019226693553605373, -0.01644816961040045, 0.005255936921348722, -0.0013523953690902368, 0.002795995903718776, 0.014382028153603545]]
P4->W3
T_min:200.0 K    T_max:3000.0 K    P_min:0.0001 atm    P_max:10.0 atm
[[-32.28877709650859, 0.5396806077453009, 0.09533350068334709, 11.205656039989455, 0.9990513361754388, 0.08290162824460183, 0.42849618678617013, 0.7874541497547346, -0.1663070914996196, 0.03674461053788634, 0.4346281453250588, -0.2172302400881669, 0.27872909950583014, 0.08825691949555, -0.13337172596906716, 0.30537600215722216, -0.1491929809671077, 0.0005754628083180966, 0.17404156115869887, -0.23018602957535123, 0.054011578653999325, 0.09416234422035577, -0.22345106310478735, 0.0656320531342001, 0.06384670290779516, -0.18194753764050778, 0.060504072912909226, 0.026060805709631468, -0.11695703001226979, 0.035201873339753546, 0.01897218296037461, -0.05479024285694032, 0.031016579929285627, -0.02185345475992223, 0.007118179696281798, 0.0023665932153935226, -0.005713021019600806, 0.02586798923610016, 0.011707069626839157, -0.022619997025849492, 0.030993908294876776, -0.006096667264494947, 0.009297772276558702, 0.0077404610702922205, 0.010600355583893037]]
P3->W3
T_min:200.0 K    T_max:3000.0 K    P_min:0.0001 atm    P_max:10.0 atm
[[-24.655854099808323, 0.6645628233232266, 0.027124025647991074, 4.527276065005788, 1.0806369523882304, 0.10170230862543576, -0.054949162688303514, 0.7841025810143698, -0.11121205075810076, 0.21448280941534273, 0.4687923796809904, -0.24562386440673095, 0.49206075393519805, -0.08683145243108321, -0.142435539601556, 0.4074812846116223, -0.3455871510604999, 0.021183928790997487, 0.24344775850377942, -0.4067484925525148, 0.13511981951150254, 0.04900887835452381, -0.20191401989900348, 0.113800879303494, -0.08258665319073488, 0.02689689336620455, 0.024829511598075837, -0.0511894721611574, 0.01404025389469162, -0.011891081490052042, -0.04067599754658137, 0.046990383779696686, -0.02497335575546298, 0.0784481504010272, -0.12741942109946608, 0.034780725254437594, 0.021084021266552677, -0.008183175036501386, 0.02373123146661329, 0.05828367037335347, -0.08214529645151215, 0.039188564298260384, -0.03484783060081997, 0.07078980576322194, -0.00771861173587296]]
P1->P5
T_min:200.0 K    T_max:3000.0 K    P_min:0.0001 atm    P_max:10.0 atm
[[-15.132996226436463, -0.0021142649489880316, 0.0016675930048700967, 3.628646040196205, 0.0017467457505518551, -0.0013478390040346133, -0.20434716805584527, 0.001746184484167104, -0.001332392578205001, -0.0835244748991128, 0.0005168589637675236, -0.0004026984174474891, -0.01631473177589537, 0.00035913147092430167, -0.0002815931796536774, 0.006636184362627528, 0.00013633251908986747, -0.00012920598374437616, 0.010278559913230451, 0.0001758678012582668, -0.00016564280468682135, 0.007856040810069295, 0.00012179570072094287, -0.00013337234233305175, 0.004857813175955427, 2.839509680663209e-05, -6.892375271657064e-05, 0.0025039693648480723, 7.965741826368503e-05, -0.00010517658590149567, 0.0011813811720014734, -0.00011953637729356671, 4.28110442646101e-05, 0.00042876777101757274, 1.931745492161907e-05, -4.837806431801962e-05, 0.00010870264410510477, -0.00019575504032035354, 0.00011614592823695237, 2.2767079516858302e-05, -3.2869833188550746e-06, -1.1922801340064765e-05, -2.939304616997318e-05, -0.00015869550877641025, 0.00010814742686606621]]
