==============================
B1_Frequencies_1
W1->P3
[[-28.933434598019268, 47.97523883702466, -14.748797839600373, 53.50369304175637, -81.59524950419893, 26.305475011268133, -40.151514446792596, 65.84658776661587, -20.384085199201046, 24.430326870481974, -38.37167752364885, 11.732799823349678, -11.392703848953765, 18.148240766751517, -5.742348672909477, 3.4110498332754156, -5.76158920038785, 1.4218828253530276]]
W1->P2
[[4.878214525704448, -5.484856458205361, 1.4758354240028604, -2.868182588176223, 5.369200677022663, -1.8278206523468883, 0.3990654947002258, -0.0018690390091078992, 0.3757016811967998, -0.5408162527514213, 0.8647663678897648, -0.2288132746755113, 0.407783600408207, -0.5380226440005896, 0.24866234744513488, -0.1175483266226391, 0.16694796545997254, -0.06896573702698966]]
W1->P1
[[-2.0293523239281233, 3.1020380372567455, -1.0699680360720372, 3.4125586197992446, -6.148873797823132, 1.9000520069965823, -2.700192589624517, 4.7950731007670395, -1.5937677960702423, 1.6830522104784367, -2.7229352442388106, 0.9416118192311752, -0.843778184054509, 1.518638063115633, -0.47573456124959324, 0.3599691785786128, -0.5569524382828969, 0.22989912323582837]]
P1->P2
[[5.565274500403972, -6.18059646582214, 1.797945776592864, -10.599127573280335, 11.005382373647754, -3.5888794002172135, 7.367472117030434, -7.071572811704191, 2.608096783455873, -4.181545344591969, 3.5960955871316265, -1.2150023860291876, 2.2062233768788615, -2.26053330919599, 0.747278568719509, -0.9766394522098099, 0.9652045410300539, -0.38291393504438875]]
P1->P3
[[-2.945050587415056, 9.865068623295485, -3.9149755526676366, 4.714869370463078, -18.166929794664096, 7.1394861993156695, -3.9607569958246738, 14.070719529883371, -5.4827588353331205, 2.3044272137357122, -8.828331091242823, 3.5801110366212314, -1.3610199168216437, 3.9858053574297685, -1.7927960339831086, 0.2301109803526199, -0.95407667719524, 0.5030882475132177]]
P2->P3
[[5.026426044822615, 0.5047430388549774, 0.5747400194741931, -5.160768740416748, -1.046886632748508, -1.1730020435674764, 4.516277856119662, 1.3723013149532812, 0.9260217481420087, -2.365006040718349, -1.7343417282615603, -0.30518942578962427, 0.5804388540720448, 1.3351557791688475, -0.10752427415659688, -0.10983696661528032, -0.4751339903444746, 0.1011823061950991]]
==============================
B1_Energy_1
W1->P3
[[0.005658724851629858, 0.00024007672147600577, -0.0006367861224932193, -0.009408507876848047, 8.876944194391868e-05, 0.0008784044002301091, 0.007708997054042434, 0.0003630450999424295, -0.0008528734186486308, -0.004689909045985101, 6.191758844739928e-05, 0.00038186320002909374, 0.0018747125007357755, 9.345542465942257e-05, -0.00021706495570963024, -0.0005879232682384994, -4.380467034871595e-06, 2.920611296884955e-05]]
W1->P2
[[0.004036329626649611, -0.004785284608840787, 0.0011825694057420236, -0.0023779478127225716, 0.0032741263302473404, -0.0009905285467969572, 0.0003696546128445376, -1.943920032523445e-05, 5.411753854911311e-06, -0.0007372745449924354, 0.0007757204311371433, -0.00015937576007686162, 0.00026699302838786686, -0.00027282763493212457, 7.64838090239926e-05, -0.000129303153571544, 0.0001308629196931417, -3.421351452591798e-05]]
W1->P1
[[-0.001729382935870001, 0.000245442174814678, -5.916270436901697e-05, 0.0017463341111499716, -0.0005375815645711044, 0.00011493492799745664, -0.00014772470155272768, 0.0004160692277057124, -9.990747291066402e-05, 0.00010356072049503304, -0.0002212526789191071, 5.386937559177319e-05, -5.725482903842236e-05, 0.00013456103000584593, -3.043823828089285e-05, 2.3594295599682537e-05, -4.937228391602933e-05, 1.6283711658477445e-05]]
P1->P2
[[0.0014251127033443733, -0.002574056824688977, 0.0006465290570801283, -0.00247735370643007, 0.00422874999286875, -0.0011859511603744797, 0.0014834651804173774, -0.002319387109116681, 0.0007500572126399685, -0.0007162485041446963, 0.0011087828784970865, -0.00031475312642553126, 0.00045884280983962423, -0.0007436237476657951, 0.0002053085923492102, -0.0002103629114517157, 0.00031720158196858663, -0.00011225408026003581]]
P1->P3
[[7.98440898810668e-06, 0.0010395982232505256, -0.0006774655169784192, -0.0002815056170029101, -0.0019298687841205276, 0.001234803541853495, 0.0006219276215767935, 0.0015113447508067876, -0.0009428690154061411, -0.0006161881485283393, -0.0009132258001027695, 0.0005966614166450678, 0.000309090328310917, 0.0003530342372133269, -0.00027782258679193394, -7.439307058959831e-05, -5.194272926018082e-05, 6.795913114443359e-05]]
P2->P3
[[0.0003486781201787221, 0.0001002647131241297, 0.00034277190901251973, -0.00013448492924475762, -0.0003334055446770404, -0.0006350106016327842, -0.00022780214168520923, 0.0006109894545412531, 0.0004516363468832366, 0.0002923338175513137, -0.0007518835996801522, -0.0001742201153672786, -0.000264219644960059, 0.0005498608966032431, -1.160893914371745e-05, 8.978969995322406e-05, -0.00019476184225731603, 3.3451961564038255e-05]]
==============================
W1_Frequencies_1
W1->P3
[[13.48840630938746, -33.106164608267655, 7.149990993244516, -27.5260185557987, 49.06275388245342, -11.584398575549136, 19.071158197097198, -44.22264628596033, 9.562873830846423, -11.111113382429478, 23.51401684469066, -4.554840343383702, 5.722148570791243, -11.14518264826173, 2.485136596182282, -0.8341122314252389, 3.3118512531526574, -0.0008986219335726102]]
W1->P2
[[-30.578585850156273, 35.13852444707145, -8.097490435445351, 20.668272842891714, -26.593234353706436, 7.5956578508082515, 1.8299477725734614, -5.520594080181136, 1.1051121360105158, 3.173918197382962, -1.5890082419708653, -0.0949957315508927, -0.7906115432092274, 0.38988129597599247, -0.10440995038805656, 0.6373104564522102, -0.382754659598192, 0.0897154031347351]]
W1->P1
[[0.010318518638379215, -2.3475004037804084, -0.36446969481107827, -1.7539304671411242, 6.72304222632991, 0.47452933088438526, 1.5453563509556265, -5.694893929159799, 0.01890659495331119, -0.27790567706098135, 2.4616919666232158, 0.1577344808364157, 0.6262210518817717, -1.8717619164113148, -0.0236263254676568, -0.36234978933527584, 0.9781678150672026, -0.22383816610423296]]
P1->P2
[[-2.586206749670893, 7.36191182296777, 0.261251619920286, 5.715559729549631, -13.199620356056332, 0.9026101822004721, -3.3736406067505516, 6.5703008289317575, -0.9937836280955737, -0.20803445823251548, -0.5638886764794047, -0.7963325223287607, -0.18444076002492893, 0.9329780378851175, 0.3699256896616972, 0.8143206204357322, -1.3404639082436147, 0.37361789127046763]]
P1->P3
[[5.227937505293202, -19.24859992589319, 6.409279599331357, -8.837723714363396, 36.00964528860327, -11.779150038672151, 5.699845715515689, -28.80895290332903, 9.254424421216028, -3.4499153595568877, 18.442600835923344, -6.254515686096701, 1.9860502830498352, -8.273677318931355, 3.247233849457541, -0.6945132967050697, 1.9194848963173976, -0.9422819997879928]]
P2->P3
[[-7.534597153066293, 8.553318507677593, -5.9241575015100905, 14.13488773167882, -15.342603125906288, 11.289139476358947, -10.79942199846443, 10.308443874641778, -9.014047719613476, 5.62913816568844, -4.064268523956218, 5.114315250947841, -1.5143359127323825, 0.2047699953141301, -1.6844554926921953, 0.020549652370715123, 0.4513486426326305, 0.1853711793158883]]
==============================
B3_Frequencies_1
W1->P3
[[1.1929308456119847, 0.0071973308533315496, -0.040089441712592974, -3.5994601260622816, 0.1504441135005718, -0.16301372895586835, 2.3496996010957942, 0.06001990886703819, -0.03396899494420955, -1.7294053921542398, 0.13178702428758454, -0.10237044051806062, 0.7051721084877629, 0.030627189580239127, 0.009083643006537384, -0.3285442335579594, 0.026016844142455583, -0.039263272531201175]]
W1->P2
[[0.0, 0.0, 0.0, 0.0, 0.0, 0.0, 0.0, 0.0, 0.0, 0.0, 0.0, 0.0, 0.0, 0.0, 0.0, 0.0, 0.0, 0.0]]
W1->P1
[[0.0, 0.0, 0.0, 0.0, 0.0, 0.0, 0.0, 0.0, 0.0, 0.0, 0.0, 0.0, 0.0, 0.0, 0.0, 0.0, 0.0, 0.0]]
P1->P2
[[-0.0013367366577990657, 0.000957461490978416, -0.000304228477682964, 0.0024329864124949478, -0.0016872453992434666, 0.0005313612556272109, -0.0018457314458623108, 0.0013189182196182408, -0.000418881786319978, 0.0011371851755816967, -0.0007704512336366576, 0.00024126049553747025, -0.0005154103258437041, 0.0003655548627073597, -0.00011592692108899808, 0.00017275125180536132, -0.00010506461901561373, 3.1976783211760956e-05]]
P1->P3
[[-0.49595728677278483, 0.31554866735897036, -0.4273638405360623, -3.3679186245318755, -0.5753253449627617, 0.7723545847103562, 0.3174712878641457, 0.43580404941425216, -0.5793306531910516, -1.305766032773652, -0.2418918473222568, 0.3581192604458202, 0.24914346430807824, 0.06304706864760946, -0.1593094557900446, -0.16451119224218214, 0.01263530809677643, 0.03446527438431908]]
P2->P3
[[-0.9982621824962973, 0.47445948521893905, -0.22887549673817517, -2.859368214082244, -0.84614632603214, 0.4043427358935423, -0.16570248076620261, 0.632198763176483, -0.2978466478129125, -0.9803415988715325, -0.4092729519260311, 0.19503810959412307, 0.1214317704376725, 0.19460307198106885, -0.09650539106355129, -0.09451605780147214, -0.04696740827134116, 0.024818217886482166]]
==============================
B2_SymmetryFactor_1
W1->P3
[[1.9557091331962115, -2.8019341968432125, 0.969488702175433, -3.643354760381269, 5.226856633753782, -1.8037395801230547, 2.7051204506683035, -3.87578354148983, 1.3409954079204387, -1.7360600516066889, 2.4911850039696595, -0.860246374692384, 0.7595728507216718, -1.088427430022243, 0.37655339727661613, -0.2852602237362021, 0.4097462592878732, -0.14179844099141795]]
W1->P2
[[-0.43258688979409915, -0.004823849836242507, 0.0012377795247347134, -0.0013765694772856392, 0.007538838440519547, -0.001066588859038119, 0.002060476661315689, -0.006349462456244163, 0.0015524830792856936, 7.6374798986181e-06, 0.002628766605195535, -0.00013980051943477897, 0.00028710515751690063, -0.0014066418552234597, 0.0002626031619264536, 0.00022136585299587988, 0.00015114512863106656, 0.00010188503586676583]]
W1->P1
[[-0.0021091133818136247, 0.0019224558219613954, -0.0015454718534945902, 0.0046445627850367505, -0.004403009200527481, 0.0033958116459563707, -0.0029490602177512076, 0.0027004652270409997, -0.002157892948582931, 0.0022250865553134617, -0.0020947245773357544, 0.0016378809908464524, -0.0008549928621404228, 0.0007932040871446262, -0.0006230034038152832, 0.00038328193116693915, -0.00035603699403524925, 0.0002876740373049442]]
P1->P2
[[-0.5960176441228273, 0.006171600463729249, -0.00266431881843992, 0.3214578821408243, -0.01141736164418836, 0.0049472592476240765, -0.22453719890437226, 0.008710498482401414, -0.0037559138093268196, 0.15570945987734217, -0.005580159519648371, 0.0023829540932002696, -0.06383162528225185, 0.002872568008589377, -0.0012460581232403008, 0.027166454323784523, -0.0007304519097540589, 0.00031582707743393846]]
P1->P3
[[-0.17757428745885226, -0.011739150949964243, 0.011572213203095582, 0.3787964549244196, 0.021624147232466, -0.021162882264964867, -0.24978157448966407, -0.01574583874017083, 0.015706952789706043, 0.18193021848560764, 0.009013595301120614, -0.009424978892431856, -0.07332393548660132, -0.0037202291587950845, 0.004237536370099582, 0.03222915897073531, 0.0008339229565321411, -0.0010780860307514275]]
P2->P3
[[-0.5993034505239901, -0.007662937980805388, 0.003591815143022375, 0.3661082607415427, 0.014336634854507617, -0.006723449937427403, -0.23331394961057053, -0.011072131166024514, 0.005212806085305184, 0.17522461878406057, 0.0069754133932052875, -0.0033422734160757045, -0.06797634810857096, -0.003274325761371305, 0.0016544711674974534, 0.0318045058907278, 0.0011844059901029648, -0.0006089863923967372]]
==============================
B2_Frequencies_1
W1->P3
[[1.6731534983778353, -2.4998174579263077, 0.9483923615653943, -3.0728581585546064, 4.6195059771318245, -1.732796652486654, 2.314155880931181, -3.458095269378665, 1.3117701564920474, -1.473013105570813, 2.216513395807906, -0.8314392103975162, 0.6497179946502671, -0.9713669994388184, 0.3683390786312596, -0.2471514190202689, 0.37334084347118246, -0.13997061697934965]]
W1->P2
[[1.548448470110344, -2.0825524829600948, 0.41368480117618867, -3.2138962591310447, 2.6866862050680878, -0.925426827543969, 2.0461229216332857, -2.2890659630574475, 0.5558796598811215, -1.5056909631254902, 1.4560997850633204, -0.38117835310344467, 0.6267625406795083, -0.6627184916025296, 0.19255512971414498, -0.26297555127432326, 0.2608541962043857, -0.06301092610354503]]
W1->P1
[[-0.01046962740102189, 0.011492120279388464, -0.007472616999102383, 0.02192327582357015, -0.024407928207060902, 0.015618484845182454, -0.014542012285141579, 0.015972455569164434, -0.01037606512212987, 0.010726573989751095, -0.011968478926650147, 0.0076460266075465515, -0.004134391268991788, 0.0045495201802131955, -0.0029472375109272364, 0.0019496892978345956, -0.0021938421731012864, 0.0013912532125860146]]
P1->P2
[[0.47660794997668954, -2.72983033322117, 1.1615204093313725, -4.118642521894029, 5.140782692818542, -2.2871060956509996, 1.3745068970341088, -3.8195599839298677, 1.7642127150360374, -1.4621985291322068, 2.2242849128236304, -0.9862289785619831, 0.5839349178697931, -1.2133532453905571, 0.5410683147199501, -0.26467125077416326, 0.3932137768348423, -0.1973485615275945]]
P1->P3
[[-1.5697799984908358, -0.021895466356797438, 0.03772669971294803, 3.227590839444468, 0.0402868803329749, -0.06884323629887978, -2.1896014489898477, -0.029909452124306766, 0.05156504953220225, 1.5522574292715667, 0.017626273186833644, -0.031448338439972336, -0.6285341291494572, -0.008079939501569681, 0.014673066491791939, 0.27067722103600544, 0.001846200716367791, -0.003782077077549494]]
P2->P3
[[-4.860706249357692, 0.7368803908183748, 0.3224163055884459, 4.223622762402019, -1.3824840816425212, -0.6144603365308567, -4.871983025466828, 1.162732235210064, 0.4704846989052436, 2.9801009260509614, -0.9038139725731976, -0.19655016052903232, -1.3798948514597793, 0.5649909392510385, -0.01894857610131702, 0.3462068365881643, -0.20272662537560493, 0.04978314292511712]]
==============================
B1_SymmetryFactor_1
W1->P3
[[-3.2384730210368033, 6.081622040532436, -2.1861045735686795, 6.352797637053119, -9.90575165897365, 3.7308029110729173, -4.560920733205355, 8.2766174711215, -2.988661324064446, 2.8031469305850343, -4.737118378968846, 1.6872441199571124, -1.3268336686364257, 2.210502254720654, -0.8160207531219879, 0.3636414866891543, -0.7361000644151862, 0.20587442369877246]]
W1->P2
[[2.4145038072271308, -2.732041443242366, 0.6757685907248296, -1.4770237504868313, 2.114442154445998, -0.6626175430257089, 0.23452691611392043, 0.06490902186263141, 0.02692327922004684, -0.4027524405625059, 0.40312435965533905, -0.08157298209200249, 0.177932949228849, -0.17402889350270692, 0.059741548584505685, -0.07508883368929761, 0.07296127890650449, -0.02230518075524904]]
W1->P1
[[-0.6014969425251474, 0.604733774393952, -0.144793569006318, 0.7548919537502689, -1.3193913271254243, 0.2817641761690749, -0.3856519146128945, 1.0315988405021244, -0.2459442056907596, 0.28120221899136266, -0.5493934147712459, 0.13546318314944097, -0.15096861529084096, 0.337814989391415, -0.07584512687678177, 0.06774831229767513, -0.12931883591550314, 0.04322266770735252]]
P1->P2
[[1.2271460613320124, -1.9240002271207317, 0.49441841040319573, -2.2401683038648494, 3.274996398627725, -0.9537366456115721, 1.4466569876033677, -1.921200482979514, 0.6472754679088423, -0.7390168618727996, 0.9291799500838548, -0.27603038337524294, 0.4379254557571769, -0.6112295763992297, 0.17722295531171575, -0.20462185500160487, 0.26880866420338906, -0.09923376499151633]]
P1->P3
[[-0.579625753283543, 2.121996063254352, -0.8444537581393248, 0.9260371316625563, -3.9416448748255077, 1.546833512647772, -0.6365481615328871, 3.1003571455604098, -1.1980924694074064, 0.3420296919917835, -1.9390420197056182, 0.7805774669439215, -0.19103515924862485, 0.8412437193436929, -0.38228892162962824, 0.04483192705514515, -0.18333686138131988, 0.10267673121824362]]
P2->P3
[[0.7644248003557842, 0.07670880275458149, 0.260522263513047, -0.6738949477432885, -0.22909932729477675, -0.4961559800103339, 0.40123712360540054, 0.41891749692512614, 0.3681451882817615, -0.13332892714853667, -0.5515708925357884, -0.1436762767688657, -0.06560750449697501, 0.42305744557075636, -0.011200447599159788, 0.036114326503593586, -0.1534081351272563, 0.028136800682179393]]
==============================
B2_HinderRotor_1
W1->P3
[[0.0, 0.0, 0.0, 0.0, 0.0, 0.0, 0.0, 0.0, 0.0, 0.0, 0.0, 0.0, 0.0, 0.0, 0.0, 0.0, 0.0, 0.0]]
W1->P2
[[0.0, 0.0, 0.0, 0.0, 0.0, 0.0, 0.0, 0.0, 0.0, 0.0, 0.0, 0.0, 0.0, 0.0, 0.0, 0.0, 0.0, 0.0]]
W1->P1
[[0.0, 0.0, 0.0, 0.0, 0.0, 0.0, 0.0, 0.0, 0.0, 0.0, 0.0, 0.0, 0.0, 0.0, 0.0, 0.0, 0.0, 0.0]]
P1->P2
[[0.0, 0.0, 0.0, 0.0, 0.0, 0.0, 0.0, 0.0, 0.0, 0.0, 0.0, 0.0, 0.0, 0.0, 0.0, 0.0, 0.0, 0.0]]
P1->P3
[[0.0, 0.0, 0.0, 0.0, 0.0, 0.0, 0.0, 0.0, 0.0, 0.0, 0.0, 0.0, 0.0, 0.0, 0.0, 0.0, 0.0, 0.0]]
P2->P3
[[0.0, 0.0, 0.0, 0.0, 0.0, 0.0, 0.0, 0.0, 0.0, 0.0, 0.0, 0.0, 0.0, 0.0, 0.0, 0.0, 0.0, 0.0]]
==============================
W1_Energy_1
W1->P3
[[0.0031157666648912305, -0.0026857991556972763, 0.0010157342129591394, -0.004312529539413314, 0.004564410670688429, -0.0017779940567203834, 0.0020373860000861338, -0.00366947447081537, 0.00139162168002142, -0.001293662329278156, 0.0022007020960776755, -0.0008266175169712585, 0.000590220560862731, -0.000991087675407186, 0.0003816951698001018, -0.00018776696170462099, 0.00035989127170402233, -0.00011715873547719483]]
W1->P2
[[0.0006592905175834253, 0.0010492367312823743, -0.00023635492151396486, -0.000728933809980677, -0.0008126089585389708, 0.00021256192030388564, -0.00020984248207007905, -1.5091569798145117e-05, 1.9962838186785722e-05, 0.00023386278532192226, -0.00016236157983599682, 1.4798772627186242e-05, -0.00010100283921295508, 6.715494749298052e-05, -1.38394591122201e-05, 4.244118200704679e-05, -3.0740198096610154e-05, 6.170714183206866e-06]]
W1->P1
[[0.0015867716171141496, -0.00014103658209025602, 4.3267111445447594e-05, -0.0014877282439912912, 0.000348695817295704, -8.665678372901272e-05, -4.827851197556125e-05, -0.0002731560895853489, 7.836824331128309e-05, 1.5025491341883127e-05, 0.00013660848838596332, -4.2111147283565685e-05, 4.074561102860533e-06, -9.687728632954968e-05, 2.5289931107095154e-05, -6.711014084700907e-06, 3.834993456266971e-05, -1.5225670788734165e-05]]
P1->P2
[[-0.0003622137586188748, 0.0006661214315283016, -0.00016389150260969515, 0.000649790108701629, -0.0011294217679648174, 0.00031727065645856733, -0.0004088350661091835, 0.0006530507920531764, -0.00021382612737621238, 0.00018913577097842352, -0.00030815446494223737, 8.73323533655193e-05, -0.0001233595455280083, 0.00020501559218327864, -5.677090136037953e-05, 6.045387197850354e-05, -9.282760058643948e-05, 3.355697922959085e-05]]
P1->P3
[[0.00023666219354495196, -0.0007171028090695805, 0.0002802965836988573, -0.00040426689063268785, 0.001334847733850264, -0.0005141286777059486, 0.0002646867848190259, -0.0010538466013686283, 0.00039923759556922934, -0.00015220299668778243, 0.0006590810764253526, -0.000260132581977929, 7.670041424567896e-05, -0.0002841291914322642, 0.00012692046262348375, -2.3110507318676964e-05, 6.106449040328447e-05, -3.386065908324594e-05]]
P2->P3
[[-6.038531123666232e-05, -1.3549473365445969e-05, -9.57953890030302e-05, 0.00010982499006315787, 5.6980719821708444e-05, 0.00018175908450326848, -6.129848387582085e-05, -0.00012975438269849864, -0.00013529832928313858, -1.2546822754262867e-05, 0.000181691797096222, 5.5651314603576215e-05, 4.452812860885575e-05, -0.00014217780368794457, 5.006003799255377e-07, -2.3679092917409564e-05, 5.257158275863677e-05, -8.920039586343563e-06]]
==============================
B3_Energy_1
W1->P3
[[0.0016939935571592345, -0.0023832041815714084, 0.0011922608305032795, -0.005537839878689787, 0.0044323987362113616, -0.002065668338744543, 0.004471171584452523, -0.0033686541525785787, 0.0016342939015584659, -0.0025985517741977638, 0.0020560406370577658, -0.0009660571974235086, 0.0011693281578585369, -0.0009653533491789739, 0.0004433269030562423, -0.0002817648586327421, 0.0003475378516008981, -0.00014298207053677978]]
W1->P2
[[0.00017288739413126193, -0.00019121595255583613, 5.217777346994843e-05, -0.0003279954427479246, 0.00036152893985618356, -9.788117496555595e-05, 0.0002459280943070735, -0.00027309307848539957, 7.450928836480162e-05, -0.00015539504390412202, 0.0001706565310740684, -4.6089723010035304e-05, 7.444435674919768e-05, -8.351271924025231e-05, 2.2753863417301435e-05, -2.6508044545291458e-05, 2.9067399716033477e-05, -7.790142232401795e-06]]
W1->P1
[[1.3423940952763936e-05, 1.4356976978924277e-05, -3.801040652641236e-06, -2.9451634622177102e-05, -2.3469934078719217e-05, 7.032219709646125e-06, 1.806250523736897e-05, 2.0740105001737155e-05, -5.650579782621705e-06, -1.5116586136886145e-05, -1.0322568175429249e-05, 3.362851386635674e-06, 5.1523633618162945e-06, 5.855306198449013e-06, -1.6461799467984453e-06, -3.2385748365707054e-06, -1.0683929122102329e-06, 5.320270266986179e-07]]
P1->P2
[[4.85241111876687e-06, -3.0647717550642953e-06, 3.755871009546758e-07, -9.114011253165132e-06, 5.8343767445612465e-06, -7.335353022677584e-07, 7.060424488708147e-06, -4.548779896037806e-06, 5.665280089777882e-07, -4.120175377780931e-06, 2.4638262108840432e-06, -2.0862361358265904e-07, 2.0590547312004687e-06, -1.2419216733446809e-06, 7.876832469878146e-08, -6.018925985313592e-07, 3.078851335297164e-07, 3.198360921275985e-08]]
P1->P3
[[-0.001845059413190406, -0.0003720289619511835, 0.00040296576986173705, 0.0019960374672305867, 0.000685379174742775, -0.0007312807219010153, -0.0007919339991265669, -0.0005248214560112888, 0.0005512797445903836, 0.0007016277971342966, 0.00029477866157246845, -0.00034087373463283243, -0.0003575231853728421, -8.76825300535293e-05, 0.0001529190415058189, 8.71400862638524e-05, -3.8079057835875485e-06, -3.480157235713539e-05]]
P2->P3
[[-0.0014160298948364884, -0.0004748638517946805, 0.00021953057181861848, 0.0013526583719321408, 0.0008556425425982119, -0.0003920575506484937, -0.0003647962377028719, -0.0006428394850640473, 0.00029065264591467225, 0.00039992534032465835, 0.00041233364577698204, -0.0001887714878545594, -0.00021007959223778383, -0.00020050759441252004, 9.590189671698164e-05, 4.525876165669138e-05, 5.390351741099741e-05, -2.732668060473811e-05]]
==============================
B2_Energy_1
W1->P3
[[0.003813297245397705, -0.005438765100475533, 0.0018720444348322685, -0.007060135096205944, 0.010078708440979372, -0.003464315356727301, 0.005272818011840048, -0.007520678907496627, 0.0025885080418360383, -0.0033489394795692957, 0.0047811896715334295, -0.0016444989020742474, 0.001479129171947994, -0.002109903749614117, 0.0007260957547547342, -0.00054065504753903, 0.0007722134256336908, -0.000266188565312636]]
W1->P2
[[-0.0046074401432114895, 0.003515304936621686, -0.000851284458862295, 0.002882714963266791, -0.0019874142797307163, 0.0005905764559459573, 6.0823486517898285e-05, -0.00039222339804925266, 0.00013367415967665446, 0.0003794316669252421, -0.0003639111034531693, 4.99851271822261e-05, -0.00010348591591014725, 8.502614297379611e-05, -1.7633214830112686e-05, 6.76559918585512e-05, -6.188880268636983e-05, 1.3921321150721108e-05]]
W1->P1
[[2.9967137511928796e-06, -5.816488284468107e-06, 1.2244970067893627e-06, -4.70471982507569e-06, 9.97651282870173e-06, -1.6098589507343047e-06, 4.080659031793092e-06, -7.961909322692824e-06, 1.6543988726050726e-06, -2.1981232833638642e-06, 4.719407252558871e-06, -7.273561190583982e-07, 1.0958439769131456e-06, -2.1718899836627293e-06, 4.3375459382903584e-07, -3.1038579100770333e-07, 7.221353279882211e-07, -8.086838938449023e-08]]
P1->P2
[[-0.002696011476748427, 0.0018553865755033233, -0.00045841860863075044, 0.0032324361838467716, -0.003019809502644718, 0.0008305451743296666, -0.0010411044504254371, 0.001621387382079381, -0.0005142929798951861, 0.0005002035165971485, -0.000763696681427624, 0.00021171447914364671, -0.00031950751411382607, 0.0005156791158125473, -0.00013865768580396875, 0.00014714629258158243, -0.0002207804244955387, 7.658691753917746e-05]]
P1->P3
[[-2.5838631610940587e-05, -1.2337826742260711e-05, 1.2556088109524823e-05, 7.402664160249136e-05, 2.2488780135699238e-05, -2.286715498923764e-05, -4.048491949597798e-05, -1.5559538655228286e-05, 1.666769871334137e-05, 3.552072417686463e-05, 7.744933768450438e-06, -9.597956271688706e-06, -1.5269976865038844e-05, -2.1665131887269947e-06, 3.973966570043329e-06, 7.353032625057138e-06, -1.3425972048947753e-07, -8.159649759793305e-07]]
P2->P3
[[-0.0005519825901651433, 0.0004102880678744343, -0.000469189444272081, 0.000157498277957484, -0.0006259877691943289, 0.0008524587884489723, 0.0006259238502568713, 0.00020949631769536143, -0.000617179929362404, -0.0006585318798273163, 0.00012158899361764955, 0.0003169916444094498, 0.00041879520895694904, -0.000188454700099, -9.084126196941421e-05, -0.00011018321677467215, 8.575497128392093e-05, 3.7567791391456503e-06]]
==============================
B3_SymmetryFactor_1
W1->P3
[[1.154849580635991, -2.257695551178629, 0.7534670048838479, -2.975211702918086, 4.2269613414036105, -1.4109065826329052, 2.199228824503478, -3.124441754987528, 1.0427384485779772, -1.418818868983865, 2.0157674797789324, -0.6728953573109415, 0.6184690541701725, -0.8786571942777233, 0.2932420185269418, -0.23417515737094105, 0.33271043715044224, -0.11110342965735438]]
W1->P2
[[0.0, 0.0, 0.0, 0.0, 0.0, 0.0, 0.0, 0.0, 0.0, 0.0, 0.0, 0.0, 0.0, 0.0, 0.0, 0.0, 0.0, 0.0]]
W1->P1
[[0.0, 0.0, 0.0, 0.0, 0.0, 0.0, 0.0, 0.0, 0.0, 0.0, 0.0, 0.0, 0.0, 0.0, 0.0, 0.0, 0.0, 0.0]]
P1->P2
[[0.0006857687464144183, -0.0011191108446317296, 0.000379850507039369, -0.001234934173158381, 0.002025083335964617, -0.0006866850023919922, 0.0009466759265185209, -0.0015453381491971618, 0.0005244547241593519, -0.0005747414469120578, 0.0009453540854041994, -0.0003202485093207613, 0.00026417946666445455, -0.00043163636577291114, 0.00014642798568401385, -8.57221275009629e-05, 0.00014289340564888991, -4.819921364321661e-05]]
P1->P3
[[-0.4284310199606008, -0.008820754718209952, 0.0034890160881212327, -0.010705126268379416, 0.016140739442762647, -0.006376039156212647, 0.008006222346356952, -0.012066074193433213, 0.004759851186717167, -0.00465588649525591, 0.007075048020717614, -0.0027860646755922076, 0.0021228366861455092, -0.00322135197722704, 0.0012635653796158803, -0.00053539124622519, 0.0008425166236281952, -0.0003278364517877291]]
P2->P3
[[-0.43447361306584587, -0.0005294770572696801, 0.0002572955272163781, 0.00035620141041381567, 0.0009764411600555329, -0.00046921728934219253, -0.00034453586226283707, -0.0005963547092298479, 0.00029799510580015744, 0.0003217318296860878, 0.0002507856158885308, -0.00013628776050497423, -0.0002265969504476626, 1.896313871917147e-05, 8.64470374603512e-06, 0.00012997550517574886, -6.801659655833487e-05, 1.7132959000419886e-05]]
==============================
W1_SymmetryFactor_1
W1->P3
[[4.75517541440972, -7.590367478388821, 2.568476140995003, -8.386582050770363, 12.74502729836331, -4.469639614424959, 6.055011154383945, -10.359826507814391, 3.5171770404503317, -3.7571576906964954, 6.061733316508992, -2.0313440347219736, 1.743674684018726, -2.7926441270399143, 0.9640453723238697, -0.5106751215863718, 0.9358821160238954, -0.2577776140595601]]
W1->P2
[[-2.0400521545905277, 2.8003676511266717, -0.6836267504588852, 1.514873627198957, -2.1691443857667956, 0.6640327190841427, -0.20276899528681896, -0.10232469562295803, -0.010903384474947183, 0.38623209093286903, -0.3787748211728726, 0.06924058774878612, -0.16701740500081055, 0.15956366264898095, -0.052454635221027265, 0.07320730079826802, -0.07057904930656295, 0.02068750676862486]]
W1->P1
[[0.5484101289886026, -0.5231020504205908, 0.11104006556223343, -0.6622940324313236, 1.17231116225448, -0.22070448879415006, 0.3161659821486643, -0.9226919665212799, 0.19963048239422188, -0.23808070252793032, 0.4826744380552093, -0.10763506595716602, 0.13021704858376879, -0.3047719846980131, 0.06176579584676469, -0.06265632010126437, 0.12163561834671385, -0.03940080189369919]]
P1->P2
[[-0.9366076936336182, 1.7363172892457093, -0.4115230594306816, 1.6954415150908348, -2.961293533673229, 0.8118475287541342, -1.069187527552693, 1.712655692399451, -0.5523504322580158, 0.47868442746823986, -0.7856260491692004, 0.21485795896097698, -0.31540414253453825, 0.5278304688239882, -0.14136887351820443, 0.16204058689627435, -0.24891247661462346, 0.08934210219789673]]
P1->P3
[[0.7244276092870398, -2.0545515219048065, 0.7905591097155253, -1.2516305090156536, 3.8202284416246597, -1.449001262258792, 0.8456758394798853, -3.011797832037158, 1.124691160770673, -0.5026580880134357, 1.8897563006191698, -0.7362644868885676, 0.25565748455334203, -0.8243012432527005, 0.3634105214381058, -0.07678554461570737, 0.1818423764708838, -0.09875792014149906]]
P2->P3
[[-0.2643421172695689, 0.1008912096260213, -0.3221718588844589, 0.48786153363303336, -0.10472896112512077, 0.6118095347947614, -0.3168527148451544, -0.1474656197024346, -0.4628956160892473, 0.05485789079457647, 0.3723979662274504, 0.20859475031038768, 0.08638569550766821, -0.3389164594581694, -0.02126759513957113, -0.05701585951916488, 0.13265156212747903, -0.01946682563387082]]
==============================
W1_HinderRotor_1
W1->P3
[[0.0, 0.0, 0.0, 0.0, 0.0, 0.0, 0.0, 0.0, 0.0, 0.0, 0.0, 0.0, 0.0, 0.0, 0.0, 0.0, 0.0, 0.0]]
W1->P2
[[0.0, 0.0, 0.0, 0.0, 0.0, 0.0, 0.0, 0.0, 0.0, 0.0, 0.0, 0.0, 0.0, 0.0, 0.0, 0.0, 0.0, 0.0]]
W1->P1
[[0.0, 0.0, 0.0, 0.0, 0.0, 0.0, 0.0, 0.0, 0.0, 0.0, 0.0, 0.0, 0.0, 0.0, 0.0, 0.0, 0.0, 0.0]]
P1->P2
[[0.0, 0.0, 0.0, 0.0, 0.0, 0.0, 0.0, 0.0, 0.0, 0.0, 0.0, 0.0, 0.0, 0.0, 0.0, 0.0, 0.0, 0.0]]
P1->P3
[[0.0, 0.0, 0.0, 0.0, 0.0, 0.0, 0.0, 0.0, 0.0, 0.0, 0.0, 0.0, 0.0, 0.0, 0.0, 0.0, 0.0, 0.0]]
P2->P3
[[0.0, 0.0, 0.0, 0.0, 0.0, 0.0, 0.0, 0.0, 0.0, 0.0, 0.0, 0.0, 0.0, 0.0, 0.0, 0.0, 0.0, 0.0]]
