==============================
W2_Frequencies_1
W2->P1
[[-4.075577532415031, -11.126080371712312, 11.692582197265821, 8.130845742371081, 1.2850227452512122, -2.5458426518723876, -9.774051296671102]]
W2->P2
[[-3.12121887731164, -4.253139526035008, -4.086621753826226, -1.009382003331909, 0.1965606257760242, 0.8479511119987758, 3.0783744536706785]]
==============================
W2_Energy_1
W2->P1
[[0.0010215560137353372, -0.00018617696697217418, 9.876806470523851e-05, 0.00031641991606343054, 8.525699160275581e-05, -0.00019847397344431846, -0.00019849453967972123]]
W2->P2
[[0.0006166029416210547, -0.0008481517997025021, -0.0019189231149718282, 0.0003170078262088927, -0.0014458783013104055, 9.41404287279146e-05, -0.0007372511417334875]]
==============================
W1_Frequencies_1
W2->P1
[[-2.084543105202501, 1.0089074919387386, -1.7649796557823179, -0.9951680224877943, 0.7430355849709671, 0.003197751314373384, -0.28462236715896233]]
W2->P2
[[-0.4053298024979776, -0.281036213660312, -0.728053883873372, -0.14878061876660945, -0.5221855632646771, -0.014080234269617584, -0.21770115365280593]]
==============================
B1_Energy_1
W2->P1
[[0.051419324645155355, -0.03228602774101754, 0.06230136093732459, 0.028938611331363842, -0.013558148026987535, -0.004511572320958835, -0.016181844234581737]]
W2->P2
[[-0.00325618649017812, -0.0020444006475729, -0.006225076791697773, -0.0009314082203480261, -0.0043513832462790825, 4.086861538288191e-07, -0.0015594557238904907]]
==============================
B3_Frequencies_1
W2->P1
[[0.766146541482855, -0.27228791271141867, 0.2044358635998998, 0.06024580209439048, -0.01720910637891024, 0.10927084320624533, 0.24083649747597316]]
W2->P2
[[-0.030184734060253442, 0.006354994130654209, 0.4152008605776933, 0.031847661497713696, 0.3292626007879909, 0.05357998039927243, 0.20332434053348894]]
==============================
B2_Frequencies_1
W2->P1
[[-1.6149865921545468, -2.6700496257379807, -1.3271446013988901, 0.7747328524134225, 2.3418521844714717, 2.132596821585815, 3.760662086538138]]
W2->P2
[[-0.5808971245908177, -0.31291260439131763, -1.1035527790209712, -0.21201946409796205, -0.864313629594595, -0.02641670942071339, -0.41878128987372926]]
==============================
B1_SymmetryFactor_1
W2->P1
[[-0.233331217923406, 0.02897488506042988, -0.03154554836441849, 0.020469126088939936, 0.012545805534054303, -0.03301188144828329, -0.0570471031153297]]
W2->P2
[[-0.17362823184611859, 0.11852626091655798, -0.29024116279341156, 0.013421503635232585, -0.13550737659468168, -0.05605716418272994, -0.03148307618369578]]
==============================
P2_SymmetryFactor_1
W2->P1
[[0.0, 0.0, 0.0, 0.0, 0.0, 0.0, 0.0]]
W2->P2
[[0.0, 0.0, 0.0, 0.0, 0.0, 0.0, 0.0]]
==============================
W3_SymmetryFactor_1
W2->P1
[[-0.038437844103132814, -0.057760850962373184, -0.03185977369188826, 0.010057026238675479, 0.04031118012833918, 0.034890920811420124, 0.06888419247822324]]
W2->P2
[[-0.5690854381025621, 0.13464445232238406, -0.9883581270628989, -0.0571477966071681, -0.59097827384296, -0.14032356418722097, -0.22455232552212048]]
==============================
B2_ImaginaryFrequency_1
W2->P1
[[0.659266329431097, -0.75771504648908, -1.9717605331941828, -1.783258660983252, -0.5460947578793813, -0.7017396586057912, 4.2852388355940105]]
W2->P2
[[-0.6226590124575723, -0.25654841939631035, -1.0750212630236857, -0.17691485512425126, -0.8019645393821095, -0.05502426509242068, -0.36061410407104405]]
==============================
B3_SymmetryFactor_1
W2->P1
[[0.9008871506846584, -0.2040214569885002, 0.2897567958553733, 0.047096282762461895, -0.10035640727183849, 0.052406727484482774, 0.14114023150118502]]
W2->P2
[[2.0565849955527806, 0.5284207775315453, 4.725238760075835, 0.6416479183729862, 3.7344169125619007, 0.33171055975690833, 1.9806224053513057]]
==============================
W3_Energy_1
W2->P1
[[-5.456103726532341e-06, 2.707964798881602e-05, 1.5973993645391148e-05, -4.700946538400347e-06, -2.1212682894776632e-05, -1.8249018233230075e-05, -3.031316364357415e-05]]
W2->P2
[[0.006251788496238775, 0.001616674258054158, 0.011282990132888226, 0.0017885906501063037, 0.00904625336952522, 0.0007942383694291404, 0.004850211669350562]]
==============================
P1_Frequencies_1
W2->P1
[[0.0, 0.0, 0.0, 0.0, 0.0, 0.0, 0.0]]
W2->P2
[[0.0, 0.0, 0.0, 0.0, 0.0, 0.0, 0.0]]
==============================
B2_SymmetryFactor_1
W2->P1
[[0.34340582165502553, -0.21688145182974897, 0.11644041197651045, 0.005566567434476212, -0.0035247781285846834, 0.13575229348964646, 0.3072654901263049]]
W2->P2
[[-0.16657460976828936, -0.010924752342943145, -0.33436553643745004, -0.025664641639606814, -0.24728853209865118, -0.011204107141907838, -0.10015691821500443]]
==============================
P2_Frequencies_1
W2->P1
[[0.0, 0.0, 0.0, 0.0, 0.0, 0.0, 0.0]]
W2->P2
[[0.0, 0.0, 0.0, 0.0, 0.0, 0.0, 0.0]]
==============================
B1_Frequencies_1
W2->P1
[[0.00020722434455067536, 0.0001856638888646114, 0.00031422165969866624, 0.00024998209182574606, 0.00015155759733269405, 0.00015978843222205132, 1.2842830020648089e-05]]
W2->P2
[[-0.18731958183514305, -0.0693490147357327, -0.36389412818547484, -0.06844967745523155, -0.3036489187905013, -0.020939425925037683, -0.17262166462535028]]
==============================
W1_SymmetryFactor_1
W2->P1
[[0.2336656259377775, -0.030137857062653768, 0.02666920733502523, -0.02020019934788812, -0.01006949661551998, 0.03469431297796617, 0.060227714746920166]]
W2->P2
[[0.5854810813540078, 0.16399500647091908, 1.146144301002583, 0.16796363438947137, 0.9314386949448492, 0.0649184199463084, 0.4989657650345629]]
==============================
P2_Energy_1
W2->P1
[[0.0, 0.0, 0.0, 0.0, 0.0, 0.0, 0.0]]
W2->P2
[[0.0, 0.0, 0.0, 0.0, 0.0, 0.0, 0.0]]
==============================
B3_ImaginaryFrequency_1
W2->P1
[[-11.40089981845318, -2.2288140116145603, -7.590504830147356, 1.6790306936109014, 5.881201342381052, 1.7996488070059689, 2.001450215463929]]
W2->P2
[[3.2076158413616547, -0.17203373377981526, -1.4051357572239438, -0.5122796511860677, -0.4926033046065163, 0.15367387479163544, 0.0574993127178603]]
==============================
W3_Frequencies_1
W2->P1
[[-1.8677719165514035, -2.6748343892108273, -1.339161638125267, 0.8690337776804767, 2.4099493740108566, 2.0828820810359803, 3.617552350888284]]
W2->P2
[[-1.2838622738603112, -0.366804661377368, -0.9227528088086359, -0.1949021183659079, -0.7519273834893897, 0.004044740874871012, -0.38134441616994535]]
==============================
P1_SymmetryFactor_1
W2->P1
[[0.0, 0.0, 0.0, 0.0, 0.0, 0.0, 0.0]]
W2->P2
[[0.0, 0.0, 0.0, 0.0, 0.0, 0.0, 0.0]]
==============================
W1_Energy_1
W2->P1
[[-0.04621753781380905, 0.010381877936839543, -0.06879406134284574, 0.005342018080764369, -0.009588249481275995, 0.002243570323353633, 0.01182864044840903]]
W2->P2
[[-0.0003083234194496747, 0.0011502335551381371, -0.0010909277323840054, -7.572245879793895e-05, -0.002116802424830395, -0.00034277182358609886, -0.00231139759964309]]
==============================
B3_Energy_1
W2->P1
[[-0.028835642647052455, -0.02270860112289168, -0.02276864632373089, 0.011238254284786692, 0.02090161184099109, 0.01312442618020973, 0.006202541993412228]]
W2->P2
[[-0.0019397566102675465, -0.008228360944053725, 0.003279785537707776, -0.0016993673804581763, 0.009191917067273356, 0.0012000387563808118, 0.01086617586930207]]
==============================
B2_Energy_1
W2->P1
[[-0.0310350309327094, -0.005160872779205866, -0.02739163585858413, -7.89012601796535e-05, 0.005637211977869924, -0.00045154299227830123, 0.011086107361253964]]
W2->P2
[[-0.006107939187819075, -0.010250125784322129, -0.0056472382488849384, -0.002087946802899413, 0.004829531540312323, 0.002678698607821993, 0.010328709471317317]]
==============================
W2_SymmetryFactor_1
W2->P1
[[-1.9662226757833736, 0.5518237847304994, -0.8292741034673281, -0.02081680194716565, 0.3187351982171103, -0.252259311635171, -0.5734571914120473]]
W2->P2
[[-0.38090986162565477, -0.07287028629170669, -1.4874316080991454, -0.170082861402707, -1.1898448149255474, -0.13011762115353986, -0.6918486348343602]]
==============================
P1_Energy_1
W2->P1
[[0.0, 0.0, 0.0, 0.0, 0.0, 0.0, 0.0]]
W2->P2
[[0.0, 0.0, 0.0, 0.0, 0.0, 0.0, 0.0]]
