==============================
W1_Energy_1
W1->P3
[[0.0014816580757854461, -0.0015704131570558472, -0.00019070671862797217, 1.4642644601342504e-05, -6.801601412189087e-06, 1.4721475674834272e-05]]
W1->P2
[[0.0014415914473502327, -0.0014382712017864752, -0.00010498031179218913, 5.382824875443556e-05, -2.2560268524364783e-05, 8.22481615731078e-06]]
W1->P1
[[0.0015718232454066438, -0.00140757825851417, -0.00012058434572421875, 3.4549787560362354e-05, -2.8518005939356324e-05, 7.501276218372173e-06]]
P1->P2
[[9.81141487374732e-05, -0.00014379937388042432, 6.345996589963114e-05, -3.2182572099561915e-05, 2.058849815417082e-05, -5.829830152456314e-06]]
P1->P3
[[-0.0005564554395145097, 0.001059543525000499, -0.000867312882414079, 0.0005467212217720213, -0.00022850192634457986, 4.837896224492958e-05]]
P2->P3
[[-3.669862438015155e-05, 8.409389121185595e-05, -9.402977386992203e-05, 7.656376253414019e-05, -3.866972104674998e-05, 9.941014627179271e-06]]
