==============================
W1_Energy_1
R->P2
T_min:200 K    T_max:3000 K    P_min:0.0001 atm    P_max:100 atm
[[57.00725962648715, -142.24359885836148, 102.72658232513875, -72.73780084042406, 37.453024800189695, -14.953246911969877, 4.489704770435477, -133.4964457300555, 276.06123222415465, -199.36936140582358, 141.16695806493712, -72.68805083973531, 29.020762587567816, -8.713566785563533, 122.65038452396644, -252.1791910206924, 182.11957845610735, -128.9545362805432, 66.39914629166856, -26.51017128490832, 7.959702527399886, -104.98653203474157, 216.5714034685905, -156.40115068090347, 110.74601586342499, -57.022771968089096, 22.766920683945067, -6.835758425407882, 84.74705004059234, -174.52953401824217, 126.03453959610066, -89.24728611745097, 45.95165931020257, -18.34725569692357, 5.5086174575776425, -63.821324598745505, 131.5574485235344, -94.99881837471, 67.27298276493913, -34.63653655511416, 13.829838225809553, -4.15224156169819, 44.83371406027845, -92.37791462920688, 66.7021792641693, -47.23803219492203, 24.31989495505134, -9.711089771352784, 2.9155112122399345, -29.135216290885566, 60.05199148073197, -43.35801011267853, 30.707858336506405, -15.808770821779433, 6.312855818528806, -1.895223888339725, 17.399588353277757, -35.86092469744928, 25.888874581164224, -18.337530633502027, 9.439520280827512, -3.7697833955012925, 1.1316651645190063, -9.428605248761983, 19.435966167942524, -14.029784445632608, 9.938546619268507, -5.115615343918037, 2.0431394724222685, -0.6133066782957144, 4.565608155826396, -9.412723080687826, 6.793194702206179, -4.813122196305372, 2.477032818459456, -0.9894624604415299, 0.29697027267650355, -1.9225908205593782, 3.964198321325668, -2.860497742236845, 2.0270403654070037, -1.04307030572933, 0.4167089374156916, -0.12505706357261914, 0.6776440822341954, -1.3978861815114385, 1.0082711476763677, -0.7147716482961286, 0.36767563423198624, -0.14693656715998316, 0.04408010414920227, -0.18249760504848211, 0.37645455838071484, -0.2714637136803404, 0.19248625223673343, -0.09899605774156228, 0.03956900607248315, -0.011868725666580815, 0.03209641332858837, -0.06638821371944914, 0.04779144122870527, -0.033941774467137975, 0.017430850105554896, -0.006977072064159984, 0.002089503524899783]]
R->P3
T_min:200 K    T_max:3000 K    P_min:0.0001 atm    P_max:100 atm
[[13.307698728486155, -52.28135171186528, 37.98470726645276, -26.79684919763342, 14.035472011160925, -5.554208262800586, 1.7548886568003095, -47.22774680684577, 101.45918618041587, -73.71513738814227, 52.003043799959045, -27.238175238495533, 10.778761880321058, -3.405738139498334, 43.561023113937324, -92.66489295280977, 67.32385985472277, -47.495514063582455, 24.877039959613203, -9.844543494887134, 3.110687332978107, -37.1653674256433, 79.55323511799244, -57.79547855554033, 40.775139331380146, -21.35694753173385, 8.451699343389613, -2.6708103448444467, 30.04562342546623, -64.08018499864598, 46.55077928122797, -32.84438930537433, 17.20258133596246, -6.807958853219205, 2.1515856945467036, -22.579048693181317, 48.271809772168915, -35.06400105272506, 24.74180996264132, -12.958584061739693, 5.128588942285205, -1.6210958530015347, 15.86433565437066, -33.869592407652526, 24.59933866063253, -17.359924506652305, 9.09192224790869, -3.5985454716172693, 1.1376534227872668, -10.290827637884039, 21.996001608351524, -15.973523467924416, 11.274117124506226, -5.904448133211638, 2.3371103420651425, -0.7390393877024666, 6.141442985272006, -13.120342023244199, 9.5261830912946, -6.724876114684051, 3.521698822679581, -1.3941237898155698, 0.44095471304648015, -3.3215443305004086, 7.100980747747812, -5.154760213475457, 3.63965022566488, -1.9059477062532224, 0.7545792435157139, -0.2387536004726023, 1.6060534588314397, -3.433618002071384, 2.4918074084205326, -1.7599250815719394, 0.9215007163610309, -0.36489739880810923, 0.11549103912961556, -0.6747580188147495, 1.4432123648620987, -1.047061768864154, 0.7397377528148201, -0.3873092527276256, 0.15339160321204126, -0.048573718713658565, 0.2372637616994382, -0.5079424538599469, 0.36833071550434227, -0.26035220895689726, 0.13627936221757508, -0.05399181139817699, 0.017101631129794015, -0.06372205874378167, 0.1363904532919129, -0.09886408163467664, 0.06991068804965295, -0.03659279785576697, 0.01450089057791537, -0.004596735322937917, 0.011189812043127745, -0.024105890565650157, 0.017451912303618755, -0.012354650419975854, 0.006459282607501393, -0.00256218248908624, 0.0008109183232072326]]
R->P1
T_min:200 K    T_max:3000 K    P_min:0.0001 atm    P_max:100 atm
[[146.42555098743313, -317.7156742293989, 234.08196139238424, -162.72990249118845, 86.2072682160911, -33.58455760557597, 10.727107412178398, -303.6233442867511, 616.6028803303531, -454.2955910632859, 315.8161897037117, -167.3071785290971, 65.17887223327739, -20.818725214009394, 277.4866320091797, -563.2836373060267, 415.00640178658034, -288.5062900344831, 152.83743246821805, -59.5424589895262, 19.017932476192573, -238.26735742394257, 483.7799335119173, -356.43282890698526, 247.7853016475222, -131.2658564738104, 51.138315664889646, -16.33356651135694, 192.05080605406565, -389.91384939465405, 287.27067558561225, -199.70780242781152, 105.7945127199139, -41.21583577161414, 13.163779222251776, -144.78079572945327, 293.9481605887197, -216.5677789461201, 150.55528287814488, -79.75608578119312, 31.0716011524122, -9.923648566303584, 101.67948501236432, -206.44634534053668, 152.09679006275962, -105.73781179429771, 56.01268866347924, -21.822030743963957, 6.969067848032154, -66.11292631856378, 134.2296456906535, -98.89165057850238, 68.74951075771435, -36.41858857074811, 14.188355977097238, -4.531009416130644, 39.48794513482707, -80.17903081470956, 59.068526219596954, -41.06564298857887, 21.752742566519235, -8.474947327170355, 2.7061723072217347, -21.40770770657241, 43.46580931950126, -32.02126096640828, 22.261912726830133, -11.79213841867329, 4.594279842035235, -1.466931435190105, 10.369642233442391, -21.057567577097984, 15.512101636143711, -10.784931376026869, 5.712361946393237, -2.225698399714318, 0.7105295788450263, -4.368526848982981, 8.87052501052473, -6.534354074296374, 4.5431129824258605, -2.406267985080376, 0.9375575641128648, -0.29927984725536305, 1.5404350161876437, -3.1292260066543633, 2.3047569126304097, -1.6026183569778993, 0.8486898218448005, -0.3307229811411787, 0.10553097034360803, -0.41492992003156814, 0.8427036585828915, -0.6206559625443901, 0.4315788584154916, -0.22854698740433577, 0.08906140645471794, -0.02841653829146651, 0.0730304460323623, -0.1486664266333264, 0.10941985847909308, -0.07613029544381789, 0.040287426730316156, -0.015709481460305597, 0.005005049243749227]]
P1->P2
T_min:200 K    T_max:3000 K    P_min:0.0001 atm    P_max:100 atm
[[575.6497113094856, -1226.6210385521613, 894.3529416652611, -628.3415306775887, 327.18178643426404, -129.60236613126983, 39.77607268911785, -1157.0002735846772, 2380.533645856142, -1735.709090965, 1219.4382021204094, -634.9759701744653, 251.52262854113584, -77.19539516706247, 1070.1704743829014, -2174.58291309577, 1585.5199001500678, -1113.9367774986656, 580.0310476598502, -229.7609813447404, 70.51483499093035, -919.1216351924069, 1867.5408638874699, -1361.6548186946595, 956.6520098309727, -498.13394465361876, 197.31874643143283, -60.55823769172602, 740.7029484465395, -1505.0300895118885, 1097.316762942701, -770.9518872569471, 401.4297506018436, -159.01515322285343, 48.80088164902804, -558.3307042462387, 1134.472345650017, -827.1392175113111, 581.1314213560127, -302.59033693775723, 119.8622710224326, -36.784686831226054, 392.04989684547513, -796.6211426960517, 580.7935663580236, -408.0649864019266, 212.46903901378306, -84.1651543318818, 25.828136667092622, -254.85771729844987, 517.8519448640774, -377.5455276541611, 265.26515701489814, -138.1151453400148, 54.71140693177912, -16.7891119912602, 152.18208603507753, -309.23667565324456, 225.44052733422564, -158.40207629890097, 82.47071036994267, -32.67009467834305, 10.024494148374174, -82.47441975889683, 167.58828137042326, -122.17228913694345, 85.84375611716519, -44.692800249168386, 17.704742391469154, -5.432284050204601, 39.9323962671142, -81.15031638940695, 59.15343731487684, -41.56686308548686, 21.639008255248854, -8.572643221212218, 2.629907509127179, -16.813668335279544, 34.16868803799332, -24.905647711292318, 17.50158016263964, -9.110684228468017, 3.609362861952434, -1.1071998267656795, 5.923982188744958, -12.04165781759778, 8.775455557901068, -6.1676379442538405, 3.2100132293288652, -1.2718823157419479, 0.39002394878343694, -1.5942231722582392, 3.2406340344249998, -2.361482119794971, 1.6597712654535144, -0.8638058396044812, 0.3422558728752847, -0.1049440182441117, 0.27989435963763754, -0.5697000331712161, 0.4148013488803315, -0.29174469946588033, 0.15170963517743985, -0.060148756090029565, 0.01841618244975507]]
P1->P3
T_min:200 K    T_max:3000 K    P_min:0.0001 atm    P_max:100 atm
[[-154.54543322493137, 292.3930490149123, -223.0143420759756, 134.01552657074163, -74.96087292727972, 27.461437571066895, -4.229162659453458, 276.4289142620647, -566.8496576988375, 432.3493110391468, -259.8146335338529, 145.32616209021785, -53.239215001327956, 8.198190648290645, -250.5921882826056, 516.0555118438605, -393.619292712436, 236.54734422743672, -132.3140326022735, 48.47198231345898, -7.461854229210228, 214.52399655355907, -440.6820998177585, 336.156645814882, -202.02123948042856, 113.00662814016886, -41.39880438213956, 6.369826793763281, -171.23415874461588, 352.20174642071936, -268.698971339379, 161.48814982194793, -90.33902226375807, 33.09530394017233, -5.0886713716275835, 127.7339661082341, -262.5726892699581, 200.3543922550257, -120.42169192094826, 67.37131486648346, -24.682063869916533, 3.7917363262807413, -88.36959882216202, 181.73703067202223, -138.70293420789443, 83.37443502632286, -46.65005111417072, 17.0914181333057, -2.6227680328778433, 56.42756523823016, -116.02420522632598, 88.57317754683311, -53.24800588856874, 29.797957823656105, -10.9179205851555, 1.6731287522102534, -32.92628369709874, 67.71366861856072, -51.70805863418453, 31.090824753862933, -17.40185039754441, 6.376633530159324, -0.9756080830066054, 17.350636337959628, -35.674365611825465, 27.25067154698503, -16.389029234384964, 9.175171371045906, -3.362607929295166, 0.5135391648377237, -8.103103596003052, 16.65792399725231, -12.728558281061822, 7.657669788845254, -4.288220717116687, 1.5719529810688897, -0.23961132454370215, 3.2633125529222298, -6.70317276738669, 5.1231549118998885, -3.0836478862573884, 1.7273523362794094, -0.6334438317703928, 0.09639247053088695, -1.0809665857586879, 2.217560923898226, -1.694817330511114, 1.0208598610856257, -0.5720469921909341, 0.2099116201571718, -0.03191685328762617, 0.26896394306706384, -0.5500801682206173, 0.420172669319399, -0.25338069889747317, 0.14203105425436746, -0.05217813466806831, 0.007944516924311529, -0.03906316949922939, 0.07958325705578773, -0.0607186339780057, 0.03666272438496776, -0.020565974404433973, 0.007569191902888406, -0.0011554285178192458]]
P2->P3
T_min:200 K    T_max:3000 K    P_min:0.0001 atm    P_max:100 atm
[[161.23535250822488, -348.71310428654965, 255.33616562387866, -178.61766656640413, 93.66448832653904, -36.86088405040867, 11.486198626206608, -330.78398285598246, 676.7666401796009, -495.54882033102547, 346.65319389277016, -181.78134558504283, 71.53798201002868, -22.292150945406625, 302.38565926659993, -618.2364124613439, 452.6856761903482, -316.6723932633099, 166.05784934019914, -65.35076898443307, 20.36382647081854, -259.5492948253959, 530.9656599991096, -388.78241417195846, 271.9702790912242, -142.61647946445208, 56.125597627621076, -17.489177813490937, 209.27460003428993, -427.92662936829566, 313.32718464611435, -219.19109002886782, 114.93733678691406, -45.23351039028918, 14.094710006507881, -157.71568724017305, 322.5920526075856, -236.1978783489857, 165.23647536417656, -86.64426094637975, 34.098976619369154, -10.62510599092873, 110.78302240324535, -226.5488200980853, 165.86915710834137, -116.04106501514946, 60.84565710817678, -23.946595715909133, 7.461323835501162, -72.0176723637847, 147.29105846088288, -107.83706051601166, 75.44389190110178, -39.557914910384, 15.568729174212379, -4.850843063310435, 43.01718755730518, -87.97277769655787, 64.40357946053618, -45.060116277256014, 23.625217376425226, -9.29857973627955, 2.897001080754748, -23.317569834460016, 47.6871517481016, -34.90942730198108, 24.425419461374844, -12.80593937664986, 5.040370801535346, -1.5702983482460127, 11.294486182987157, -23.099732851491126, 16.908124587122046, -11.83154777262142, 6.2024778321915335, -2.4414931645317353, 0.760532312081331, -4.757525481413438, 9.73011084675963, -7.121538245927809, 4.983648425007814, -2.6124622402882665, 1.028388718654739, -0.32033500838105056, 1.6774884794351124, -3.4320084117291714, 2.5112430265488683, -1.7577865501109784, 0.921227250049867, -0.36271634972415256, 0.11294864004443639, -0.4517862031426034, 0.9243050474318579, -0.6762558474568721, 0.4733975272404223, -0.248086856157812, 0.09768441836352793, -0.030418357285839193, 0.07953687949549249, -0.16312885934678434, 0.119219852474302, -0.08354041819197278, 0.04373639990467382, -0.01723759310823425, 0.005360459116189986]]
P1->W2
T_min:200 K    T_max:3000 K    P_min:0.0001 atm    P_max:100 atm
[[-48046.65356803355, 88507.43064920598, -70050.30276560591, 45919.93907596065, -24749.583605979227, 9774.367350883007, -2749.209580795039, 93051.72182055583, -171456.45783335934, 135703.90113385656, -88956.64838179527, 47943.99553194331, -18934.02571962695, 5325.147976668321, -84530.68244204506, 155750.72092083513, -123269.12738045068, 80801.97147331797, -43545.853393652345, 17195.70728381697, -4835.251264502123, 71912.54426900783, -132500.9409748212, 104863.2350478843, -68731.95572019891, 37036.78355872621, -14623.439728981753, 4110.588207814313, -57157.209166804365, 105311.24658937607, -83339.48243625072, 54618.80400548078, -29427.139168822985, 11616.868412594908, -3264.0063467839354, 42289.48692475134, -77916.04905023391, 61654.7379953604, -40401.95968217627, 21763.231864081186, -8589.647136576252, 2412.168944126759, -28978.450686217053, 53389.49374430741, -42242.58647953719, 27677.085183445073, -14905.378740612723, 5881.639722442311, -1650.7459585981123, 18261.382408950194, -33643.32164502314, 26615.80920530291, -17435.46576933039, 9387.460051824732, -3703.460592090076, 1038.8162627659804, -10480.236311568262, 19307.108257887558, -15271.943164335695, 10002.365453402243, -5383.991863105923, 2123.6387755255128, -595.3770637159942, 5402.847928168048, -9952.798069003467, 7871.297618446568, -5154.181891830674, 2773.6411418132484, -1093.8846060143842, 306.57738290465204, -2452.607204602333, 4517.7521781066025, -3572.171269694649, 2338.516525949759, -1258.1497597527778, 496.19371308275004, -139.06686028221156, 950.6726188237953, -1750.9905080199132, 1384.1349964813126, -905.8711648618446, 487.2896356856363, -192.21916756982682, 53.906663628418755, -298.7816597202618, 550.2466135812756, -434.80910507206863, 284.47337563502515, -153.02038057305617, 60.39758781930868, -16.96941334191797, 68.95446385236573, -126.9583114019988, 100.26990834106437, -65.57317850919935, 35.28160870214015, -13.944781058435183, 3.933823737563216, -8.932143553436617, 16.44547283175052, -12.979943478736459, 8.48286857290077, -4.567681268294109, 1.810880970020662, -0.5167649247960071]]
