==============================
W1_Energy_1
R->P2
T_min:200 K    T_max:3000 K    P_min:0.0001 atm    P_max:100 atm
[[46.17571790700382, -124.82291576595324, 87.74886435139467, -63.90347352754573, 33.23427271637649, -13.30457566380934, 4.430701989024486, -112.47203169517783, 242.24819000386245, -170.29806320202974, 124.01967970584023, -64.49929762438751, 25.820636831225467, -8.598915087466564, 103.43908054219004, -221.28215865663208, 155.55436959779925, -113.28568455566042, 58.915512664164545, -23.585720628972695, 7.854563826166167, -88.48125092935453, 190.02734343662058, -133.57760844768688, 97.28426782951286, -50.592369297666636, 20.254118122573225, -6.745053926855456, 71.43782881453915, -153.12624355506463, 107.62971027371196, -78.39213648447111, 40.76514887033301, -16.32065229495292, 5.434988676967631, -53.781211865443005, 115.41222680634552, -81.11421181942754, 59.08407084729032, -30.72282621113093, 12.300663442864483, -4.096237083859791, 37.77619521054848, -81.02980505137128, 56.94160860817716, -41.48174362002883, 21.567662504031873, -8.635848213557082, 2.8756877058706323, -24.541409150364146, 52.66597735367615, -37.00432169999492, 26.96094518585788, -14.016420648898304, 5.612692776930302, -1.8689454803172545, 14.651618575950799, -31.44329955612658, 22.08778285633447, -16.09616869451996, 8.366624359758774, -3.35074729565742, 1.115653059822506, -7.936217667707027, 17.037107720767956, -11.965223014802945, 8.72124407995512, -4.532469179356, 1.815422301649562, -0.6044223146389527, 3.84082142672915, -8.248008500853118, 5.790367811789395, -4.221952660579738, 2.193505792891976, -0.8787850002768067, 0.29252531360512535, -1.61633121045206, 3.472143802357479, -2.436670327210688, 1.7772237697495825, -0.9231048363032457, 0.3698934612956606, -0.12311364726059537, 0.5691711483183184, -1.2237363447576683, 0.8581189773892142, -0.6263170507569527, 0.3251044541703436, -0.1303361273673289, 0.043357615213516, -0.15307633913344887, 0.329224032410643, -0.23072113060262822, 0.16848592452442546, -0.08741769036384994, 0.03505694182821628, -0.011659751296932086, 0.026951527918228635, -0.058183772193597605, 0.04066891345959789, -0.029766636841017657, 0.01540593791543543, -0.0061896788325839225, 0.002052407477023621]]
R->P3
T_min:200 K    T_max:3000 K    P_min:0.0001 atm    P_max:100 atm
[[9.162289989763396, -45.30620824307063, 32.080676416182115, -23.259638460107183, 12.443351729353868, -4.88689042232731, 1.7728656635803146, -39.55616964568687, 87.94197547046132, -62.27223764224048, 45.14816286704087, -24.15333639353555, 9.485588372184708, -3.4410322092480454, 36.57577353108947, -80.37230944397443, 56.913098399346204, -41.26142598866067, 22.073008445561225, -8.668606738334924, 3.144033836280097, -31.21333520331807, 69.07882569252457, -48.918276316535966, 35.4628019048567, -18.969905144619133, 7.449836364228327, -2.701158676952319, 25.300822979600234, -55.73398969056465, 39.46969301852448, -28.61102381504631, 15.30302738034166, -6.0098067656447505, 2.177985784531527, -19.05332715588589, 42.07587310093433, -29.799749056158145, 21.598696241772632, -11.551010837818822, 4.536218490899687, -1.6429579757046895, 13.4359508092001, -29.604090471827867, 20.968233818279135, -15.195699409476322, 8.125156135618496, -3.1908563611325746, 1.1547386065923035, -8.748828084081477, 19.291883551896067, -13.665917161570771, 9.90177315467892, -5.293448542759746, 2.078746573556355, -0.7515461769079854, 5.2487074287239714, -11.556173909267184, 8.186965386726694, -5.930786742741873, 3.1696307244173525, -1.244730963895834, 0.4494406297384117, -2.8554286854278548, 6.2864060015211205, -4.454393929343166, 3.225918129577554, -1.7235220324662808, 0.6768089930474908, -0.24401678856924747, 1.3913201635639005, -3.0589496264677987, 2.1677738164221694, -1.5694942666941358, 0.8381319259447118, -0.3291367358865207, 0.11842939272598052, -0.5896813864346626, 1.2954331120981522, -0.9182589603811593, 0.6645508904383419, -0.3547100947637425, 0.13928730063980055, -0.05000533193425838, 0.20977602726774336, -0.46032353426660677, 0.32632142313664403, -0.2360839996013624, 0.12589841193857154, -0.04944492783543453, 0.01769137268439458, -0.05706851180273276, 0.12497146356584388, -0.0886204998355149, 0.06407524449758029, -0.03414384161449746, 0.013408026201020107, -0.0047809090436530255, 0.010209727745660757, -0.022421856064427814, 0.01588767017263848, -0.01148914510572041, 0.006105961428783502, -0.0024003072486102894, 0.0008490875736626435]]
R->P1
T_min:200 K    T_max:3000 K    P_min:0.0001 atm    P_max:100 atm
[[126.40054597519078, -283.6876641518363, 205.9086394220858, -145.2649667527764, 78.16101114626329, -30.16093521218425, 10.574886331621407, -264.72955889882735, 550.5653338047148, -399.62022851940816, 281.92232176053085, -151.69217476831776, 58.53474176488631, -20.52341372195366, 241.96109002803826, -502.94646517395216, 365.0491648582925, -257.5381156672155, 138.5694209372714, -53.47184330639078, 18.747859772662736, -207.744497077354, 431.95304360574266, -313.5206670423946, 221.18504722293054, -119.00983185435803, 45.92397604476987, -16.101521691817176, 167.44637885167165, -348.1295842074953, 252.6715691270894, -178.26190674318462, 95.91219374411372, -37.011901753480956, 12.976399624055912, -126.22387790177453, 262.4401363474059, -190.47620136380138, 134.38368784743557, -72.30352030304, 27.901610459841038, -9.782243398572291, 88.64130628400471, -184.30703219716878, 133.76143347378832, -94.3747046622261, 50.77511964704445, -19.594636042724886, 6.8694816535776795, -57.63114740026754, 119.83000308947398, -86.9647894015377, 61.35881374351575, -33.011532040572604, 12.739673718409904, -4.466177011116912, 34.418210458465225, -71.57197585611827, 51.9382663344378, -36.648002262680635, 19.71568050225042, -7.609048815302504, 2.6673014156943964, -18.65787735206205, 38.79850994424359, -28.153994921399146, 19.866373781050484, -10.687299838045767, 4.124758869192647, -1.4458512686537688, 9.036153716846798, -18.794365062198565, 13.636262931903332, -9.62330956252218, 5.176386313687857, -1.9980361840421175, 0.7002678183159219, -3.806703843506341, 7.917419277427342, -5.7440764037704, 4.053912589251183, -2.1805067064398855, 0.8416931081782195, -0.29497574914950064, 1.341991257639819, -2.792646821951223, 2.0254949596362195, -1.429859773807209, 0.7689073098356971, -0.2968752210787784, 0.1040063765581607, -0.3615715257995049, 0.7522923926382035, -0.5455799591223993, 0.3851712513606458, -0.20711478917978354, 0.07997159575779733, -0.028014414143882505, 0.06363668101505482, -0.1327720483204473, 0.0961837839294617, -0.06797135090087636, 0.03651478581979006, -0.014113305650937491, 0.0049367828296738026]]
P1->P2
T_min:200 K    T_max:3000 K    P_min:0.0001 atm    P_max:100 atm
[[490.952737431895, -1093.6306901345456, 775.2544124432967, -559.8119057358128, 292.1394067054602, -116.06556098856788, 38.5758106704217, -991.6697929752977, 2122.456543934239, -1504.5888672915464, 1086.4518387887429, -566.9749804695314, 225.2538503398261, -74.86693908378192, 919.2943836274677, -1938.8379465764494, 1374.3898699289089, -992.4582894712299, 517.9128200822365, -205.76595600124264, 68.38821772941318, -789.5495292443039, 1665.11966905314, -1180.3589450077122, 852.3455908974863, -444.79700209034445, 176.71665423824166, -58.73372508158714, 636.2867966485157, -1341.9208551199124, 951.2157424129557, -686.9030834811131, 358.4497999357596, -142.41533335618715, 47.33169191074877, -479.63517377378747, 1011.5615550253721, -717.0320714253361, 517.7970228967692, -270.2029105576377, 107.3547683006285, -35.67916575175673, 336.79404106858624, -710.3339348021752, 503.48190021331766, -363.60263110078824, 189.73087235679452, -75.38557944239494, 25.05300652228641, -218.9470054585643, 461.7883014429258, -327.3034964445018, 236.37683497368744, -123.34128017058725, 49.00796684705608, -16.286637118790395, 130.73957543957505, -275.77012727043837, 195.44100395566454, -141.15773960777705, 73.65086995613183, -29.26615948018192, 9.72515103588421, -70.85843662079756, 149.4659324441846, -105.92194226480683, 76.50599391600235, -39.916673960987865, 15.86196589920553, -5.270778094581601, 34.3076599240635, -72.37914000436206, 51.284794706964135, -37.04748745614893, 19.327000170916563, -7.681021526416686, 2.551974821734234, -14.446960466002338, 30.480615003068465, -21.595160831871425, 15.60133394531556, -8.138481207312452, 3.234613659444449, -1.0746324394383464, 5.089503020737766, -10.742413130750606, 7.608232296134332, -5.498227459489954, 2.8673833630177796, -1.1399347300580303, 0.3786010448822026, -1.3699294768284744, 2.891870221465922, -2.047819300685404, 1.4800834613318443, -0.771819131671009, 0.3068620617487454, -0.10191223741571775, 0.24027652378458697, -0.5082727637035873, 0.35939407482226216, -0.26009624066398374, 0.13547599273613287, -0.053923646374300915, 0.017885673374621547]]
W2->P1
T_min:200 K    T_max:3000 K    P_min:0.0001 atm    P_max:100 atm
[[-3078.4016906298807, 4847.503803432812, -4720.0345919233005, 2639.2717647383906, -2174.7179204614836, 599.0058084527326, -528.1220126457998, 5993.334658385731, -9455.025037656997, 9197.316137651515, -5148.5039314887945, 4231.306366342721, -1168.0577495670266, 1024.8690767662742, -5524.0643909061855, 8776.559689367004, -8499.450275967029, 4772.667961964809, -3893.1765547912482, 1081.6864521334862, -935.7637836444396, 4838.211306799774, -7726.730388045711, 7432.138294594715, -4193.3964814167475, 3380.8836255430565, -949.0018186828124, 802.782581731323, -3996.856814438332, 6422.929256688378, -6124.950582975983, 3477.059524334056, -2761.7279850177556, 785.5737622479405, -645.4047596070636, 3095.337729054412, -5010.189907796755, 4731.131600241244, -2704.628432127771, 2111.7845765361017, -610.111143075319, 484.3889982750443, -2231.2279296684956, 3638.543842411938, -3400.567331478985, 1958.4164935360277, -1501.703557109874, 441.30349516311253, -337.55282121687105, 1482.917607007804, -2436.2872306926847, 2253.550430455681, -1307.5082097601899, 984.6202805758198, -294.55337191777744, 216.81456187319554, -897.8808067202208, 1485.4678122457433, -1360.5453380324534, 795.0232183641443, -588.5259400556788, 179.27696351360814, -127.08394878565377, 487.2297812736508, -811.1250971235381, 736.2130344823713, -432.99960091717094, 315.6877715035459, -97.90875713224068, 67.02735717494943, -231.67921873265004, 387.7219164283222, -349.1246851966871, 206.48962385984896, -148.68547895651636, 46.9388456827038, -31.182951124728334, 93.14345283356124, -156.4412621660308, 139.97290493696505, -83.13046411039568, 59.38643837202517, -19.07483090144433, 12.403696034333734, -29.760899086727477, 50.03951236895682, -44.604649309118486, 26.530279214723123, -18.955095868373064, 6.190963728243787, -4.004387119286321, 6.741392075659178, -11.287087723577088, 10.065433678941304, -5.968316603044968, 4.3293091856821775, -1.4393433523237036, 0.9510816535594131, -0.7241532217394706, 1.1832907482980772, -1.084369699193303, 0.6257347024616138, -0.49302206803042736, 0.16543139270652318, -0.12596832213694142]]
P2->P3
T_min:200 K    T_max:3000 K    P_min:0.0001 atm    P_max:100 atm
[[146.71966693291384, -328.43716744531446, 235.86723450547908, -168.17686535211436, 89.33583312815287, -34.928373062240986, 11.985326158873995, -302.9648250078368, 637.4316795709798, -457.77711638519816, 326.39822427114245, -173.38498149996093, 67.78914259649422, -23.261319146600556, 276.9752271673981, -582.340271257899, 418.2067334752929, -298.1880424163954, 158.39683661821832, -61.93009168271131, 21.250109320756074, -237.76701268374467, 500.20025112924867, -359.21890019380135, 256.12781671224536, -136.05406013415197, 53.194609290911956, -18.252192662174338, 191.75166954792715, -403.2006127054013, 289.5512812352032, -206.45835171181076, 109.66630925319217, -42.87869349343222, 14.711530613966367, -144.54569775572756, 304.02605809231585, -218.3299548298803, 155.67567372078312, -82.69038335286402, 32.33168668839764, -11.092191197027319, 101.5668414096404, -213.5741244003706, 153.36769699848088, -109.35935263715548, 58.08548894814399, -22.71227208164916, 7.791078210598641, -66.0541482832079, 138.91032185196383, -99.75030742053592, 71.12781193014473, -37.777938033428526, 14.772074979002468, -5.066773233360095, 39.47579275715137, -83.00640711583364, 59.602249203695294, -42.502274472436284, 22.572215351065466, -8.826926873536626, 3.0270222975813112, -21.41233627710328, 45.02314055990227, -32.32779090211747, 23.05326280974623, -12.242569058143879, 4.787684802485359, -1.641558771814232, 10.380035416393184, -21.825514376094432, 15.669330316373163, -11.175150350000862, 5.933727399004113, -2.32080612666779, 0.7954767087361461, -4.37714835026793, 9.202768249758776, -6.60673252149833, 4.711951106684296, -2.5017288670267845, 0.9785418498286447, -0.3353111144426748, 1.5454546571205015, -3.250146979378428, 2.3325934973703255, -1.6640586206088983, 0.8832027753556417, -0.3455678081557778, 0.1183352966489224, -0.4169972238801165, 0.8768382238018972, -0.629267665495334, 0.44892514520311977, -0.2382422381529068, 0.09322389472634995, -0.03190965528710876, 0.07365779578242382, -0.15527500795347748, 0.11127595977347937, -0.07948547260519945, 0.04212271146590041, -0.016504394466664962, 0.005636126282070109]]
